4 0.26875 0.03828125 0.12265625 0.0203125
3 0.5390625 0.06640625 0.11015625 0.0203125
0 0.6078125 0.24609375 0.22578125 0.03203125
1 0.63359375 0.22265625 0.275 0.0171875
2 0.62265625 0.2828125 0.11875 0.021875
13 0.23125 0.2234375 0.2984375 0.02109375
12 0.1796875 0.24765625 0.19765625 0.03203125
11 0.2609375 0.3 0.25390625 0.015625
14 0.19921875 0.284375 0.115625 0.01484375
6 0.25078125 0.415625 0.22890625 0.0390625
9 0.4109375 0.40234375 0.0125 0.0171875
7 0.59765625 0.403125 0.04453125 0.015625
8 0.70234375 0.403125 0.0375 0.021875
10 0.78984375 0.4046875 0.03671875 0.01875
5 0.88984375 0.403125 0.03828125 0.0171875
16 0.6140625 0.55390625 0.059375 0.0109375
17 0.72421875 0.55390625 0.05390625 0.015625
15 0.88125 0.553125 0.0609375 0.015625