4 0.27265625 0.03671875 0.1296875 0.0140625
3 0.540625 0.06484375 0.13125 0.02421875
12 0.18671875 0.24609375 0.21171875 0.03671875
13 0.16171875 0.22109375 0.1640625 0.0171875
11 0.25859375 0.29921875 0.23984375 0.01875
14 0.203125 0.284375 0.11328125 0.01171875
0 0.65 0.2484375 0.296875 0.03359375
1 0.609375 0.2234375 0.2140625 0.01484375
2 0.62109375 0.28359375 0.11171875 0.015625
6 0.2546875 0.415625 0.2296875 0.03828125
9 0.41328125 0.40390625 0.01640625 0.0125
7 0.5953125 0.403125 0.0484375 0.01640625
8 0.69609375 0.4046875 0.0453125 0.0140625
10 0.78984375 0.40390625 0.04296875 0.0125
5 0.8859375 0.40390625 0.04765625 0.0171875
16 0.60859375 0.65234375 0.065625 0.015625
17 0.72578125 0.65234375 0.053125 0.015625
15 0.88203125 0.65390625 0.06875 0.0171875