4 0.2703125 0.0390625 0.11875 0.02109375
3 0.5421875 0.06875 0.1203125 0.02421875
12 0.21640625 0.2484375 0.2765625 0.034375
13 0.13515625 0.221875 0.1171875 0.0203125
11 0.25625 0.30078125 0.24296875 0.0171875
14 0.20390625 0.284375 0.11484375 0.015625
0 0.60546875 0.24609375 0.203125 0.03828125
1 0.56015625 0.22265625 0.11484375 0.01953125
2 0.625 0.284375 0.11875 0.01953125
6 0.25 0.4171875 0.225 0.0421875
9 0.41328125 0.40390625 0.01484375 0.0140625
7 0.59609375 0.40390625 0.0421875 0.01796875
8 0.69921875 0.40390625 0.046875 0.009375
10 0.79140625 0.403125 0.04375 0.01328125
5 0.88828125 0.40234375 0.04609375 0.0125
16 0.60390625 0.65078125 0.07578125 0.01484375
17 0.72109375 0.653125 0.06953125 0.0125
15 0.8765625 0.65078125 0.07421875 0.01640625