4 0.26953125 0.0390625 0.11640625 0.0203125
3 0.5421875 0.0671875 0.128125 0.0203125
12 0.1765625 0.24609375 0.19140625 0.03359375
13 0.19765625 0.22265625 0.2328125 0.01640625
11 0.259375 0.29921875 0.2546875 0.01640625
14 0.203125 0.2828125 0.11171875 0.015625
0 0.59375 0.24453125 0.1953125 0.03515625
1 0.59609375 0.22109375 0.2 0.01640625
2 0.62109375 0.28359375 0.11171875 0.01328125
6 0.24609375 0.4171875 0.2046875 0.04375
9 0.41171875 0.40234375 0.01953125 0.01484375
7 0.584375 0.40390625 0.0671875 0.015625
8 0.6859375 0.4015625 0.07109375 0.01640625
10 0.78984375 0.403125 0.0359375 0.01171875
5 0.87578125 0.40234375 0.0671875 0.01875
16 0.59453125 0.7875 0.09609375 0.01640625
17 0.7109375 0.78828125 0.090625 0.0140625
15 0.8640625 0.78671875 0.1015625 0.01875