4 0.26953125 0.03828125 0.11875 0.0171875
3 0.5421875 0.06640625 0.11484375 0.01796875
12 0.20234375 0.246875 0.240625 0.0328125
13 0.2046875 0.2234375 0.24296875 0.01796875
11 0.2578125 0.29921875 0.24375 0.01640625
14 0.2015625 0.2828125 0.1171875 0.01484375
0 0.60546875 0.246875 0.2 0.0296875
1 0.62265625 0.2234375 0.2390625 0.015625
2 0.62265625 0.28359375 0.1125 0.01484375
6 0.25078125 0.41640625 0.225 0.04375
9 0.41171875 0.403125 0.0203125 0.0140625
7 0.59765625 0.40390625 0.04375 0.0140625
8 0.69921875 0.40546875 0.04765625 0.0125
10 0.7890625 0.4046875 0.034375 0.0140625
5 0.88984375 0.4046875 0.04296875 0.0109375
16 0.6046875 0.60234375 0.07421875 0.0140625
17 0.72109375 0.603125 0.0625 0.01484375
15 0.8703125 0.603125 0.08671875 0.0140625