4 0.26953125 0.0390625 0.11953125 0.0203125
3 0.53984375 0.06796875 0.11484375 0.021875
12 0.2046875 0.24609375 0.2484375 0.03203125
13 0.13984375 0.22109375 0.11484375 0.01640625
11 0.259375 0.30078125 0.25 0.01640625
14 0.2015625 0.28359375 0.11484375 0.01796875
0 0.62578125 0.246875 0.25625 0.03671875
1 0.55 0.22265625 0.09921875 0.01484375
2 0.62265625 0.28359375 0.1171875 0.0171875
6 0.25546875 0.41640625 0.2328125 0.04296875
9 0.41328125 0.40234375 0.01484375 0.0109375
7 0.5953125 0.40390625 0.04140625 0.01171875
8 0.69609375 0.40234375 0.0484375 0.01640625
10 0.7890625 0.4046875 0.0328125 0.01015625
5 0.88984375 0.40390625 0.04765625 0.0125
8 0.60859375 0.55390625 0.0609375 0.01640625
17 0.728125 0.55390625 0.0515625 0.01484375
15 0.88203125 0.55390625 0.065625 0.01171875