4 0.26796875 0.0390625 0.11953125 0.025
3 0.53828125 0.0671875 0.11328125 0.0234375
12 0.18828125 0.24453125 0.21875 0.03203125
13 0.13125 0.22109375 0.1046875 0.01796875
11 0.25859375 0.3 0.24921875 0.01875
14 0.203125 0.2828125 0.1140625 0.0171875
0 0.6296875 0.24609375 0.2546875 0.03125
1 0.55234375 0.22265625 0.09453125 0.0140625
2 0.62109375 0.28203125 0.12265625 0.02109375
6 0.2546875 0.41484375 0.22734375 0.04140625
9 0.4109375 0.403125 0.01328125 0.01015625
7 0.5953125 0.403125 0.04453125 0.0140625
8 0.7 0.40390625 0.0484375 0.01328125
10 0.790625 0.403125 0.0359375 0.0125
5 0.88671875 0.403125 0.04609375 0.0140625
16 0.6109375 0.55390625 0.06640625 0.01171875
17 0.725 0.55390625 0.0515625 0.0125
15 0.8796875 0.55390625 0.0625 0.01328125