4 0.2703125 0.03984375 0.11640625 0.021875
3 0.540625 0.065625 0.1171875 0.0265625
12 0.1796875 0.24765625 0.21484375 0.034375
13 0.19453125 0.22265625 0.23515625 0.01875
11 0.25546875 0.2984375 0.24609375 0.01875
14 0.20078125 0.28203125 0.1125 0.01953125
0 0.60390625 0.2453125 0.2109375 0.03515625
1 0.58359375 0.221875 0.1625 0.02109375
2 0.621875 0.28359375 0.1140625 0.015625
6 0.25 0.41015625 0.2328125 0.03046875
9 0.41015625 0.40234375 0.01484375 0.01484375
7 0.596875 0.4046875 0.0515625 0.0171875
8 0.7 0.40390625 0.04296875 0.01796875
10 0.790625 0.40390625 0.03671875 0.0171875
5 0.8859375 0.40546875 0.05390625 0.01875
16 0.60546875 0.6890625 0.07578125 0.01328125
17 0.72421875 0.68984375 0.0703125 0.0125
15 0.87734375 0.6890625 0.075 0.01796875