4 0.26875 0.03828125 0.1171875 0.0171875
3 0.53828125 0.0671875 0.11484375 0.01875
12 0.1953125 0.24609375 0.22734375 0.03046875
13 0.14140625 0.2234375 0.11796875 0.0140625
11 0.2546875 0.29921875 0.240625 0.015625
14 0.20234375 0.28359375 0.1140625 0.015625
0 0.6203125 0.24765625 0.24296875 0.03203125
1 0.54765625 0.22265625 0.09296875 0.0171875
2 0.62109375 0.28359375 0.1125 0.0171875
6 0.24765625 0.41640625 0.21171875 0.0359375
9 0.41171875 0.403125 0.0140625 0.0109375
7 0.59609375 0.40390625 0.04453125 0.0125
8 0.696875 0.403125 0.04609375 0.01484375
10 0.78828125 0.403125 0.0328125 0.0109375
5 0.8875 0.403125 0.04453125 0.01171875
16 0.61015625 0.640625 0.0609375 0.0140625
17 0.72578125 0.6390625 0.05546875 0.01328125
15 0.88046875 0.63984375 0.06171875 0.015625