4 0.26953125 0.03984375 0.11796875 0.0171875
3 0.54140625 0.06640625 0.12421875 0.01875
13 0.2203125 0.2234375 0.2796875 0.0140625
12 0.1703125 0.2453125 0.18046875 0.02734375
11 0.25859375 0.29921875 0.24921875 0.015625
14 0.2046875 0.28359375 0.11875 0.0171875
0 0.625 0.24765625 0.2484375 0.03046875
1 0.6203125 0.22421875 0.23359375 0.01484375
2 0.6203125 0.2828125 0.11875 0.01640625
6 0.24453125 0.415625 0.2140625 0.04140625
9 0.4125 0.40234375 0.01328125 0.01015625
7 0.59921875 0.40390625 0.03828125 0.0125
8 0.703125 0.40390625 0.04140625 0.01796875
10 0.790625 0.40390625 0.040625 0.01328125
5 0.8921875 0.403125 0.0421875 0.01484375
16 0.60390625 0.7015625 0.0765625 0.0109375
17 0.7203125 0.70078125 0.065625 0.00859375
15 0.87578125 0.70078125 0.07109375 0.0140625