4 0.26953125 0.03828125 0.11796875 0.01875
3 0.5390625 0.0671875 0.11328125 0.015625
12 0.15546875 0.24453125 0.14921875 0.03046875
13 0.1296875 0.2234375 0.09609375 0.01484375
11 0.2546875 0.3 0.24140625 0.015625
14 0.20234375 0.28359375 0.11640625 0.01640625
0 0.60546875 0.24609375 0.20625 0.03203125
1 0.5828125 0.2234375 0.16328125 0.015625
2 0.62109375 0.28359375 0.1125 0.01484375
1 0.20859375 0.4046875 0.13515625 0.0125
9 0.4109375 0.40234375 0.01484375 0.0109375
7 0.59609375 0.403125 0.04609375 0.0125
8 0.69453125 0.40234375 0.0484375 0.01328125
10 0.79140625 0.4046875 0.034375 0.01484375
5 0.8875 0.403125 0.0453125 0.0125
16 0.6046875 0.57890625 0.0703125 0.0109375
17 0.72109375 0.57890625 0.0640625 0.01328125
15 0.8765625 0.58046875 0.07578125 0.0140625