4 0.26953125 0.0390625 0.1171875 0.01796875
3 0.54296875 0.0671875 0.11796875 0.01953125
12 0.1796875 0.2453125 0.19375 0.0296875
13 0.16328125 0.2234375 0.1578125 0.01328125
11 0.25703125 0.29921875 0.24375 0.015625
14 0.2046875 0.284375 0.11875 0.01484375
0 0.62578125 0.24609375 0.2484375 0.0296875
1 0.61015625 0.2234375 0.2171875 0.01640625
2 0.621875 0.284375 0.1125 0.015625
6 0.2515625 0.41640625 0.221875 0.03984375
9 0.41171875 0.403125 0.01484375 0.0109375
7 0.58515625 0.4046875 0.06796875 0.0109375
8 0.6828125 0.4046875 0.08046875 0.01640625
10 0.7921875 0.40390625 0.03984375 0.0125
5 0.8734375 0.403125 0.0734375 0.0140625
16 0.59296875 0.79921875 0.09453125 0.0140625
17 0.7109375 0.8 0.08828125 0.01171875
15 0.86484375 0.8 0.096875 0.0140625