4 0.2115764538237336 0.025140284302325625 0.32873975889816676 0.025140284302325625 0.32873975889816676 0.04605706856556688 0.2115764538237336 0.04605706856556688
3 0.47889079064404216 0.0549064772923228 0.5960540957184753 0.0549064772923228 0.5960540957184753 0.0750187698531317 0.47889079064404216 0.0750187698531317
14 0.08531308621924737 0.2150003260763615 0.21953900853752994 0.2150003260763615 0.21953900853752994 0.22787219331527925 0.08531308621924737 0.22787219331527925
13 0.08190056277047753 0.2326991435298735 0.3025770791242641 0.2326991435298735 0.3025770791242641 0.25844287800770893 0.08190056277047753 0.25844287800770893
15 0.14787601611336218 0.2761416954612206 0.26162679773902536 0.2761416954612206 0.26162679773902536 0.290622546105003 0.14787601611336218 0.290622546105003
12 0.1376384457670525 0.2890135627001384 0.3822026262622285 0.2890135627001384 0.3822026262622285 0.30671238015365027 0.1376384457670525 0.30671238015365027
1 0.5005034391529183 0.21500032607636166 0.6119792051460683 0.21500032607636166 0.6119792051460683 0.22867668501771168 0.5005034391529183 0.22867668501771168
0 0.5027784547854313 0.2335036352323058 0.7427926040155808 0.2335036352323058 0.7427926040155808 0.2600518614125735 0.5027784547854313 0.2600518614125735
2 0.5664788924958026 0.27533720375878834 0.6881922288352623 0.27533720375878834 0.6881922288352623 0.29142703780743545 0.5664788924958026 0.29142703780743545
6 0.13759485981766942 0.3954548656763659 0.36407087131880206 0.3954548656763659 0.36407087131880206 0.4383691488264014 0.13759485981766942 0.4383691488264014
6 0.14186799211014361 0.4462266936285206 0.37945414757170914 0.4462266936285206 0.37945414757170914 0.4843055645926366 0.14186799211014361 0.4843055645926366
6 0.1401587391931538 0.49458081548771543 0.35894311256783273 0.49458081548771543 0.35894311256783273 0.518757876417313 0.1401587391931538 0.518757876417313
6 0.1410133656516488 0.5284287007891519 0.26407957567490575 0.5284287007891519 0.26407957567490575 0.5441437903933903 0.1410133656516488 0.5441437903933903
6 0.1410133656516488 0.5592544534743887 0.35723385965084337 0.5592544534743887 0.35723385965084337 0.5828270878807463 0.1410133656516488 0.5828270878807463
6 0.14015873919315394 0.595520044868785 0.36407087131880195 0.595520044868785 0.36407087131880195 0.6196971057983824 0.14015873919315394 0.6196971057983824
6 0.13759485981766942 0.6335989158329011 0.35210610089987426 0.6335989158329011 0.35210610089987426 0.6680512276575774 0.13759485981766942 0.6680512276575774
9 0.4050929413265543 0.3990814248158055 0.4418418790418324 0.3990814248158055 0.4418418790418324 0.40875224918764447 0.4050929413265543 0.40875224918764447
9 0.4050929413265543 0.44501784058204064 0.444405758417317 0.44501784058204064 0.444405758417317 0.45952407713979915 0.4050929413265543 0.45952407713979915
9 0.4042383148680595 0.4957896685341954 0.444405758417317 0.4957896685341954 0.444405758417317 0.5078781989989941 0.4042383148680595 0.5078781989989941
9 0.4033836884095647 0.5326596864518315 0.444405758417317 0.5326596864518315 0.444405758417317 0.5447482169166302 0.4033836884095647 0.5447482169166302
9 0.4042383148680595 0.5586500269511487 0.4452603848758118 0.5586500269511487 0.4452603848758118 0.5671119982765079 0.4042383148680595 0.5671119982765079
9 0.4042383148680595 0.5937067652990652 0.444405758417317 0.5937067652990652 0.444405758417317 0.6070041488103439 0.4042383148680595 0.6070041488103439
9 0.40765682070203885 0.6299723566934613 0.4426965055003273 0.6299723566934613 0.4426965055003273 0.6468962993441795 0.40765682070203885 0.6468962993441795
10 0.46235291404570855 0.3978725717693256 0.5059388634289456 0.3978725717693256 0.5059388634289456 0.41116995528060424 0.46235291404570855 0.41116995528060424
10 0.4632075405042035 0.44562226710528063 0.5059388634289456 0.44562226710528063 0.5059388634289456 0.45952407713979915 0.4632075405042035 0.45952407713979915
10 0.46235291404570855 0.49820737462715514 0.5059388634289456 0.49820737462715514 0.5059388634289456 0.5066693459525142 0.46235291404570855 0.5066693459525142
10 0.46491679342119313 0.5356818190680313 0.5059388634289456 0.5356818190680313 0.5059388634289456 0.5447482169166302 0.46491679342119313 0.5447482169166302
10 0.4614982875872138 0.5610677330441085 0.5067934898874403 0.5610677330441085 0.5067934898874403 0.5731562635089072 0.4614982875872138 0.5731562635089072
10 0.46491679342119313 0.5937067652990652 0.5144851280138939 0.5937067652990652 0.5144851280138939 0.6094218549033037 0.46491679342119313 0.6094218549033037
10 0.46577141987968795 0.6360166219258607 0.503374984053461 0.6360166219258607 0.503374984053461 0.6462918728209395 0.46577141987968795 0.6462918728209395
7 0.5811459917764914 0.3966637187228458 0.620458808867254 0.3966637187228458 0.620458808867254 0.40875224918764447 0.5811459917764914 0.40875224918764447
7 0.572599727191543 0.44501784058204064 0.620458808867254 0.44501784058204064 0.620458808867254 0.460732930186279 0.572599727191543 0.460732930186279
7 0.577727485942512 0.4957896685341954 0.6204588088672541 0.4957896685341954 0.6204588088672541 0.509087052045474 0.577727485942512 0.509087052045474
7 0.5794367388595016 0.5350773925447913 0.620458808867254 0.5350773925447913 0.620458808867254 0.5447482169166302 0.5794367388595016 0.5447482169166302
7 0.5649080890650894 0.5550234678117092 0.6170403030332746 0.5550234678117092 0.6170403030332746 0.5689252778462277 0.5649080890650894 0.5689252778462277
7 0.5811459917764914 0.5973333244385047 0.6187495559502644 0.5973333244385047 0.6187495559502644 0.6094218549033037 0.5811459917764914 0.6094218549033037
7 0.5811459917764914 0.6335989158329011 0.6161856765747799 0.6335989158329011 0.6161856765747799 0.6462918728209396 0.5811459917764914 0.6462918728209396
8 0.6717363963769444 0.3948504391531259 0.7230139838866348 0.3948504391531259 0.7230139838866348 0.4099611022341244 0.6717363963769444 0.4099611022341244
8 0.6674632640844702 0.4432045610123209 0.7178862251356658 0.4432045610123209 0.7178862251356658 0.4625462097559989 0.6674632640844702 0.4625462097559989
8 0.6734456492939341 0.49820737462715514 0.7213047309696453 0.49820737462715514 0.7213047309696453 0.5078781989989941 0.6734456492939341 0.5078781989989941
8 0.6802826609618928 0.5344729660215514 0.7281417426376039 0.5344729660215514 0.7281417426376039 0.5441437903933903 0.6802826609618928 0.5441437903933903
8 0.6648993847089857 0.5586500269511487 0.7213047309696452 0.5586500269511487 0.7213047309696452 0.5713429839391875 0.6648993847089857 0.5713429839391875
8 0.6768641551279134 0.5931023387758252 0.7187408515941607 0.5931023387758252 0.7187408515941607 0.6118395609962635 0.6768641551279134 0.6118395609962635
8 0.6785734080449032 0.6323900627864208 0.7289963690960988 0.6323900627864208 0.7289963690960988 0.6462918728209395 0.6785734080449032 0.6462918728209395
11 0.770018439103851 0.3978725717693256 0.8101858826531084 0.3978725717693256 0.8101858826531084 0.4075433961411646 0.770018439103851 0.4075433961411646
11 0.7665999332698716 0.44562226710528063 0.8084766297361188 0.44562226710528063 0.8084766297361188 0.4583152240933193 0.7665999332698716 0.4583152240933193
11 0.770018439103851 0.4957896685341954 0.8050581239021394 0.4957896685341954 0.8050581239021394 0.5078781989989941 0.770018439103851 0.5078781989989941
11 0.7631814274358923 0.5284287007891519 0.8110405091116033 0.5284287007891519 0.8110405091116033 0.54716592300959 0.7631814274358923 0.54716592300959
11 0.770018439103851 0.5598588799976286 0.807622003277624 0.5598588799976286 0.807622003277624 0.575573969601867 0.770018439103851 0.575573969601867
11 0.7734369449378304 0.5973333244385047 0.8101858826531084 0.5973333244385047 0.8101858826531084 0.6082130018568236 0.7734369449378304 0.6082130018568236
11 0.7725823184793356 0.6311812097399413 0.8144590149455827 0.6311812097399413 0.8144590149455827 0.6505228584836192 0.7725823184793356 0.6505228584836192
5 0.866591228913768 0.3948504391531259 0.9135956841309844 0.3948504391531259 0.9135956841309844 0.4099611022341244 0.866591228913768 0.4099611022341244
5 0.8563357114118298 0.4438089875355608 0.910177178297005 0.4438089875355608 0.910177178297005 0.4577107975700793 0.8563357114118298 0.4577107975700793
5 0.866591228913768 0.4963940950574353 0.9127410576724893 0.4963940950574353 0.9127410576724893 0.508482625522234 0.866591228913768 0.508482625522234
5 0.8623180966212938 0.5326596864518315 0.9135956841309844 0.5326596864518315 0.9135956841309844 0.5447482169166302 0.8623180966212938 0.5447482169166302
5 0.8580449643288197 0.5562323208581891 0.9110318047554996 0.5562323208581891 0.9110318047554996 0.5707385574159475 0.8580449643288197 0.5707385574159475
5 0.8691551082892524 0.595520044868785 0.9067586724630256 0.595520044868785 0.9067586724630256 0.6094218549033037 0.8691551082892524 0.6094218549033037
5 0.8657366024552731 0.6317856362631812 0.9059040460045307 0.6317856362631812 0.9059040460045307 0.6456874462976997 0.8657366024552731 0.6456874462976997
19 0.39859778024199355 0.7560416604450345 0.43996170083314373 0.7560416604450345 0.43996170083314373 0.7706687823074411 0.39859778024199355 0.7706687823074411
17 0.5678138190239719 0.7833012966431557 0.6514817493106168 0.7833012966431557 0.6514817493106168 0.7932743342766146 0.5678138190239719 0.7932743342766146
18 0.6890853134843897 0.7813066891164641 0.7689928873536573 0.7813066891164641 0.7689928873536573 0.7985932876811263 0.6890853134843897 0.7985932876811263
16 0.8357392137621042 0.7806418199409002 0.9184670549444048 0.7806418199409002 0.9184670549444048 0.7959338109788705 0.8357392137621042 0.7959338109788705
