4 0.2095491280772453 0.02547733854728127 0.3297317162391947 0.02547733854728127 0.3297317162391947 0.0538100068511388 0.2095491280772453 0.0538100068511388
3 0.4791895502354652 0.05272028883945197 0.5993721383974148 0.05272028883945197 0.5993721383974148 0.08650154720174365 0.4791895502354652 0.08650154720174365
14 0.07549931820430161 0.21290883655741574 0.19260030154158572 0.21290883655741574 0.19260030154158572 0.230344324744405 0.07549931820430161 0.230344324744405
13 0.07549931820430161 0.2314340427560918 0.2912116559308776 0.2314340427560918 0.2912116559308776 0.26739473714175716 0.07549931820430161 0.26739473714175716
15 0.14637622917160517 0.2728433272001913 0.2634772125088893 0.2728433272001913 0.2634772125088893 0.2891890973754937 0.14637622917160517 0.2891890973754937
12 0.13559061228527636 0.29245825141055415 0.3898230103201696 0.29245825141055415 0.3898230103201696 0.30989373959754346 0.13559061228527636 0.30989373959754346
1 0.5038423888327883 0.21181911854572888 0.7118507144977008 0.21181911854572888 0.7118507144977008 0.23034432474440497 0.5038423888327883 0.23034432474440497
0 0.4976791791834575 0.23252376076777861 0.6563818276537242 0.23252376076777861 0.6563818276537242 0.26630501913007026 0.4976791791834575 0.26630501913007026
2 0.5654744853260957 0.27175360918850444 0.6887386783127106 0.27175360918850444 0.6887386783127106 0.29572740544561466 0.5654744853260957 0.29572740544561466
6 0.13713141469760903 0.3938020264974292 0.3605477644858486 0.3938020264974292 0.3605477644858486 0.426493566848034 0.13713141469760903 0.426493566848034
9 0.39598621996950023 0.39271230848574246 0.4437510947518135 0.39271230848574246 0.4437510947518135 0.4123272326961052 0.39598621996950023 0.4123272326961052
10 0.45915911887514044 0.3938020264974292 0.5115464008944517 0.3938020264974292 0.5115464008944517 0.4145066687194789 0.45915911887514044 0.4145066687194789
7 0.5731784973877591 0.39489174450911607 0.6271065818194032 0.39489174450911607 0.6271065818194032 0.4123272326961052 0.5731784973877591 0.4123272326961052
8 0.6733306541893838 0.3905328724623687 0.7303403434456931 0.3905328724623687 0.7303403434456931 0.41450666871947894 0.6733306541893838 0.41450666871947894
11 0.7642379965170122 0.3938020264974292 0.8243292905979868 0.3938020264974292 0.8243292905979868 0.41559638673116567 0.7642379965170122 0.41559638673116567
5 0.8643901533186367 0.39489174450911607 0.9152366329256153 0.39489174450911607 0.9152366329256153 0.4155963867311657 0.8643901533186367 0.4155963867311657
19 0.39906782479416564 0.5049532636894857 0.44529189716414636 0.5049532636894857 0.44529189716414636 0.5278373419349089 0.39906782479416564 0.5278373419349089
17 0.5747192998000918 0.5278373419349089 0.6610042348907222 0.5278373419349089 0.6610042348907222 0.5529008562037062 0.5747192998000918 0.5529008562037062
18 0.6887386783127105 0.5289270599465958 0.7626971941046795 0.5289270599465958 0.7626971941046795 0.5539905742153929 0.6887386783127105 0.5539905742153929
16 0.8397373147213137 0.5278373419349089 0.9213998425749461 0.5278373419349089 0.9213998425749461 0.5550802922270798 0.8397373147213137 0.5550802922270798
