4 0.20977591284789157 0.029359119667711094 0.32206772501941 0.029359119667711094 0.32206772501941 0.04768619531880774 0.20977591284789157 0.04768619531880774
3 0.4824845995501507 0.05728609208842981 0.5997123155533842 0.05728609208842981 0.5997123155533842 0.07997675718026374 0.4824845995501507 0.07997675718026374
14 0.08391036513915658 0.21524802984311994 0.21964772051132173 0.21524802984311994 0.21964772051132173 0.23008423394162678 0.08391036513915658 0.23008423394162678
13 0.08514434109708541 0.23182966971792177 0.256666999249185 0.23182966971792177 0.256666999249185 0.2615020779149354 0.08514434109708541 0.2615020779149354
15 0.1480771149514529 0.27284741046085237 0.2616029030809002 0.27284741046085237 0.2616029030809002 0.2894290503356541 0.1480771149514529 0.2894290503356541
12 0.13697133133009393 0.2929199218882439 0.3800645950420624 0.2929199218882439 0.3800645950420624 0.3060106902104558 0.13697133133009393 0.3060106902104558
1 0.5022282148770111 0.2161207477312675 0.6194559308802446 0.2161207477312675 0.6194559308802446 0.22746608027718446 0.5022282148770111 0.22746608027718446
0 0.5009942389190822 0.2327023876060692 0.7502573824206947 0.2327023876060692 0.7502573824206947 0.26062936002678794 0.5009942389190822 0.26062936002678794
2 0.5639270127734497 0.2772109999015897 0.677452800902897 0.2772109999015897 0.677452800902897 0.29117448611194907 0.5639270127734497 0.29117448611194907
6 0.13450337941423637 0.39240976113705434 0.36155495567313084 0.39240976113705434 0.36155495567313084 0.4343002197681324 0.13450337941423637 0.4343002197681324
9 0.4010421863268515 0.3959006326896442 0.43929544102264356 0.3959006326896442 0.43929544102264356 0.410736836788151 0.4010421863268515 0.410736836788151
10 0.4639749601812191 0.39502791480149674 0.5083980946666549 0.39502791480149674 0.5083980946666549 0.410736836788151 0.4639749601812191 0.410736836788151
7 0.562693036815521 0.3959006326896442 0.6157540030064583 0.3959006326896442 0.6157540030064583 0.410736836788151 0.562693036815521 0.410736836788151
8 0.650305329828464 0.3959006326896442 0.7157060555986892 0.3959006326896442 0.7157060555986892 0.4098641189000035 0.650305329828464 0.4098641189000035
11 0.7749369015792701 0.3967733505777917 0.814424132232991 0.3967733505777917 0.814424132232991 0.412482272564446 0.7749369015792701 0.412482272564446
5 0.8391036513915663 0.39502791480149674 0.9119082329093642 0.39502791480149674 0.9119082329093642 0.410736836788151 0.8391036513915663 0.410736836788151
19 0.39716750181895544 0.5184904245272876 0.4479332727281452 0.5184904245272876 0.4479332727281452 0.534330254197164 0.39716750181895544 0.534330254197164
17 0.5552891810679483 0.5453963170188737 0.6515393057863927 0.5453963170188737 0.6515393057863927 0.561105239005528 0.5552891810679483 0.561105239005528
18 0.6786867768608257 0.5471417527951686 0.7502573824206948 0.5471417527951686 0.7502573824206948 0.5567416495647907 0.6786867768608257 0.5567416495647907
16 0.8255299158543499 0.5462690349070212 0.9106742569514352 0.5462690349070212 0.9106742569514352 0.561105239005528 0.8255299158543499 0.561105239005528
