4 0.20899218747032342 0.02748171413791362 0.34188975769854024 0.02748171413791362 0.34188975769854024 0.050979353229718485 0.20899218747032342 0.050979353229718485
3 0.4780025509821347 0.053253302995623544 0.5948238022311315 0.053253302995623544 0.5948238022311315 0.07826691880302873 0.4780025509821347 0.07826691880302873
14 0.08252510409332818 0.21394683484925683 0.18755705475756404 0.21394683484925683 0.18755705475756404 0.23062257872086034 0.08252510409332818 0.23062257872086034
13 0.07823808569886959 0.2313805670786605 0.3654683181275962 0.2313805670786605 0.3654683181275962 0.26170010139066674 0.07823808569886959 0.26170010139066674
15 0.1468303800102073 0.2753438918310696 0.2582928582661311 0.2753438918310696 0.2582928582661311 0.2897456706292726 0.1468303800102073 0.2897456706292726
12 0.13611283402406077 0.2905036589870727 0.37297060031789875 0.2905036589870727 0.37297060031789875 0.3056634261430758 0.13611283402406077 0.3056634261430758
1 0.501581152151657 0.2131888464914567 0.6301917039854152 0.2131888464914567 0.6301917039854152 0.22986459036306017 0.501581152151657 0.22986459036306017
0 0.5005093975530424 0.23289654379426078 0.7437976914385682 0.23289654379426078 0.7437976914385682 0.2609421130328665 0.5005093975530424 0.2609421130328665
2 0.5626711642726921 0.27458590347326944 0.6762771517258453 0.27458590347326944 0.6762771517258453 0.29126164734487286 0.5626711642726921 0.29126164734487286
6 0.14030242018228162 0.3958494051618216 0.2630670810513637 0.3958494051618216 0.2630670810513637 0.410320091992552 0.14030242018228162 0.410320091992552
6 0.14322538726941256 0.4220344575221907 0.3663452082537355 0.4220344575221907 0.3663452082537355 0.4495976705331056 0.14322538726941256 0.4495976705331056
6 0.14030242018228167 0.4606229557374715 0.378037076602259 0.4606229557374715 0.378037076602259 0.49645513265166075 0.14030242018228167 0.49645513265166075
6 0.13835377545752778 0.5074804178560267 0.37219114242799717 0.5074804178560267 0.37219114242799717 0.5460689160713074 0.13835377545752778 0.5460689160713074
9 0.4014208132993059 0.39653848548709464 0.4413680301567611 0.39653848548709464 0.4413680301567611 0.41100917231782486 0.4014208132993059 0.41100917231782486
9 0.40044649093692897 0.42341261817273657 0.4403937077943842 0.42341261817273657 0.4403937077943842 0.43512698370237535 0.40044649093692897 0.43512698370237535
9 0.4014208132993059 0.45648847378583424 0.44234235251913806 0.45648847378583424 0.44234235251913806 0.4723373212671103 0.4014208132993059 0.4723373212671103
9 0.4062924251111907 0.506102257205481 0.44234235251913806 0.506102257205481 0.44234235251913806 0.521951104686757 0.4062924251111907 0.521951104686757
10 0.46280312212905417 0.39860572646291315 0.5037246613488863 0.39860572646291315 0.5037246613488863 0.410320091992552 0.46280312212905417 0.410320091992552
10 0.46182879976667723 0.42341261817273657 0.5027503389865093 0.42341261817273657 0.5027503389865093 0.4344379033771025 0.46182879976667723 0.4344379033771025
10 0.46475176685380803 0.45993387541219855 0.49885304953700155 0.45993387541219855 0.49885304953700155 0.47371548191765617 0.46475176685380803 0.47371548191765617
10 0.4637774444914311 0.510925819482391 0.5017760166241324 0.510925819482391 0.5017760166241324 0.521262024361484 0.4637774444914311 0.521262024361484
7 0.5524407794677341 0.39653848548709464 0.6167460553846131 0.39653848548709464 0.6167460553846131 0.4116982526430977 0.5524407794677341 0.4116982526430977
7 0.5797218056142889 0.41927813622109933 0.6128487659351054 0.41927813622109933 0.6128487659351054 0.4385723853287397 0.5797218056142889 0.4385723853287397
7 0.5797218056142889 0.4606229557374715 0.6167460553846132 0.4606229557374715 0.6167460553846132 0.47302640159238313 0.5797218056142889 0.47302640159238313
7 0.5767988385271581 0.5026568555791165 0.6167460553846132 0.5026568555791165 0.6167460553846132 0.5226401850120298 0.5767988385271581 0.5226401850120298
8 0.6537703051549376 0.3937821641860031 0.7171012587094397 0.3937821641860031 0.7171012587094397 0.41169825264309773 0.6537703051549376 0.41169825264309773
8 0.6849486207510002 0.4206562968716451 0.7171012587094397 0.4206562968716451 0.7171012587094397 0.4378833050034668 0.6849486207510002 0.4378833050034668
8 0.6781283642143614 0.45579939346056136 0.7141782916223088 0.45579939346056136 0.7141782916223088 0.4750936425682018 0.6781283642143614 0.4750936425682018
8 0.6703337853153458 0.5074804178560267 0.7200242257965704 0.5074804178560267 0.7200242257965704 0.521951104686757 0.6703337853153458 0.521951104686757
11 0.7755606004520571 0.3958494051618216 0.8018673042362349 0.3958494051618216 0.8018673042362349 0.41100917231782486 0.7755606004520571 0.41100917231782486
11 0.7716633110025493 0.41858905589582646 0.8096618831352504 0.41858905589582646 0.8096618831352504 0.4378833050034668 0.7716633110025493 0.4378833050034668
11 0.7706889886401721 0.45579939346056136 0.8067389592577054 0.45579939346056136 0.8067389592577054 0.4771608835440204 0.7706889886401721 0.4771608835440204
11 0.7726376333649262 0.5095476588318453 0.8116105278600044 0.5095476588318453 0.8116105278600044 0.5253965063131213 0.7726376333649262 0.5253965063131213
5 0.8418145210936901 0.3979166461376403 0.9080684417353232 0.3979166461376403 0.9080684417353232 0.4116982526430977 0.8418145210936901 0.4116982526430977
5 0.8720185143273758 0.4206562968716451 0.9080684417353232 0.4206562968716451 0.9080684417353232 0.43581606402764816 0.8720185143273758 0.43581606402764816
5 0.863249613065983 0.45924479508692573 0.9100170864600768 0.45924479508692573 0.9100170864600768 0.4744045622429288 0.863249613065983 0.4744045622429288
5 0.86422393542836 0.5081694981812995 0.908068441735323 0.5081694981812995 0.908068441735323 0.5226401850120298 0.86422393542836 0.5226401850120298
19 0.4023951356616829 0.6301367157545975 0.4335734512577455 0.6301367157545975 0.4335734512577455 0.6480528042116921 0.4023951356616829 0.6480528042116921
17 0.5456204920671057 0.6556326669158364 0.6459756953919322 0.6556326669158364 0.6459756953919322 0.6756159963487497 0.5456204920671057 0.6756159963487497
18 0.6800770089391154 0.6556326877896937 0.7541255084797641 0.6556326877896937 0.7541255084797641 0.6728596959215154 0.6800770089391154 0.6728596959215154
16 0.8242767185709048 0.6576999287655123 0.9139143759095848 0.6576999287655123 0.9139143759095848 0.6742378565720613 0.8242767185709048 0.6742378565720613
