4 0.20588891474245044 0.02633503492960791 0.3344272979794498 0.02633503492960791 0.3344272979794498 0.045642835787984455 0.20588891474245044 0.045642835787984455
3 0.4845783297253254 0.059319194729334515 0.6017416347997586 0.059319194729334515 0.6017416347997586 0.08023597899257577 0.4845783297253254 0.08023597899257577
14 0.08645059403550405 0.21619507670364388 0.3139521572868305 0.21619507670364388 0.3139521572868305 0.229871435644994 0.08645059403550405 0.229871435644994
13 0.08417557840299078 0.23228491075229107 0.2115764538237336 0.23228491075229107 0.2115764538237336 0.2676825456593147 0.08417557840299078 0.2676825456593147
15 0.14332598484833567 0.27331398757634123 0.2570767664739989 0.27331398757634123 0.2570767664739989 0.29020831332742075 0.14332598484833567 0.29020831332742075
12 0.13650093795079588 0.29262178843471776 0.37879010281345854 0.29262178843471776 0.37879010281345854 0.3095161141857972 0.13650093795079588 0.3095161141857972
1 0.5016409469691748 0.21619507670364388 0.6517919787150503 0.21619507670364388 0.6517919787150503 0.23148041904985872 0.5016409469691748 0.23148041904985872
0 0.49140337662286526 0.2330894024547234 0.7575802056269172 0.2330894024547234 0.7575802056269172 0.26768254565931476 0.49140337662286526 0.26768254565931476
2 0.5653413846795463 0.27492297098120594 0.6756796428564396 0.27492297098120594 0.6756796428564396 0.29342628013715016 0.5653413846795463 0.29342628013715016
6 0.1410509692158224 0.3988146931557887 0.37310256373217543 0.3988146931557887 0.37310256373217543 0.43260334465794775 0.1410509692158224 0.43260334465794775
6 0.13877595358330913 0.4422572450871359 0.3560399464883259 0.4422572450871359 0.3560399464883259 0.4856997970184832 0.13877595358330913 0.4856997970184832
6 0.13650093795079588 0.4969626808525362 0.35717745430458253 0.4969626808525362 0.35717745430458253 0.5307513323546952 0.13650093795079588 0.5307513323546952
6 0.1410509692158224 0.5436231995936128 0.3913026887922816 0.5436231995936128 0.3913026887922816 0.5822388013103659 0.1410509692158224 0.5822388013103659
6 0.13877595358330913 0.5951106685492836 0.35717745430458253 0.5951106685492836 0.35717745430458253 0.6280948283490103 0.13877595358330913 0.6280948283490103
9 0.395852720057308 0.39398774294119465 0.44135303270757326 0.39398774294119465 0.44135303270757326 0.41168656039470647 0.395852720057308 0.41168656039470647
9 0.40267776695484786 0.4414527533847036 0.45045309523762644 0.4414527533847036 0.45045309523762644 0.4631740293503772 0.40267776695484786 0.4631740293503772
9 0.4015402591385912 0.48972225553064497 0.4459030639725999 0.48972225553064497 0.4459030639725999 0.5114435314963186 0.4015402591385912 0.5114435314963186
9 0.4015402591385912 0.5387962493790187 0.45045309523762633 0.5387962493790187 0.45045309523762633 0.5613220170471247 0.4015402591385912 0.5613220170471247
9 0.40609029040361777 0.5830432930127983 0.44590306397259993 0.5830432930127983 0.44590306397259993 0.6112005025979307 0.40609029040361777 0.6112005025979307
10 0.46410318903270603 0.39720570975092406 0.4982284235204049 0.39720570975092406 0.4982284235204049 0.4116865603947064 0.46410318903270603 0.4116865603947064
10 0.46182817340019283 0.44547521189686545 0.5050534704179448 0.44547521189686545 0.5050534704179448 0.46076055424308016 0.46182817340019283 0.46076055424308016
10 0.46182817340019283 0.4921357306379421 0.5027784547854315 0.4921357306379421 0.5027784547854315 0.5114435314963186 0.46182817340019283 0.5114435314963186
10 0.4686532202977325 0.5444276912960452 0.5016409469691747 0.5444276912960452 0.5016409469691747 0.5613220170471247 0.4686532202977325 0.5613220170471247
10 0.46637820466521923 0.5918927017395542 0.5027784547854315 0.5918927017395542 0.5027784547854315 0.6055690606809041 0.46637820466521923 0.6055690606809041
7 0.5619288612307763 0.39398774294119465 0.6165292364110947 0.39398774294119465 0.6165292364110947 0.4092730852874094 0.5619288612307763 0.4092730852874094
7 0.5710289237608295 0.444670720194433 0.6188042520436079 0.444670720194433 0.6188042520436079 0.4615650459455125 0.5710289237608295 0.4615650459455125
7 0.5687539081283162 0.4921357306379421 0.6199417598598644 0.4921357306379421 0.6199417598598644 0.5130525149011834 0.5687539081283162 0.5130525149011834
7 0.5789914784746258 0.5420142161887481 0.6301793302061743 0.5420142161887481 0.6301793302061743 0.5645399838568541 0.5789914784746258 0.5645399838568541
7 0.5710289237608295 0.5926971934419865 0.6256292989411477 0.5926971934419865 0.6256292989411477 0.6128094860027955 0.5710289237608295 0.6128094860027955
8 0.6643045646938732 0.3923787595363299 0.7302800180367579 0.3923787595363299 0.7302800180367579 0.4124910520971389 0.6643045646938732 0.4124910520971389
8 0.667717088142642 0.43984376997983815 0.7223174633229614 0.43984376997983815 0.7223174633229614 0.4655875044576741 0.667717088142642 0.4655875044576741
8 0.6608920412451034 0.4905267472330774 0.7234549711392183 0.4905267472330774 0.7234549711392183 0.5098345480914539 0.6608920412451034 0.5098345480914539
8 0.6734046272239262 0.5436231995936128 0.7234549711392182 0.5436231995936128 0.7234549711392182 0.5572995585349629 0.6734046272239262 0.5572995585349629
8 0.674542135040183 0.5926971934419865 0.7166299242416784 0.5926971934419865 0.7166299242416784 0.6063735523833365 0.674542135040183 0.6063735523833365
11 0.7621302368919437 0.39559672634605925 0.8053555339096957 0.39559672634605925 0.8053555339096957 0.4132955437995711 0.7621302368919437 0.4132955437995711
11 0.7712302994219968 0.43662580317010935 0.8099055651747223 0.43662580317010935 0.8099055651747223 0.46317402935037716 0.7712302994219968 0.46317402935037716
11 0.7712302994219968 0.49294022234037443 0.8076305495422091 0.49294022234037443 0.8076305495422091 0.512248023198751 0.7712302994219968 0.512248023198751
11 0.7746428228707666 0.5420142161887481 0.8121805808072355 0.5420142161887481 0.8121805808072355 0.5613220170471247 0.7746428228707666 0.5613220170471247
11 0.7700927916057401 0.5918927017395542 0.8155931042560054 0.5918927017395542 0.8155931042560054 0.612004994300363 0.7700927916057401 0.612004994300363
5 0.8519933543762176 0.39559672634605925 0.9077312373727925 0.39559672634605925 0.9077312373727925 0.4132955437995711 0.8519933543762176 0.4132955437995711
5 0.8485808309274478 0.44547521189686545 0.9111437608215625 0.44547521189686545 0.9111437608215625 0.45995606254064775 0.8485808309274478 0.45995606254064775
5 0.850855846559961 0.4937447140428068 0.9111437608215625 0.4937447140428068 0.9111437608215625 0.5082255646865892 0.850855846559961 0.5082255646865892
5 0.8656434481712971 0.5379917576765864 0.9122812686378192 0.5379917576765864 0.9122812686378192 0.5613220170471247 0.8656434481712971 0.5613220170471247
5 0.8701934794363235 0.5902837183346895 0.9156937920865889 0.5902837183346895 0.9156937920865889 0.6144184694076602 0.8701934794363235 0.6144184694076602
19 0.39934363606031636 0.717152410887196 0.4366364269764548 0.717152410887196 0.4366364269764548 0.7314388559819579 0.39934363606031636 0.7314388559819579
17 0.5500686660130427 0.7402305145018118 0.6448545095915611 0.7402305145018118 0.6448545095915611 0.7567148742265372 0.5500686660130427 0.7567148742265372
18 0.67593183535501 0.742428429131775 0.7559559491958905 0.742428429131775 0.7559559491958905 0.7578138315415188 0.67593183535501 0.7578138315415188
16 0.825102999019564 0.7413294718167934 0.9136733774453929 0.7413294718167934 0.9136733774453929 0.7583633101990097 0.825102999019564 0.7583633101990097
