4 0.21048428311178943 0.030444965985324316 0.3283258359807138 0.030444965985324316 0.3283258359807138 0.04931492743201014 0.21048428311178943 0.04931492743201014
3 0.4795187717370696 0.05717741136812925 0.5936546153962793 0.05717741136812925 0.5936546153962793 0.07761986960203889 0.4795187717370696 0.07761986960203889
14 0.08207686514078621 0.2141405669767937 0.22173003866391505 0.2141405669767937 0.22173003866391505 0.2310351605585372 0.08207686514078621 0.2310351605585372
13 0.08452692081663059 0.2340675235091066 0.26093092947742486 0.2340675235091066 0.26093092947742486 0.2609255953570065 0.08452692081663059 0.2609255953570065
15 0.14700334055066192 0.27695379952430166 0.2603184155584638 0.27695379952430166 0.2603184155584638 0.29081603015547575 0.14700334055066192 0.29081603015547575
12 0.13536557609040117 0.29341519839882096 0.37608354624211005 0.29341519839882096 0.37608354624211005 0.3064110396155468 0.13536557609040117 0.3064110396155468
1 0.5010363857101727 0.2145737616840179 0.6284392808540797 0.2145737616840179 0.6284392808540797 0.22886918702241624 0.5010363857101727 0.22886918702241624
0 0.4991988439532895 0.23016877114408882 0.7913679832977301 0.23016877114408882 0.7913679832977301 0.2609255953570065 0.4991988439532895 0.2609255953570065
2 0.5659628611200483 0.2752210206954049 0.677440394370967 0.2752210206954049 0.677440394370967 0.29341519839882085 0.5659628611200483 0.29341519839882085
6 0.1448595418342981 0.39856608459215326 0.3631595025520311 0.39856608459215326 0.3631595025520311 0.43335161958225593 0.1448595418342981 0.43335161958225593
6 0.1455333071451553 0.44621750238681446 0.3166696961028842 0.44621750238681446 0.3166696961028842 0.45765384265753317 0.1455333071451553 0.45765384265753317
6 0.14351201121258372 0.4733788105297713 0.3415990126046007 0.4733788105297713 0.3415990126046007 0.5072113171639807 0.14351201121258372 0.5072113171639807
6 0.1448595418342981 0.5205537141464859 0.34766290040231546 0.5205537141464859 0.34766290040231546 0.5591513625601614 0.1448595418342981 0.5591513625601614
6 0.1414907152800121 0.5729703193528063 0.36181197193031667 0.5729703193528063 0.36181197193031667 0.606326311809069 0.1414907152800121 0.606326311809069
6 0.14351201121258372 0.6191921489814345 0.36181197193031667 0.6191921489814345 0.36181197193031667 0.6544541981494839 0.14351201121258372 0.6544541981494839
9 0.40021659464917714 0.3976130562362601 0.44199004392232355 0.3976130562362601 0.44199004392232355 0.40904939650697875 0.40021659464917714 0.40904939650697875
9 0.40425918651432036 0.44764704492065427 0.4419900439223235 0.44764704492065427 0.4419900439223235 0.45908338519137293 0.40425918651432036 0.45908338519137293
9 0.40223789058174864 0.47147275381798487 0.44064251330060916 0.47147275381798487 0.44064251330060916 0.48433863662254334 0.40223789058174864 0.48433863662254334
9 0.40425918651432036 0.5215067425023792 0.44266380923318066 0.5215067425023792 0.44266380923318066 0.5334195969510445 0.40425918651432036 0.5334195969510445
9 0.4062804824468919 0.5686816461190938 0.44603263578746677 0.5686816461190938 0.44603263578746677 0.5844066139913319 0.4062804824468919 0.5844066139913319
9 0.40425918651432036 0.6215747198711677 0.4446851051657523 0.6215747198711677 0.4446851051657523 0.6315815176080464 0.40425918651432036 0.6315815176080464
10 0.4628767685588968 0.39856608459215326 0.5026289218994716 0.39856608459215326 0.5026289218994716 0.4114319673967118 0.4628767685588968 0.4114319673967118
10 0.4648980644914683 0.44717053074270763 0.5046502178320432 0.44717053074270763 0.5046502178320432 0.46051292772521274 0.4648980644914683 0.46051292772521274
10 0.46691936042404 0.47194926799593145 0.49926009534518556 0.47194926799593145 0.49926009534518556 0.48433863662254334 0.46691936042404 0.48433863662254334
10 0.4628767685588968 0.5215067425023792 0.49926009534518556 0.5215067425023792 0.49926009534518556 0.531513540239258 0.4628767685588968 0.531513540239258
10 0.46422429918061114 0.5715407311867734 0.5033026872103289 0.5715407311867734 0.5033026872103289 0.582977071457492 0.46422429918061114 0.582977071457492
10 0.4608554726263249 0.6187156271981223 0.508019044386329 0.6187156271981223 0.508019044386329 0.633964080892414 0.4608554726263249 0.633964080892414
7 0.5639415651874768 0.3976130562362601 0.6205378512994816 0.3976130562362601 0.6205378512994816 0.4104789390408185 0.5639415651874768 0.4104789390408185
7 0.5652890958091912 0.44764704492065427 0.6117789022583381 0.44764704492065427 0.6117789022583381 0.46003641354726615 0.5652890958091912 0.46003641354726615
7 0.571352983606906 0.47576138141950447 0.6124526675691954 0.47576138141950447 0.6124526675691954 0.4871977216902231 0.571352983606906 0.4871977216902231
7 0.5632677998766196 0.522936285036219 0.6104313716366236 0.522936285036219 0.6104313716366236 0.5334195969510444 0.5632677998766196 0.5334195969510444
7 0.5700054529851916 0.5701111886529335 0.6164952594343385 0.5701111886529335 0.6164952594343385 0.5834535856354387 0.5700054529851916 0.5834535856354387
7 0.5592252080114765 0.6191921489814345 0.6158214941234811 0.6191921489814345 0.6158214941234811 0.6363466593875127 0.5592252080114765 0.6363466593875127
8 0.6663538924377712 0.3971365420583134 0.718907586684633 0.3971365420583134 0.718907586684633 0.40761985397313893 0.6663538924377712 0.40761985397313893
8 0.6548998821531989 0.4433584173191348 0.7236239438606333 0.4433584173191348 0.7236239438606333 0.45717732847958653 0.6548998821531989 0.45717732847958653
8 0.6650063618160569 0.4733788105297713 0.718907586684633 0.4733788105297713 0.718907586684633 0.4833856082666502 0.6650063618160569 0.4833856082666502
8 0.6522048209097701 0.5200771999685393 0.7216026479280617 0.5200771999685393 0.7216026479280617 0.531513540239258 0.6522048209097701 0.531513540239258
8 0.6670276577486285 0.5686816461190938 0.71958135199549 0.5686816461190938 0.71958135199549 0.5801179863898124 0.6670276577486285 0.5801179863898124
8 0.6690489536811998 0.6187156348034878 0.7148649948194895 0.6187156348034878 0.7148649948194895 0.632058031785993 0.6690489536811998 0.632058031785993
11 0.7714612809314945 0.3961835137024202 0.8058233117852117 0.3961835137024202 0.8058233117852117 0.41333802410849824 0.7714612809314945 0.41333802410849824
11 0.7701137503097804 0.4490765874544941 0.8024544852309258 0.4490765874544941 0.8024544852309258 0.4562243001236933 0.7701137503097804 0.4562243001236933
11 0.7721350462423519 0.46909018292825183 0.8118871995829265 0.46909018292825183 0.8118871995829265 0.4891037784020095 0.7721350462423519 0.4891037784020095
11 0.7701137503097804 0.5219832566803257 0.8058233117852117 0.5219832566803257 0.8058233117852117 0.5358021678407775 0.7701137503097804 0.5358021678407775
11 0.7674186890663514 0.5691581602970404 0.809865903650355 0.5691581602970404 0.809865903650355 0.5863126707031184 0.7674186890663514 0.5863126707031184
11 0.7680924543772086 0.6187156348034879 0.8105396689612122 0.6187156348034879 0.8105396689612122 0.635870145209566 0.7680924543772086 0.635870145209566
5 0.857029475410359 0.39427745699063377 0.9068881084137919 0.39427745699063377 0.9068881084137919 0.4057137972613524 0.857029475410359 0.4057137972613524
5 0.844227934504072 0.4447879598529746 0.9089094043463634 0.4447879598529746 0.9089094043463634 0.459083385191373 0.844227934504072 0.459083385191373
5 0.857029475410359 0.47194926799593145 0.9109307002789351 0.47194926799593145 0.9109307002789351 0.4829090940887035 0.857029475410359 0.4829090940887035
5 0.8428804038823576 0.5205537141464859 0.9095831696572207 0.5205537141464859 0.9095831696572207 0.5319900544172045 0.8428804038823576 0.5319900544172045
5 0.8563557100995018 0.5662990752293605 0.9055405777920775 0.5662990752293605 0.9055405777920775 0.5834535856354387 0.8563557100995018 0.5834535856354387
5 0.8543344141669302 0.6187156348034879 0.9129519962115067 0.6187156348034879 0.9129519962115067 0.635870145209566 0.8543344141669302 0.635870145209566
19 0.3979931691233483 0.7423061434413303 0.4350502612204944 0.7423061434413303 0.4350502612204944 0.7575069457178272 0.3979931691233483 0.7575069457178272
17 0.5514095304055329 0.7669419264411701 0.644793402490341 0.7669419264411701 0.644793402490341 0.7810943975261846 0.5514095304055329 0.7810943975261846
18 0.6759213598519436 0.7669419264411701 0.7515178277301214 0.7669419264411701 0.7515178277301214 0.7842393911006321 0.6759213598519436 0.7842393911006321
16 0.8226674445566418 0.7674660920369113 0.9108633237478493 0.7674660920369113 0.9108633237478493 0.7816185631219258 0.8226674445566418 0.7816185631219258
