4 0.21033605474340086 0.02926179841354589 0.3228413863503362 0.02926179841354589 0.3228413863503362 0.0488655916942695 0.21033605474340086 0.0488655916942695
3 0.4818163114470927 0.0575143240240005 0.5983979231847141 0.0575143240240005 0.5983979231847141 0.07654153514940872 0.4818163114470927 0.07654153514940872
14 0.0823408586398579 0.21780420921414137 0.3472990671344527 0.21780420921414137 0.3472990671344527 0.2299124344757647 0.0823408586398579 0.2299124344757647
13 0.07581881043076077 0.23221871708456682 0.28778537722643616 0.23221871708456682 0.28778537722643616 0.2650838999375446 0.07581881043076077 0.2650838999375446
15 0.14674608470469827 0.2766155430438526 0.2592514163116336 0.2766155430438526 0.2592514163116336 0.2904535147714222 0.14674608470469827 0.2904535147714222
12 0.13696301239105171 0.2939130077033147 0.3831703322844899 0.2939130077033147 0.3831703322844899 0.30659781512025347 0.13696301239105171 0.30659781512025347
1 0.49893668799597407 0.2160744167357356 0.7280236313405308 0.2160744167357356 0.7280236313405308 0.22875922415267444 0.49893668799597407 0.22875922415267444
0 0.5013824560743858 0.23221871708456682 0.7875373212485474 0.23221871708456682 0.7875373212485474 0.2610478248503369 0.5013824560743858 0.2610478248503369
2 0.5666029381653628 0.2748857965779064 0.6774777577200237 0.2748857965779064 0.6774777577200237 0.29103009692673765 0.5666029381653628 0.29103009692673765
6 0.1455333071451553 0.3963121800068235 0.3672020944171743 0.3963121800068235 0.3672020944171743 0.4349098284204991 0.1455333071451553 0.4349098284204991
6 0.1455333071451553 0.44777571122505755 0.3577693800651735 0.44777571122505755 0.3577693800651735 0.4830377603931068 0.1455333071451553 0.4830377603931068
6 0.1414907152800121 0.49923924244329165 0.3591169106868879 0.49923924244329165 0.3591169106868879 0.532118720721608 0.1414907152800121 0.532118720721608
6 0.14351201121258372 0.5449846035261663 0.3638332678628883 0.5449846035261663 0.3638332678628883 0.5673807698896569 0.14351201121258372 0.5673807698896569
6 0.1448595418342981 0.5821527094060021 0.37932987001260376 0.5821527094060021 0.37932987001260376 0.6059784183033328 0.1448595418342981 0.6059784183033328
6 0.1414907152800121 0.6193208152858378 0.34968419633488707 0.6193208152858378 0.34968419633488707 0.6550593786318337 0.1414907152800121 0.6550593786318337
6 0.1428382459017265 0.6693548039702321 0.3490104310240299 0.6693548039702321 0.3490104310240299 0.6936570270455092 0.1428382459017265 0.6936570270455092
9 0.40223789058174864 0.3977417225406633 0.44266380923318066 0.3977417225406633 0.44266380923318066 0.41156063370111506 0.40223789058174864 0.41156063370111506
9 0.40223789058174864 0.44634616869121774 0.44266380923318066 0.44634616869121774 0.44266380923318066 0.45921205149577626 0.40223789058174864 0.45921205149577626
9 0.4062804824468919 0.49590364319766533 0.4426638092331807 0.49590364319766533 0.4426638092331807 0.5059104409345442 0.4062804824468919 0.5059104409345442
9 0.4056067171360347 0.5406959759246468 0.44401133985489516 0.5406959759246468 0.44401133985489516 0.5616625997542977 0.4056067171360347 0.5616625997542977
9 0.4056067171360347 0.5821527094060021 0.44266380923318066 0.5821527094060021 0.44266380923318066 0.5950185922105606 0.4056067171360347 0.5950185922105606
9 0.4056067171360347 0.6207503578196776 0.4399687479897519 0.6207503578196776 0.4399687479897519 0.6317101839124498 0.4056067171360347 0.6317101839124498
9 0.40425918651432036 0.6674487472584457 0.4419900439223235 0.6674487472584457 0.4419900439223235 0.6807911442409509 0.40425918651432036 0.6807911442409509
10 0.46557182980232553 0.3986947432911909 0.5019551565886146 0.3986947432911909 0.5019551565886146 0.41156062609574945 0.46557182980232553 0.41156062609574945
10 0.4662455951131827 0.44777571122505755 0.5006076259669 0.44777571122505755 0.5006076259669 0.45778250896193634 0.4662455951131827 0.45778250896193634
10 0.46691936042404 0.4978096999094518 0.5066715137646147 0.4978096999094518 0.5066715137646147 0.5101990685360638 0.46691936042404 0.5101990685360638
10 0.4648980644914679 0.547367174415899 0.5033026872103283 0.547367174415899 0.5033026872103283 0.5568975112123902 0.4648980644914679 0.5568975112123902
10 0.46422429918061114 0.5845352802957352 0.5012813912777572 0.5845352802957352 0.5012813912777572 0.5950185922105606 0.46422429918061114 0.5950185922105606
10 0.4648980644914683 0.6221799003535174 0.5006076259668999 0.6221799003535174 0.5006076259668999 0.6321866980903963 0.4648980644914683 0.6321866980903963
10 0.4662455951131827 0.6693548039702321 0.5026289218994716 0.6693548039702321 0.5026289218994716 0.6822206867747906 0.4662455951131827 0.6822206867747906
7 0.581459463269764 0.39726520836271667 0.621885381921196 0.39726520836271667 0.621885381921196 0.41203714787906165 0.581459463269764 0.41203714787906165
7 0.5720267489177632 0.4444401119794313 0.6225591472320533 0.4444401119794313 0.6225591472320533 0.45921205149577626 0.5720267489177632 0.45921205149577626
7 0.5794381673371921 0.49590364319766506 0.6164952594343384 0.49590364319766506 0.6164952594343384 0.5092460021533426 0.5794381673371921 0.5092460021533426
7 0.5774168714046208 0.5449846035261663 0.6259279737863392 0.5449846035261663 0.6259279737863392 0.5592800288645647 0.5774168714046208 0.5592800288645647
7 0.581459463269764 0.5845352802957352 0.6239066778537676 0.5845352802957352 0.6239066778537676 0.5950185922105606 0.581459463269764 0.5950185922105606
7 0.5733742795394776 0.6193208152858378 0.6198640859886245 0.6193208152858378 0.6198640859886245 0.6321866980903964 0.5733742795394776 0.6321866980903964
7 0.5740480448503349 0.6693548039702321 0.6198640859886245 0.6693548039702321 0.6198640859886245 0.6831737151306838 0.5740480448503349 0.6831737151306838
8 0.6771341374114865 0.3977417225406633 0.7236239438606332 0.3977417225406633 0.7236239438606332 0.41156063370111506 0.6771341374114865 0.41156063370111506
8 0.6730915455463433 0.4430105694455914 0.7168862907520615 0.4430105694455914 0.7168862907520615 0.464453707453189 0.6730915455463433 0.464453707453189
8 0.6764603721006293 0.4978096999094518 0.7168862907520615 0.4978096999094518 0.7168862907520615 0.5130581536037434 0.6764603721006293 0.5130581536037434
8 0.6751128414789149 0.54307854681438 0.7175600560629186 0.54307854681438 0.7175600560629186 0.5602330572204579 0.6751128414789149 0.5602330572204579
8 0.6825242598983441 0.5845352802957352 0.7209288826172047 0.5845352802957352 0.7209288826172047 0.5959716205664538 0.6825242598983441 0.5959716205664538
8 0.6751128414789149 0.6178912727519981 0.7175600560629186 0.6178912727519981 0.7175600560629186 0.6364753256919158 0.6751128414789149 0.6364753256919158
8 0.6744390761680576 0.6664957189025523 0.7195813519954901 0.6664957189025523 0.7195813519954901 0.6831737151306838 0.6744390761680576 0.6831737151306838
11 0.7701137503097804 0.39869475089655654 0.8064970770960692 0.39869475089655654 0.8064970770960692 0.4120371478790617 0.7701137503097804 0.4120371478790617
11 0.7674186890663514 0.44015148437791185 0.8078446077177833 0.44015148437791185 0.8078446077177833 0.4606415940296161 0.7674186890663514 0.4606415940296161
11 0.7721350462423519 0.4916150155961458 0.8118871995829265 0.4916150155961458 0.8118871995829265 0.51210512524785 0.7721350462423519 0.51210512524785
11 0.7694399849989231 0.5421255184584867 0.8105396689612122 0.5421255184584867 0.8105396689612122 0.5573739721527783 0.7694399849989231 0.5573739721527783
11 0.7721350462423519 0.5788171101603758 0.8085183730286407 0.5788171101603758 0.8085183730286407 0.5974011631002936 0.7721350462423519 0.5974011631002936
11 0.7701137503097804 0.6088375033710124 0.809865903650355 0.6088375033710124 0.809865903650355 0.6350457831580761 0.7701137503097804 0.6350457831580761
11 0.7734825768640663 0.6631601196569261 0.8064970770960692 0.6631601196569261 0.8064970770960692 0.68650931437631 0.7734825768640663 0.68650931437631
5 0.8630933632080737 0.3963121800068235 0.9055405777920775 0.3963121800068235 0.9055405777920775 0.4129901762349549 0.8630933632080737 0.4129901762349549
5 0.867135955073217 0.44491662615737787 0.9095831696572207 0.44491662615737787 0.9095831696572207 0.46064159402961613 0.867135955073217 0.46064159402961613
5 0.8651146591406454 0.49495061484177216 0.9109307002789352 0.49495061484177216 0.9109307002789352 0.5121051252478501 0.8651146591406454 0.5121051252478501
5 0.8630933632080737 0.5459376318820596 0.907561873724649 0.5459376318820596 0.907561873724649 0.5592800288645647 0.8630933632080737 0.5592800288645647
5 0.8752211388035035 0.5831057377618953 0.9109307002789351 0.5831057377618953 0.9109307002789351 0.5964481347444004 0.8752211388035035 0.5964481347444004
5 0.8651146591406454 0.6164617302181582 0.9068881084137919 0.6164617302181582 0.9068881084137919 0.6331397264462896 0.8651146591406454 0.6331397264462896
5 0.8684834856949314 0.6679252614363922 0.9095831696572207 0.6679252614363922 0.9095831696572207 0.6831737151306838 0.8684834856949314 0.6831737151306838
19 0.3979931691233483 0.7785433105079803 0.4439439633238094 0.7785433105079803 0.4439439633238094 0.7958407751674423 0.3979931691233483 0.7958407751674423
17 0.5647500835605055 0.8021307623163376 0.6470168280161697 0.8021307623163376 0.6470168280161697 0.8225732205502473 0.5647500835605055 0.8225732205502473
18 0.6907441966908019 0.808420749465233 0.7552235369398359 0.808420749465233 0.7552235369398359 0.8210007237630235 0.6907441966908019 0.8210007237630235
16 0.8419371324471577 0.8073724182737504 0.9153101747995068 0.8073724182737504 0.9153101747995068 0.8210007237630235 0.8419371324471577 0.8210007237630235
