4 0.20681960295575152 0.026372148627486665 0.323672678625751 0.026372148627486665 0.323672678625751 0.04904418751421671 0.20681960295575152 0.04904418751421671
3 0.480855576872122 0.057820460631660596 0.6008109465864577 0.057820460631660596 0.6008109465864577 0.076835719052789 0.480855576872122 0.076835719052789
14 0.08272784118230071 0.21213659628004888 0.20785370097053033 0.21213659628004888 0.20785370097053033 0.22895778642181633 0.08272784118230071 0.22895778642181633
13 0.0837619391970794 0.23188321079429766 0.2833428560493795 0.23188321079429766 0.2833428560493795 0.25967474233286997 0.0837619391970794 0.25967474233286997
15 0.14891011412814106 0.2757645763815171 0.2564563076651318 0.2757645763815171 0.2564563076651318 0.2896603421508032 0.14891011412814106 0.2896603421508032
12 0.13650093795079601 0.2903916982439235 0.3805480694385826 0.2903916982439235 0.3805480694385826 0.3050188201063301 0.13650093795079601 0.3050188201063301
1 0.5046398312120335 0.21286795237316924 0.736277786522475 0.21286795237316924 0.736277786522475 0.22822643032869605 0.5046398312120335 0.22822643032869605
0 0.5056739292268122 0.23115185470117736 0.7176640222564574 0.23115185470117736 0.7176640222564574 0.2582120301466293 0.5056739292268122 0.2582120301466293
2 0.5646175160692013 0.2757645763815171 0.6783682976948645 0.2757645763815171 0.6783682976948645 0.2889289860576829 0.5646175160692013 0.2889289860576829
6 0.13856913398035353 0.3949756195601299 0.2543881116355743 0.3949756195601299 0.2543881116355743 0.4125281657950177 0.13856913398035353 0.4125281657950177
9 0.40226412774893644 0.3949756195601299 0.4405257542957505 0.3949756195601299 0.4405257542957505 0.40594596095693475 0.40226412774893644 0.40594596095693475
10 0.4632759106208832 0.3949756195601299 0.5067080272415908 0.3949756195601299 0.5067080272415908 0.41033409751565675 0.4632759106208832 0.41033409751565675
7 0.5718562021726527 0.3949756195601299 0.6266633969559268 0.3949756195601299 0.6266633969559268 0.4117968097018973 0.5718562021726527 0.4117968097018973
8 0.6742319056357495 0.39716968783949075 0.7176640222564574 0.39716968783949075 0.7176640222564574 0.41252816579501767 0.6742319056357495 0.41252816579501767
11 0.7704030210101739 0.3927815512807689 0.8076305495422091 0.3927815512807689 0.8076305495422091 0.41252816579501767 0.7704030210101739 0.41252816579501767
5 0.8645059403550409 0.39716968783949075 0.911040351020085 0.39716968783949075 0.911040351020085 0.40740867314317536 0.8645059403550409 0.40740867314317536
19 0.3970936376750427 0.49517140431761425 0.442593950325308 0.49517140431761425 0.442593950325308 0.5141866627387427 0.3970936376750427 0.5141866627387427
17 0.5749584962169889 0.5244256480424272 0.6494135532810593 0.5244256480424272 0.6494135532810593 0.5405154820910744 0.5749584962169889 0.5405154820910744
18 0.7031866500495547 0.5229629358561866 0.7548915507884925 0.5229629358561866 0.7548915507884925 0.5361273455323523 0.7031866500495547 0.5361273455323523
16 0.8520967641776956 0.5229629358561866 0.9151767430791999 0.5229629358561866 0.9151767430791999 0.5361273455323523 0.8520967641776956 0.5361273455323523
