4 0.2110013971180533 0.028206678289257846 0.32720505491252305 0.028206678289257846 0.32720505491252305 0.04406673762665644 0.2110013971180533 0.04406673762665644
3 0.4821432468138961 0.05704312823246113 0.5922309226191832 0.05704312823246113 0.5922309226191832 0.07434501114598686 0.4821432468138961 0.07434501114598686
14 0.07950776585937398 0.21203916266612916 0.22832999426281758 0.21203916266612916 0.22832999426281758 0.22934104557965487 0.07950776585937398 0.22934104557965487
13 0.08460442984452816 0.23294557215096304 0.3272050487487713 0.23294557215096304 0.3272050487487713 0.25961935146799464 0.08460442984452816 0.25961935146799464
15 0.14576423740885233 0.27620031180378707 0.2680838771925046 0.27620031180378707 0.2680838771925046 0.28773490041280414 0.14576423740885233 0.28773490041280414
12 0.13353224261173174 0.2906185475650585 0.3812295131736276 0.2906185475650585 0.3812295131736276 0.30936225405471135 0.13353224261173174 0.30936225405471135
1 0.5025298534445048 0.21708554518257414 0.6350427965434614 0.21708554518257414 0.6350427965434614 0.23006195736771842 0.5025298534445048 0.23006195736771842
0 0.5035491837760353 0.23294560451997273 0.6890673041145745 0.23294560451997273 0.6890673041145745 0.2610611642544521 0.5035491837760353 0.2610611642544521
2 0.5657283339993918 0.27620031180378707 0.6809126614623311 0.27620031180378707 0.6809126614623311 0.29133945935312205 0.5657283339993918 0.29133945935312205
6 0.142706246414261 0.39887993950985356 0.3512056324091229 0.39887993950985356 0.3512056324091229 0.41985191879897565 0.142706246414261 0.41985191879897565
6 0.14733956610303572 0.43427015456024703 0.3604722717866723 0.43427015456024703 0.3604722717866723 0.47097111831621075 0.14733956610303572 0.47097111831621075
6 0.13899959066324125 0.483423231019127 0.3178457306499449 0.483423231019127 0.3178457306499449 0.49653071807482835 0.13899959066324125 0.49653071807482835
6 0.13714626278773137 0.5076720820721744 0.34379232090708334 0.5076720820721744 0.34379232090708334 0.543717671475353 0.13714626278773137 0.543717671475353
6 0.14177958247650607 0.5574805328838394 0.3549122881601427 0.5574805328838394 0.3549122881601427 0.593526122287018 0.14177958247650607 0.593526122287018
6 0.14363291035201595 0.6079443580482894 0.2881924846417868 0.6079443580482894 0.2881924846417868 0.6217072194567758 0.14363291035201595 0.6217072194567758
6 0.13714626278773137 0.6308824603957667 0.34379232090708334 0.6308824603957667 0.34379232090708334 0.6688941728573006 0.13714626278773137 0.6688941728573006
9 0.40402547686115453 0.39691381645149826 0.44572535406012687 0.39691381645149826 0.44572535406012687 0.4087105548016295 0.40402547686115453 0.4087105548016295
9 0.40587880473666443 0.43230403150189184 0.44294536224686204 0.43230403150189184 0.44294536224686204 0.4454115185575932 0.40587880473666443 0.4454115185575932
9 0.40402547686115453 0.48211248231355674 0.4410920343713522 0.48211248231355674 0.4410920343713522 0.4952199693692581 0.40402547686115453 0.4952199693692581
9 0.4049521183852692 0.5083274760425409 0.43923868408220196 0.5083274760425409 0.43923868408220196 0.5247118348621675 0.4049521183852692 0.5247118348621675
9 0.4012454850478897 0.5561697841782692 0.43645871468257746 0.5561697841782692 0.43645871468257746 0.5686218968811855 0.4012454850478897 0.5686218968811855
9 0.4077321326121742 0.6027013632260088 0.43738539543056254 0.6027013632260088 0.43738539543056254 0.6210518451039907 0.4077321326121742 0.6210518451039907
9 0.40680546867441936 0.6289163373374115 0.443872026184617 0.6289163373374115 0.443872026184617 0.642679198745898 0.40680546867441936 0.642679198745898
10 0.46147864100196095 0.3956030677459282 0.5031785182009334 0.3956030677459282 0.5031785182009334 0.41002130350719956 0.46147864100196095 0.41002130350719956
10 0.4661119606907357 0.43427015456024703 0.5013251903254233 0.43427015456024703 0.5013251903254233 0.44737764161594834 0.4661119606907357 0.44737764161594834
10 0.46147864100196095 0.4847339797246971 0.5050318460764432 0.4847339797246971 0.5050318460764432 0.49718609242761336 0.46147864100196095 0.49718609242761336
10 0.4624053049397159 0.5109489538360997 0.5013251903254233 0.5109489538360997 0.5013251903254233 0.5214349434806608 0.4624053049397159 0.5214349434806608
10 0.4642586328152257 0.5555144098254842 0.5031785182009333 0.5555144098254842 0.5031785182009333 0.5699326455867557 0.4642586328152257 0.5699326455867557
10 0.4661119606907357 0.6066336093427193 0.4994718624499135 0.6066336093427193 0.4994718624499135 0.6158088502817102 0.4661119606907357 0.6158088502817102
10 0.4624053049397159 0.6308824603957667 0.5050318460764431 0.6308824603957667 0.5050318460764431 0.643989947451468 0.4624053049397159 0.643989947451468
7 0.5745316414080638 0.39625844209871325 0.619011510420301 0.39625844209871325 0.619011510420301 0.4080551804488445 0.5745316414080638 0.4080551804488445
7 0.5726783135325539 0.4329594058546769 0.619011510420301 0.4329594058546769 0.619011510420301 0.4447561442048081 0.5726783135325539 0.4447561442048081
7 0.5643383380927595 0.4808017336079867 0.6199381743580559 0.4808017336079867 0.6199381743580559 0.4952199693692581 0.5643383380927595 0.4952199693692581
7 0.5680449938437792 0.5076720820721744 0.6153048546692812 0.5076720820721744 0.6153048546692812 0.5181580717167354 0.5680449938437792 0.5181580717167354
7 0.5634116741550045 0.5561697841782692 0.6162315186070361 0.5561697841782692 0.6162315186070361 0.5725541429978959 0.5634116741550045 0.5725541429978959
7 0.5513650429641903 0.6079443580482894 0.6162315186070362 0.6079443580482894 0.6162315186070362 0.6197410963984206 0.5513650429641903 0.6197410963984206
7 0.5634116741550045 0.6315378347485519 0.6162315186070361 0.6315378347485519 0.6162315186070361 0.642023824393113 0.5634116741550045 0.642023824393113
8 0.666271371245803 0.39625844209871325 0.7227978714488545 0.39625844209871325 0.7227978714488545 0.41133205221276975 0.666271371245803 0.41133205221276975
8 0.6746113466855975 0.4316486571491068 0.7190912156978346 0.4316486571491068 0.7190912156978346 0.44868839032151847 0.6746113466855975 0.44868839032151847
8 0.6514447482417238 0.4801463592552016 0.7181645517600799 0.4801463592552016 0.7181645517600799 0.4952199693692581 0.6514447482417238 0.4952199693692581
8 0.6681246991213129 0.5096382051305296 0.7227978714488544 0.5096382051305296 0.7227978714488544 0.5214349434806608 0.6681246991213129 0.5214349434806608
8 0.667198035183558 0.5587912815894095 0.7163112238845699 0.5587912815894095 0.7163112238845699 0.5660003994700452 0.667198035183558 0.5660003994700452
8 0.6523714121794789 0.6066336093427193 0.7227978714488544 0.6066336093427193 0.7227978714488544 0.6210518451039907 0.6523714121794789 0.6210518451039907
8 0.6625647154947832 0.6321932091013369 0.7209445435733446 0.6321932091013369 0.7209445435733446 0.6472668192153935 0.6625647154947832 0.6472668192153935
11 0.7682044043988465 0.39625844209871325 0.8071242897845541 0.39625844209871325 0.8071242897845541 0.4119874265655548 0.7682044043988465 0.4119874265655548
11 0.7719110601498664 0.4316486571491068 0.8099042815978188 0.4316486571491068 0.8099042815978188 0.44934376467430365 0.7719110601498664 0.44934376467430365
11 0.7672777404610914 0.4788356105496315 0.8089776176600639 0.4788356105496315 0.8089776176600639 0.4978414667803984 0.7672777404610914 0.4978414667803984
11 0.7719110601498664 0.5109489538360997 0.8089776176600639 0.5109489538360997 0.8089776176600639 0.5247118152445861 0.7719110601498664 0.5247118152445861
11 0.7719110601498664 0.5594466559421946 0.8024909700957793 0.5594466559421946 0.8024909700957793 0.5718987686451108 0.7719110601498664 0.5718987686451108
11 0.7728377240876213 0.6059782349899342 0.8043442979712891 0.6059782349899342 0.8043442979712891 0.6210518451039908 0.7728377240876213 0.6210518451039908
11 0.7682044043988465 0.6295717116901965 0.8099042815978189 0.6295717116901965 0.8099042815978189 0.6485775679209635 0.7682044043988465 0.6485775679209635
5 0.8525308227345464 0.3916708216292178 0.9127639786886176 0.3916708216292178 0.9127639786886176 0.40936592915441455 0.8525308227345464 0.40936592915441455
5 0.854384156213466 0.4355809523097708 0.9118373203542723 0.4355809523097708 0.9118373203542723 0.44606694195433183 0.854384156213466 0.44606694195433183
5 0.841410855481487 0.4788356105496315 0.9127639786886176 0.4788356105496315 0.9127639786886176 0.49653071807482835 0.841410855481487 0.49653071807482835
5 0.8580908063610757 0.5102935794833147 0.9118373147508624 0.5102935794833147 0.9118373147508624 0.5214349434806608 0.8580908063610757 0.5214349434806608
5 0.8553108145478111 0.5555144098254842 0.9136906426263725 0.5555144098254842 0.9136906426263725 0.5686218968811856 0.8553108145478111 0.5686218968811856
5 0.8441908472947518 0.6046674862843641 0.9081306589998428 0.6046674862843641 0.9081306589998428 0.6210518451039908 0.8441908472947518 0.6210518451039908
5 0.8534574866723013 0.632848583454122 0.9090573229375977 0.632848583454122 0.9090573229375977 0.6439899474514681 0.8534574866723013 0.6439899474514681
19 0.39753882929686996 0.7570995076032716 0.45035867374890165 0.7570995076032716 0.45035867374890165 0.7734838664228983 0.39753882929686996 0.7734838664228983
17 0.5541450347774551 0.7793822355979639 0.6449581006774393 0.7793822355979639 0.6449581006774393 0.7990434661815158 0.5541450347774551 0.7990434661815158
18 0.682024658187637 0.7813483586563191 0.7644977486478267 0.7813483586563191 0.7644977486478267 0.7970773431231607 0.682024658187637 0.7970773431231607
16 0.8256575685396531 0.7806929843035342 0.9136906426263725 0.7806929843035342 0.9136906426263725 0.7970773431231608 0.8256575685396531 0.7970773431231608
