4 0.20790800591215253 0.02805367423460037 0.33748484781821003 0.02805367423460037 0.33748484781821003 0.04769124619882064 0.20790800591215253 0.04769124619882064
3 0.4736727530868214 0.05610734846920074 0.6019273823203681 0.05610734846920074 0.6019273823203681 0.07948541033136772 0.4736727530868214 0.07948541033136772
14 0.07039788797103037 0.20853231181052945 0.1960080918595554 0.20853231181052945 0.1960080918595554 0.23097525119820975 0.07039788797103037 0.23097525119820975
13 0.07304231331605195 0.23097525119820972 0.28724076626280004 0.23097525119820972 0.28724076626280004 0.2627694153307568 0.07304231331605195 0.2627694153307568
15 0.14444179763163462 0.27399088502459695 0.2660853635026273 0.27399088502459695 0.2660853635026273 0.2908230895653572 0.14444179763163462 0.2908230895653572
12 0.13121967090652673 0.2908230895653572 0.3903733547186416 0.2908230895653572 0.3903733547186416 0.31233090647855083 0.13121967090652673 0.31233090647855083
1 0.4908615178294616 0.2150781691319362 0.771170604401749 0.2150781691319362 0.771170604401749 0.23191037367269643 0.4908615178294616 0.23191037367269643
0 0.48953930515695077 0.23191037367269643 0.7777816677643031 0.23191037367269643 0.7777816677643031 0.2674450277031903 0.48953930515695077 0.2674450277031903
2 0.564132022030918 0.2755188499830796 0.6976755019545076 0.2755188499830796 0.6976755019545076 0.29328617699832654 0.564132022030918 0.29328617699832654
6 0.1338640962515483 0.3955568067078652 0.3745068026485121 0.3955568067078652 0.3745068026485121 0.4376373180597658 0.1338640962515483 0.4376373180597658
9 0.3903733547186416 0.3899460718609452 0.44458407429158403 0.3899460718609452 0.44458407429158403 0.4142592561975989 0.3903733547186416 0.4142592561975989
10 0.4604506263617133 0.3918163168099186 0.5080502825721018 0.3918163168099186 0.5080502825721018 0.4151943786720856 0.4604506263617133 0.4151943786720856
7 0.5556499387824902 0.39462168423337857 0.627049423098073 0.39462168423337857 0.627049423098073 0.4151943786720854 0.5556499387824902 0.4151943786720854
8 0.652171463875778 0.3955568067078652 0.7315042242264254 0.3955568067078652 0.7315042242264254 0.4151943786720854 0.652171463875778 0.4151943786720854
11 0.7605929030216629 0.3890109493864585 0.8161258352671159 0.3890109493864585 0.8161258352671159 0.4179997460955456 0.7605929030216629 0.4179997460955456
11 0.7632373283666845 0.4413778079577126 0.8200924732846484 0.4413778079577126 0.8200924732846484 0.46475586981987943 0.7632373283666845 0.46475586981987943
8 0.6574603145658212 0.446053420330146 0.7354708622439579 0.446053420330146 0.7354708622439579 0.46756123724333953 0.6574603145658212 0.46756123724333953
7 0.5649054274900659 0.4441831753811725 0.627049423098073 0.4441831753811725 0.627049423098073 0.4628856248709062 0.5649054274900659 0.4628856248709062
10 0.4617728390342242 0.4441831753811725 0.5212724092972099 0.4441831753811725 0.5212724092972099 0.4656909922943663 0.4617728390342242 0.4656909922943663
9 0.39962884342621713 0.44324805290668595 0.44855071230911636 0.44324805290668595 0.44855071230911636 0.4647558698198795 0.39962884342621713 0.4647558698198795
6 0.1365085215965699 0.44511829785565926 0.3678957392859581 0.44511829785565926 0.3678957392859581 0.48532856425858645 0.1365085215965699 0.48532856425858645
19 0.3890511420461308 0.5676193420134141 0.44855071230911636 0.5676193420134141 0.44855071230911636 0.5900622814010945 0.3890511420461308 0.5900622814010945
17 0.5610268606738892 0.5949840111989522 0.661269744799767 0.5949840111989522 0.661269744799767 0.6160611518710787 0.5610268606738892 0.6160611518710787
18 0.6811377038157067 0.5924292062689974 0.7633188070180028 0.5924292062689974 0.7633188070180028 0.6128676457086353 0.6811377038157067 0.6128676457086353
16 0.8323332331626266 0.5944302062217058 0.9195992695483388 0.5944302062217058 0.9195992695483388 0.6150029006604127 0.8323332331626266 0.6150029006604127
5 0.8529785933789722 0.3945822011901245 0.9105956745251974 0.3945822011901245 0.9105956745251974 0.4121464850835633 0.8529785933789722 0.4121464850835633
5 0.8490050015757841 0.4423570533802779 0.9105956745251974 0.4423570533802779 0.9105956745251974 0.46764962218682965 0.8490050015757841 0.46764962218682965
