4 0.21238524912774234 0.03130018466238415 0.3287236658473974 0.03130018466238415 0.3287236658473974 0.048521423206397685 0.21238524912774234 0.048521423206397685
3 0.47617584517812295 0.054261836054402206 0.5952198064726537 0.054261836054402206 0.5952198064726537 0.07722348744642024 0.47617584517812295 0.07722348744642024
14 0.07846079267139527 0.21403666032386115 0.3111376261107054 0.21403666032386115 0.3111376261107054 0.2303011633932072 0.07846079267139527 0.2303011633932072
13 0.07575524809651957 0.23317136981720948 0.2921988140865755 0.23317136981720948 0.2921988140865755 0.2618734340572321 0.07575524809651957 0.2618734340572321
15 0.1453391713776203 0.27298468217743155 0.2593745212277531 0.27298468217743155 0.2593745212277531 0.29117056310086176 0.1453391713776203 0.29117056310086176
12 0.1352772287437851 0.29037987262593 0.39465174997153807 0.29037987262593 0.39465174997153807 0.3093564440242921 0.1352772287437851 0.3093564440242921
1 0.49862515718783557 0.21368289655755024 0.5958906026482429 0.21368289655755024 0.5958906026482429 0.23107808700604873 0.49862515718783557 0.23107808700604873
0 0.49303518905792715 0.23265946795591227 0.7893034999430759 0.23265946795591227 0.7893034999430759 0.2658684679030458 0.49303518905792715 0.2658684679030458
15 0.5668227683727189 0.277728825027022 0.6819761118488333 0.277728825027022 0.6819761118488333 0.2911705631008618 0.5668227683727189 0.2911705631008618
6 0.13822466648500953 0.3967098326517985 0.36893789657395903 0.3967098326517985 0.36893789657395903 0.43265030878505994 0.13822466648500953 0.43265030878505994
9 0.4034940631952114 0.3974286421744637 0.44008294550006677 0.3974286421744637 0.44008294550006677 0.40821078501444213 0.4034940631952114 0.40821078501444213
10 0.46447553370330374 0.3967098326517985 0.49903170032455607 0.3967098326517985 0.49903170032455607 0.4103672135824378 0.46447553370330374 0.4103672135824378
7 0.5610295286744501 0.3945534040838028 0.6189619256571378 0.3945534040838028 0.6189619256571378 0.4103672135824378 0.5610295286744501 0.4103672135824378
8 0.6667307442218103 0.3945534040838028 0.7195813519954903 0.3945534040838028 0.7195813519954903 0.4125236421504334 0.6667307442218103 0.4125236421504334
11 0.7714156019273689 0.3952722136064681 0.8080044842322242 0.3952722136064681 0.8080044842322242 0.4132424516730987 0.7714156019273689 0.4132424516730987
5 0.8567896606386981 0.3974286421744637 0.9116729840959814 0.3974286421744637 0.9116729840959814 0.4125236421504334 0.8567896606386981 0.4125236421504334
6 0.13924102432681107 0.4455888801930341 0.3486107397379282 0.4455888801930341 0.3486107397379282 0.4829669753716259 0.13924102432681107 0.4829669753716259
9 0.4045104210370129 0.4448700706703687 0.44414837686727293 0.4448700706703687 0.44414837686727293 0.4599650706463386 0.4045104210370129 0.4599650706463386
10 0.46447553370330374 0.44702649923836446 0.5010644160081591 0.44702649923836446 0.5010644160081591 0.4614026896916691 0.46447553370330374 0.4614026896916691
7 0.5610295286744501 0.44127602305704255 0.6189619256571378 0.44127602305704255 0.6189619256571378 0.46212149921433426 0.5610295286744501 0.46212149921433426
8 0.6555508079619927 0.4434324516250377 0.7185649941536888 0.4434324516250377 0.7185649941536888 0.4592462611236733 0.6555508079619927 0.4592462611236733
11 0.7703992440855673 0.44774530876102964 0.8110535577576289 0.44774530876102964 0.8110535577576289 0.46427792778233 0.7703992440855673 0.46427792778233
5 0.8476424400624843 0.4455888801930341 0.9076075527287755 0.4455888801930341 0.9076075527287755 0.45852745160100816 0.8476424400624843 0.45852745160100816
6 0.13619195080140645 0.49734316582493043 0.3648724652067528 0.49734316582493043 0.3648724652067528 0.5311272133901962 0.13619195080140645 0.5311272133901962
9 0.4024777053534098 0.49303030868893905 0.4431320190254715 0.49303030868893905 0.4431320190254715 0.5095629277102393 0.4024777053534098 0.5095629277102393
10 0.4624428180197008 0.49734316582493043 0.5041134895335638 0.49734316582493043 0.5041134895335638 0.5110005467555696 0.4624428180197008 0.5110005467555696
7 0.5600131708326485 0.4951867372569347 0.6199782834989394 0.4951867372569347 0.6199782834989394 0.5074064991422437 0.5600131708326485 0.5074064991422437
8 0.6515408142952491 0.4944004478566715 0.7208379398726268 0.4944004478566715 0.7208379398726268 0.508776638309976 0.6515408142952491 0.508776638309976
11 0.7698079086139739 0.4944004478566715 0.8095382606116703 0.4944004478566715 0.8095382606116703 0.509430101512399 0.7698079086139739 0.509430101512399
5 0.8428008808888114 0.4937469846542485 0.9093261214430941 0.4937469846542485 0.9093261214430941 0.509430101512399 0.8428008808888114 0.509430101512399
19 0.39741874792462006 0.6186014508852283 0.436362587092072 0.6186014508852283 0.436362587092072 0.6342629656540425 0.39741874792462006 0.6342629656540425
17 0.5562485233526593 0.6445239580887828 0.6471174814100471 0.6445239580887828 0.6471174814100471 0.6596454206241896 0.5562485233526593 0.6596454206241896
18 0.6845341111983833 0.6450640103221902 0.7517313238794768 0.6450640103221902 0.7517313238794768 0.6596454206241896 0.6845341111983833 0.6596454206241896
16 0.8242569700843054 0.6415725618321669 0.9111093674746188 0.6415725618321669 0.9111093674746188 0.660522994702432 0.8242569700843054 0.660522994702432
