4 0.21202174909132207 0.02874508801601996 0.3299775109097336 0.02874508801601996 0.3299775109097336 0.046696894975213184 0.21202174909132207 0.046696894975213184
3 0.4763023800009277 0.05620079277713903 0.6032168072739021 0.05620079277713903 0.6032168072739021 0.0752085883809907 0.4763023800009277 0.0752085883809907
14 0.08361421090925378 0.21354310083124461 0.30907395818242017 0.21354310083124461 0.30907395818242017 0.2314949077904379 0.08361421090925378 0.2314949077904379
13 0.08212110000015996 0.23466287372441313 0.31504640181879545 0.23466287372441313 0.31504640181879545 0.2621185784855322 0.08212110000015996 0.2621185784855322
15 0.14483175818210028 0.27690241951075023 0.26577374181869945 0.27690241951075023 0.26577374181869945 0.28851829460199296 0.14483175818210028 0.28851829460199296
12 0.13437998181844354 0.28957428324665135 0.3807432818189234 0.28957428324665135 0.3807432818189234 0.30647010156118626 0.13437998181844354 0.30647010156118626
1 0.5046714872737103 0.21565507812056142 0.7659658963651282 0.21565507812056142 0.7659658963651282 0.2283269418564626 0.5046714872737103 0.2283269418564626
0 0.5001921545464287 0.229382930501121 0.7525278981832837 0.229382930501121 0.7525278981832837 0.2621185784855322 0.5001921545464287 0.2621185784855322
2 0.5614097018192753 0.2747904422214334 0.6718999090922179 0.2747904422214334 0.6718999090922179 0.2927422491806266 0.5614097018192753 0.2927422491806266
6 0.13736620363663118 0.3951731477124941 0.35536039636432853 0.3951731477124941 0.35536039636432853 0.43530071620951427 0.13736620363663118 0.43530071620951427
6 0.14035242545481882 0.44480461401144 0.36581217272798516 0.44480461401144 0.36581217272798516 0.4838761938638018 0.14035242545481882 0.4838761938638018
6 0.14035242545481882 0.4912681143764109 0.37925017090982965 0.4912681143764109 0.37925017090982965 0.5313956828734311 0.14035242545481882 0.5313956828734311
9 0.3986606127280492 0.3920051817785188 0.4419608290917699 0.3920051817785188 0.4419608290917699 0.4089010000930536 0.3986606127280492 0.4089010000930536
9 0.40015372363714297 0.44374862536678167 0.4464401618190512 0.44374862536678167 0.4464401618190512 0.4574764777473412 0.40015372363714297 0.4574764777473412
9 0.4031399454553306 0.49338009166572777 0.44345394000086363 0.49338009166572777 0.44345394000086363 0.5102759099802625 0.4031399454553306 0.5102759099802625
10 0.45987816000089576 0.3972851250018109 0.506164598182804 0.3972851250018109 0.506164598182804 0.4099569887377121 0.45987816000089576 0.4099569887377121
10 0.46137127090998953 0.44480461401144 0.506164598182804 0.44480461401144 0.506164598182804 0.4585324663919996 0.46137127090998953 0.4585324663919996
10 0.45689193818270807 0.49443608031038616 0.5076577090918979 0.49443608031038616 0.5076577090918979 0.5102759099802625 0.45689193818270807 0.5102759099802625
7 0.5763408109102135 0.387781227199885 0.6181479163648403 0.387781227199885 0.6181479163648403 0.4131249546716873 0.5763408109102135 0.4131249546716873
7 0.571861478182932 0.44480461401144 0.621134138183028 0.44480461401144 0.621134138183028 0.4606444436813164 0.571861478182932 0.4606444436813164
7 0.5658890345465568 0.4923241030210694 0.6256134709103095 0.4923241030210694 0.6256134709103095 0.5102759099802625 0.5658890345465568 0.5102759099802625
8 0.6748861309104054 0.3962291363571524 0.7301312345468768 0.3962291363571524 0.7301312345468768 0.40995698873771197 0.6748861309104054 0.40995698873771197
8 0.6674205763649365 0.4426926367221233 0.7226656800014077 0.4426926367221233 0.7226656800014077 0.46381240961529185 0.6674205763649365 0.46381240961529185
8 0.6763792418194993 0.4923241030210694 0.7241587909105015 0.4923241030210694 0.7241587909105015 0.5071079440462873 0.6763792418194993 0.5071079440462873
11 0.7704452290924096 0.39094919313386034 0.8122523345470365 0.39094919313386034 0.8122523345470365 0.41101297738237047 0.7704452290924096 0.41101297738237047
11 0.7629796745469406 0.4374126934988311 0.8062798909106612 0.4374126934988311 0.8062798909106612 0.4564204891026828 0.7629796745469406 0.4564204891026828
11 0.7689521181833159 0.48810014844243554 0.8197178890925058 0.48810014844243554 0.8197178890925058 0.5123878872695794 0.7689521181833159 0.5123878872695794
5 0.8600318836380386 0.3930611704231772 0.9182632090926977 0.3930611704231772 0.9182632090926977 0.41206896602702886 0.8600318836380386 0.41206896602702886
5 0.8570456618198512 0.4374126934988311 0.9137838763654164 0.4374126934988311 0.9137838763654164 0.4617004323259749 0.8570456618198512 0.4617004323259749
5 0.8585387727289451 0.48810014844243554 0.9152769872745101 0.48810014844243554 0.9152769872745101 0.5144998645588963 0.8585387727289451 0.5144998645588963
19 0.3998082103689228 0.6186715300881727 0.4417633929385011 0.6186715300881727 0.4417633929385011 0.6361258878511219 0.3998082103689228 0.6361258878511219
17 0.5651609887313785 0.6413621951800067 0.645369425996749 0.6413621951800067 0.645369425996749 0.6605619887192506 0.5651609887313785 0.6605619887192506
18 0.6885585845242557 0.6422349130681541 0.7613631660420533 0.6422349130681541 0.7613631660420533 0.6596892708311032 0.6885585845242557 0.6596892708311032
16 0.83540172351778 0.6396167594037119 0.9156101607831503 0.6396167594037119 0.9156101607831503 0.663180142383693 0.83540172351778 0.663180142383693
