4 0.20604930545494674 0.030434342490993582 0.32997751090973354 0.030434342490993582 0.32997751090973354 0.04733016080552842 0.20604930545494674 0.04733016080552842
3 0.48376793454639677 0.05577806996279583 0.5927650309102455 0.05577806996279583 0.5927650309102455 0.07795383150062278 0.48376793454639677 0.07795383150062278
14 0.08062798909106612 0.21206438937224295 0.24487018909138597 0.21206438937224295 0.24487018909138597 0.23001619633143625 0.08062798909106612 0.23001619633143625
13 0.08212110000015996 0.2321281736207531 0.28369107272782523 0.2321281736207531 0.28369107272782523 0.2648638216051643 0.08212110000015996 0.2648638216051643
15 0.1463248690911941 0.27647969669640704 0.26428063090960563 0.27647969669640704 0.26428063090960563 0.2880955717876497 0.1463248690911941 0.2880955717876497
12 0.13736620363663118 0.2933755150109419 0.3807432818189234 0.2933755150109419 0.3807432818189234 0.3081593560361598 0.13736620363663118 0.3081593560361598
1 0.5016852654555226 0.21206438937224298 0.6330790254557784 0.21206438937224298 0.6330790254557784 0.22896020768677783 0.5016852654555226 0.22896020768677783
0 0.5016852654555226 0.23318416226541155 0.6942965727286251 0.23318416226541155 0.6942965727286251 0.2595838783818722 0.5016852654555226 0.2595838783818722
2 0.5673821454556506 0.27436771940709015 0.677872352728593 0.27436771940709015 0.677872352728593 0.29020754907696655 0.5673821454556506 0.29020754907696655
6 0.14333864727300644 0.39686240218746766 0.34938795272795314 0.39686240218746766 0.34938795272795314 0.4359339820398294 0.14333864727300644 0.4359339820398294
6 0.13736620363663118 0.4475498571310722 0.36282595090979763 0.4475498571310722 0.36282595090979763 0.4855654483387755 0.13736620363663118 0.4855654483387755
6 0.14483175818210028 0.49190138020672614 0.34938795272795314 0.49190138020672614 0.34938795272795314 0.5309729600590879 0.14483175818210028 0.5309729600590879
9 0.40015372363714297 0.39580641354280927 0.4419608290917699 0.39580641354280927 0.4419608290917699 0.4095342659233688 0.40015372363714297 0.4095342659233688
9 0.4031399454553306 0.4443818911970968 0.44046771818267605 0.4443818911970968 0.44046771818267605 0.4591657322223148 0.4031399454553306 0.4591657322223148
9 0.4031399454553306 0.4950693461407013 0.44345394000086363 0.4950693461407013 0.44345394000086363 0.5066852212319441 0.4031399454553306 0.5066852212319441
10 0.4628643818190834 0.3979183908321261 0.5016852654555227 0.3979183908321261 0.5016852654555227 0.4105902545680273 0.4628643818190834 0.4105902545680273
10 0.46137127090998953 0.4486058457757306 0.5046714872737103 0.4486058457757306 0.5046714872737103 0.457053754932998 0.46137127090998953 0.457053754932998
10 0.4628643818190834 0.4971813234300182 0.5046714872737103 0.4971813234300182 0.5046714872737103 0.5077412098766024 0.4628643818190834 0.5077412098766024
7 0.547971703637431 0.39580641354280927 0.621134138183028 0.39580641354280927 0.621134138183028 0.4105902545680272 0.547971703637431 0.4105902545680272
7 0.5599165909101814 0.4454378798417553 0.6196410272739341 0.4454378798417553 0.6196410272739341 0.4623336981562901 0.5599165909101814 0.4623336981562901
7 0.5509579254556186 0.494013357496043 0.6181479163648402 0.494013357496043 0.6181479163648402 0.5119651644552362 0.5509579254556186 0.5119651644552362
8 0.645023912728529 0.39791839083212616 0.7166932363650323 0.39791839083212616 0.7166932363650323 0.4105902545680273 0.645023912728529 0.4105902545680273
8 0.6704067981831239 0.4464938684864137 0.7196794581832199 0.4464938684864137 0.7196794581832199 0.4623336981562901 0.6704067981831239 0.4623336981562901
8 0.6524894672739981 0.494013357496043 0.7211725690923138 0.494013357496043 0.7211725690923138 0.5077412098766024 0.6524894672739981 0.5077412098766024
11 0.7689521181833159 0.39686240218746766 0.8047867800015677 0.39686240218746766 0.8047867800015677 0.4105902545680272 0.7689521181833159 0.4105902545680272
11 0.7734314509105974 0.4433259025524384 0.8122523345470366 0.4433259025524384 0.8122523345470366 0.46338968680094855 0.7734314509105974 0.46338968680094855
11 0.7749245618196919 0.4929573688513844 0.810759223637943 0.4929573688513844 0.810759223637943 0.5087971985212609 0.7749245618196919 0.5087971985212609
5 0.8361421090925376 0.39580641354280927 0.9093045436381347 0.39580641354280927 0.9093045436381347 0.41164624321268567 0.8361421090925376 0.41164624321268567
5 0.8585387727289451 0.4464938684864137 0.9063183218199472 0.4464938684864137 0.9063183218199472 0.4612777095116318 0.8585387727289451 0.4612777095116318
5 0.842114552728913 0.494013357496043 0.9107976545472285 0.494013357496043 0.9107976545472285 0.5066852212319443 0.842114552728913 0.5066852212319443
19 0.39734025845306525 0.6178477546555512 0.4343595371909285 0.6178477546555512 0.4343595371909285 0.636174830306648 0.39734025845306525 0.636174830306648
17 0.5478853253203757 0.6414111376355326 0.6379655702491761 0.6414111376355326 0.6379655702491761 0.6606109311747768 0.5478853253203757 0.6606109311747768
18 0.6700489451553243 0.6449020091881227 0.7502573824206948 0.6449020091881227 0.7502573824206948 0.6588654953984819 0.6700489451553243 0.6588654953984819
16 0.8168920841488485 0.6449020091881221 0.9094402809935065 0.6449020091881221 0.9094402809935065 0.657992777510334 0.8168920841488485 0.657992777510334
