4 0.20868479965812464 0.02710843373493976 0.3385804402616512 0.02710843373493976 0.3385804402616512 0.04819277108433736 0.20868479965812464 0.04819277108433736
3 0.47699382778999927 0.05572289156626506 0.6111483418559366 0.05572289156626506 0.6111483418559366 0.07981927710843371 0.47699382778999927 0.07981927710843371
14 0.08207109984439102 0.21575992971455907 0.21234389989426564 0.21575992971455907 0.21234389989426564 0.23063576608356667 0.08207109984439102 0.23063576608356667
13 0.08071409151053817 0.23255522884085797 0.35075874994725736 0.23255522884085797 0.35075874994725736 0.26566596140413296 0.08071409151053817 0.26566596140413296
15 0.1458504915354755 0.27622300656923515 0.2720522665837915 0.27622300656923515 0.2720522665837915 0.2915787086275656 0.1458504915354755 0.2915787086275656
12 0.13228040819694686 0.2925384400062112 0.3921475041297697 0.2925384400062112 0.3921475041297697 0.3083740077538645 0.13228040819694686 0.3083740077538645
1 0.49528039409386504 0.21604815913786346 0.6659642238217108 0.21604815913786346 0.6659642238217108 0.2307382874851031 0.49528039409386504 0.2307382874851031
0 0.4943773050476859 0.2307382874851031 0.780656532686454 0.2307382874851031 0.780656532686454 0.26458945280700324 0.4943773050476859 0.26458945280700324
2 0.5621089835111168 0.27736347745677686 0.6840260047452926 0.27736347745677686 0.6840260047452926 0.2907762033390392 0.5621089835111168 0.2907762033390392
6 0.1344933968460804 0.3971137326244643 0.37926665192245795 0.3971137326244643 0.37926665192245795 0.4349823286987182 0.1344933968460804 0.4349823286987182
6 0.1334006591002037 0.4465747560683878 0.3770811764307045 0.4465747560683878 0.3770811764307045 0.4859890091252644 0.1334006591002037 0.4859890091252644
6 0.132307921354327 0.49449012252968866 0.3945649803647315 0.49449012252968866 0.3945649803647315 0.5331315470952539 0.132307921354327 0.5331315470952539
6 0.1344933968460804 0.5431783174823008 0.3038677474569667 0.5431783174823008 0.3038677474569667 0.5594077157998383 0.1344933968460804 0.5594077157998383
6 0.1344933968460804 0.5686816576955739 0.3082386984404734 0.5686816576955739 0.3082386984404734 0.5841382275218001 0.1344933968460804 0.5841382275218001
6 0.1334006591002037 0.5934121694175356 0.3803593896683346 0.5934121694175356 0.3803593896683346 0.6359177364396574 0.1334006591002037 0.6359177364396574
9 0.40002866909411494 0.396340904133153 0.44810912991268914 0.396340904133153 0.44810912991268914 0.41488878792462425 0.40002866909411494 0.41488878792462425
9 0.40112140683999165 0.44502909908576516 0.4513873431503191 0.44502909908576516 0.4513873431503191 0.46048566891199133 0.40112140683999165 0.46048566891199133
9 0.403306882331745 0.49449012252968866 0.4459236544209358 0.49449012252968866 0.4459236544209358 0.5122651778298487 0.403306882331745 0.5122651778298487
9 0.40112140683999165 0.540859832008367 0.4437381789291824 0.540859832008367 0.4437381789291824 0.558634887308527 0.40112140683999165 0.558634887308527
9 0.40002866909411494 0.5655903437303287 0.44810912991268914 0.5655903437303287 0.44810912991268914 0.5849110560131114 0.40002866909411494 0.5849110560131114
9 0.40002866909411494 0.594184997908847 0.44701639216681244 0.594184997908847 0.44701639216681244 0.611960053209007 0.40002866909411494 0.611960053209007
10 0.4579437696255793 0.3986593896070869 0.5136733946652902 0.3986593896070869 0.5136733946652902 0.41257030245069043 0.4579437696255793 0.41257030245069043
10 0.46122198286320937 0.4458019275770765 0.5060242304441535 0.4458019275770765 0.5060242304441535 0.4620313258946139 0.46122198286320937 0.4620313258946139
10 0.4601292451173327 0.4937172940383775 0.5071169681900302 0.4937172940383775 0.5071169681900302 0.5122651778298487 0.4601292451173327 0.5122651778298487
10 0.462314720609086 0.5431783174823008 0.5082097059359069 0.5431783174823008 0.5082097059359069 0.5609533727824608 0.462314720609086 0.5609533727824608
10 0.4601292451173327 0.5671360007129513 0.5114879191735369 0.5671360007129513 0.5114879191735369 0.5864567129957339 0.4601292451173327 0.5864567129957339
10 0.4601292451173327 0.5965034833827809 0.5093024436817837 0.5965034833827809 0.5093024436817837 0.6104143962263844 0.4601292451173327 0.6104143962263844
7 0.5726812329426314 0.3947952471505303 0.6262253824905889 0.3947952471505303 0.6262253824905889 0.4172072733985582 0.5726812329426314 0.4172072733985582
7 0.5694030197050013 0.4465747560683878 0.6251326447447122 0.4465747560683878 0.6251326447447122 0.46589546835117046 0.5694030197050013 0.46589546835117046
7 0.5726812329426314 0.49449012252968866 0.618576218269452 0.49449012252968866 0.618576218269452 0.5130380063211599 0.5726812329426314 0.5130380063211599
7 0.5726812329426314 0.5393141750257444 0.6207616937612055 0.5393141750257444 0.6207616937612055 0.5601805442911496 0.5726812329426314 0.5601805442911496
7 0.570495757450878 0.5671360007129513 0.6207616937612055 0.5671360007129513 0.6207616937612055 0.5849110560131114 0.570495757450878 0.5849110560131114
7 0.5683102819591246 0.5910936839436017 0.6207616937612054 0.5910936839436017 0.6207616937612054 0.611960053209007 0.5683102819591246 0.611960053209007
8 0.6688421545797797 0.3932495901679077 0.7212935663818605 0.3932495901679077 0.7212935663818605 0.4156616164159356 0.6688421545797797 0.4156616164159356
8 0.6699348923256564 0.4458019275770765 0.7289427306029973 0.4458019275770765 0.7289427306029973 0.46434981136854775 0.6699348923256564 0.46434981136854775
8 0.667749416833903 0.49294446554706606 0.7256645173653674 0.49294446554706606 0.7256645173653674 0.5114923493385374 0.667749416833903 0.5114923493385374
8 0.6644712035962729 0.5416326604996783 0.7212935663818604 0.5416326604996783 0.7212935663818604 0.5594077157998383 0.6644712035962729 0.5594077157998383
8 0.667749416833903 0.5671360007129513 0.7223863041277373 0.5671360007129513 0.7223863041277373 0.5849110560131114 0.667749416833903 0.5849110560131114
8 0.667749416833903 0.5934121694175356 0.723479041873614 0.5934121694175356 0.723479041873614 0.6104143962263844 0.667749416833903 0.6104143962263844
11 0.7669192216562615 0.39692527328916666 0.810628731491329 0.39692527328916666 0.810628731491329 0.41027412904818006 0.7669192216562615 0.41027412904818006
11 0.7689060175578555 0.44329498276784485 0.810628731491329 0.44329498276784485 0.810628731491329 0.46296698072849635 0.7689060175578555 0.46296698072849635
11 0.7659258237054645 0.4931775490252109 0.810628731491329 0.4931775490252109 0.810628731491329 0.514957261053075 0.7659258237054645 0.514957261053075
11 0.7689060175578555 0.5423575439268394 0.808641935589735 0.5423575439268394 0.808641935589735 0.5606243991760157 0.7689060175578555 0.5606243991760157
11 0.7679126196070587 0.5676501127333912 0.8086419355897351 0.5676501127333912 0.8086419355897351 0.5845118252710924 0.7679126196070587 0.5845118252710924
11 0.7718862114102465 0.5908349674727302 0.8086419355897351 0.5908349674727302 0.8086419355897351 0.6105069654333818 0.7718862114102465 0.6105069654333818
5 0.8622854249327725 0.39481755922195405 0.9149355163250125 0.39481755922195405 0.9149355163250125 0.41448955718260544 0.8622854249327725 0.41448955718260544
5 0.8573184351787874 0.4418898400563698 0.9099685265710277 0.4418898400563698 0.9099685265710277 0.46226440937275876 0.8573184351787874 0.46226440937275876
5 0.8612920269819753 0.4931775490252109 0.9139421183742157 0.4931775490252109 0.9139421183742157 0.5114444042743871 0.8612920269819753 0.5114444042743871
5 0.8583118331295841 0.5430601152825769 0.9099685265710274 0.5430601152825769 0.9099685265710274 0.558516685108803 0.8583118331295841 0.558516685108803
5 0.8622854249327725 0.5676501127333912 0.9119553224726216 0.5676501127333912 0.9119553224726216 0.58521439662683 0.8622854249327725 0.58521439662683
5 0.8622854249327725 0.5936452528956806 0.9129487204234186 0.5936452528956806 0.9129487204234186 0.6126146795005945 0.8622854249327725 0.6126146795005945
19 0.39922310282785495 0.7172306762889328 0.44293261266292233 0.7172306762889328 0.44293261266292233 0.735005731589093 0.39922310282785495 0.735005731589093
17 0.5620410269634811 0.7442796734848287 0.6516455221253693 0.7442796734848287 0.6516455221253693 0.7605090718023659 0.5620410269634811 0.7605090718023659
18 0.6844276545016699 0.7435068449935173 0.7696611986800512 0.7435068449935173 0.7696611986800512 0.7605090718023659 0.6844276545016699 0.7605090718023659
16 0.8406891521620358 0.7442796734848287 0.9149953188816504 0.7442796734848287 0.9149953188816504 0.7612819002936774 0.8406891521620358 0.7612819002936774
