4 0.21334888080887612 0.02469884108406407 0.32683232804763995 0.02469884108406407 0.32683232804763995 0.04957947224307368 0.21334888080887612 0.04957947224307368
3 0.4789001473475836 0.056000280284108424 0.5923835945863476 0.056000280284108424 0.5923835945863476 0.07927570943285933 0.4789001473475836 0.07927570943285933
14 0.08170808201191 0.21411267829458885 0.16795550191337058 0.21411267829458885 0.16795550191337058 0.22936209739204633 0.08170808201191 0.22936209739204633
13 0.07943841306713474 0.23257250141256372 0.35633802432971884 0.23257250141256372 0.35633802432971884 0.2638739406126081 0.07943841306713474 0.2638739406126081
15 0.1452588124656178 0.27430775367928956 0.25987709417676935 0.27430775367928956 0.25987709417676935 0.29035977378187633 0.1452588124656178 0.29035977378187633
12 0.13277563326935377 0.29035977378187633 0.3778998793050838 0.29035977378187633 0.3778998793050838 0.3056091928793338 0.13277563326935377 0.3056091928793338
1 0.49932716785056125 0.2133100772894595 0.59124876011396 0.2133100772894595 0.59124876011396 0.2301646983971757 0.49932716785056125 0.2301646983971757
0 0.5004620023229488 0.23337510241769305 0.6786310144878082 0.23337510241769305 0.6786310144878082 0.26146613759722004 0.5004620023229488 0.26146613759722004
2 0.5651475672490444 0.27511035468441886 0.6786310144878082 0.27511035468441886 0.6786310144878082 0.29357017780239375 0.5651475672490444 0.29357017780239375
6 0.14071947457606726 0.39550050545382015 0.35406835538494336 0.39550050545382015 0.35406835538494336 0.4316175506846406 0.14071947457606726 0.4316175506846406
6 0.1418543090484549 0.44365656576158075 0.35406835538494336 0.44365656576158075 0.35406835538494336 0.4693397979257197 0.1418543090484549 0.4693397979257197
9 0.40059656875283667 0.39550050545382015 0.4493944510655051 0.39550050545382015 0.4493944510655051 0.40994732354614843 0.40059656875283667 0.40994732354614843
9 0.40059656875283667 0.4412487627461927 0.4448551131759545 0.4412487627461927 0.4448551131759545 0.4564981818436502 0.40059656875283667 0.4564981818436502
10 0.46414729920654446 0.3987109094743375 0.506136174684887 0.3987109094743375 0.506136174684887 0.40994732354614843 0.46414729920654446 0.40994732354614843
10 0.4630124647341568 0.4468669697820981 0.5050013402124994 0.4468669697820981 0.5050013402124994 0.4597085858641675 0.4630124647341568 0.4597085858641675
7 0.562877898304269 0.3971057074640789 0.6173499529788757 0.3971057074640789 0.6173499529788757 0.41155252555640703 0.562877898304269 0.41155252555640703
7 0.5594733948871061 0.4404461617410634 0.6173499529788757 0.4404461617410634 0.6173499529788757 0.45810338385390886 0.5594733948871061 0.45810338385390886
8 0.6672826697639319 0.39550050545382015 0.7183502210213756 0.39550050545382015 0.7183502210213756 0.409144722541019 0.6672826697639319 0.409144722541019
8 0.663878166346769 0.4452617677718394 0.7183502210213757 0.4452617677718394 0.7183502210213757 0.4573007828487795 0.663878166346769 0.4573007828487795
11 0.768282937806431 0.397908308469208 0.8034628064504478 0.397908308469208 0.8034628064504478 0.41074992455127773 0.768282937806431 0.41074992455127773
11 0.7728222756959824 0.4468669697820981 0.8091369788123868 0.4468669697820981 0.8091369788123868 0.46452419189494365 0.7728222756959824 0.46452419189494365
5 0.8545303577078922 0.39630310645894956 0.9101372468548866 0.39630310645894956 0.9101372468548866 0.4147629295769244 0.8545303577078922 0.4147629295769244
5 0.8533955232355045 0.4388409597308047 0.9135417502720493 0.4388409597308047 0.9135417502720493 0.46131378787442623 0.8533955232355045 0.46131378787442623
19 0.39719206533567364 0.559231110500206 0.45052928553789273 0.559231110500206 0.45052928553789273 0.5752831306027929 0.39719206533567364 0.5752831306027929
17 0.5696869051385949 0.5792961356284396 0.6457208147885668 0.5792961356284396 0.6457208147885668 0.6009663627669318 0.5696869051385949 0.6009663627669318
18 0.6899793592116846 0.5833091406540862 0.7557997586101677 0.5833091406540862 0.7557997586101677 0.5945455547258972 0.6899793592116846 0.5945455547258972
16 0.8409123440392405 0.5833091406540862 0.9135417502720493 0.5833091406540862 0.9135417502720493 0.5977559587464143 0.8409123440392405 0.5977559587464143
