4 0.2085505514569329 0.02916325078045138 0.3292360876281371 0.02916325078045138 0.3292360876281371 0.05006620020735368 0.2085505514569329 0.05006620020735368
3 0.4778244143333506 0.05620570845900399 0.5990189643305831 0.05620570845900399 0.5990189643305831 0.07868799184260557 0.4778244143333506 0.07868799184260557
14 0.07847843811296196 0.21568940621142776 0.1976861922086004 0.21568940621142776 0.1976861922086004 0.23114597603765386 0.07847843811296196 0.23114597603765386
13 0.07748504016216497 0.23114597603765386 0.3278213237630057 0.23114597603765386 0.3278213237630057 0.2655719724687937 0.07748504016216497 0.2655719724687937
15 0.1430493049147661 0.27611054280485703 0.2672240487643895 0.27611054280485703 0.2672240487643895 0.29156711263108315 0.1430493049147661 0.29156711263108315
12 0.13212192745599924 0.2929722553425582 0.3933855885156069 0.2929722553425582 0.3933855885156069 0.30842882516878434 0.13212192745599924 0.30842882516878434
1 0.5012138130967579 0.21431491602315136 0.7310910248514325 0.21431491602315136 0.7310910248514325 0.23057276557740872 0.5012138130967579 0.23057276557740872
0 0.501213813096758 0.23173404054556998 0.7869183477061396 0.23173404054556998 0.7869183477061396 0.26541101462224587 0.501213813096758 0.26541101462224587
2 0.5644300463292936 0.27586248933569707 0.681831622332574 0.27586248933569707 0.681831622332574 0.2950235263103575 0.5644300463292936 0.2950235263103575
6 0.13511691300387763 0.39541652067329947 0.3649174754862528 0.39541652067329947 0.3649174754862528 0.4345046401068427 0.13511691300387763 0.4345046401068427
6 0.13511691300387763 0.4447909873261962 0.35619087184768167 0.4447909873261962 0.35619087184768167 0.4869650109255454 0.13511691300387763 0.4869650109255454
6 0.13511691300387763 0.49313681925715747 0.36928077730553843 0.49313681925715747 0.36928077730553843 0.536339477578442 0.13511691300387763 0.536339477578442
6 0.13184056341364295 0.5427045575734193 0.35925480504237467 0.5427045575734193 0.35925480504237467 0.5816072690068207 0.13184056341364295 0.5816072690068207
6 0.13266155345562394 0.5914781062361912 0.3633597552522795 0.5914781062361912 0.3633597552522795 0.6327033676059152 0.13266155345562394 0.6327033676059152
6 0.13271551253353916 0.6389843198931806 0.35235579945475304 0.6389843198931806 0.35235579945475304 0.6799442299326798 0.13271551253353916 0.6799442299326798
6 0.13271551253353916 0.6899910003197269 0.37639602986404 0.6899910003197269 0.37639602986404 0.7294052533766033 0.13271551253353916 0.7294052533766033
9 0.4011328805863236 0.39640929228129024 0.4434436861066688 0.39640929228129024 0.4434436861066688 0.4113712518730772 0.4011328805863236 0.4113712518730772
9 0.39848845524130205 0.4431654160056243 0.4434436861066688 0.4431654160056243 0.4434436861066688 0.4618678654953579 0.39848845524130205 0.4618678654953579
9 0.4011328805863236 0.4917917846789316 0.4460881114516905 0.4917917846789316 0.4460881114516905 0.5104942341686652 0.4011328805863236 0.5104942341686652
9 0.40245509325883444 0.5422883983012123 0.4460881114516904 0.5422883983012123 0.4460881114516904 0.5591206028419725 0.40245509325883444 0.5591206028419725
9 0.39848845524130205 0.5899796445000329 0.4447658987791797 0.5899796445000329 0.4447658987791797 0.61055233893874 0.39848845524130205 0.61055233893874
9 0.39848845524130205 0.6414113805968004 0.44741032412420123 0.6414113805968004 0.44741032412420123 0.6610489525610206 0.39848845524130205 0.6610489525610206
9 0.3998106679138128 0.6900377492701075 0.4460881114516905 0.6900377492701075 0.4460881114516905 0.7087401987598412 0.3998106679138128 0.7087401987598412
10 0.4632768761943307 0.39453904733231704 0.5082321070596978 0.39453904733231704 0.5082321070596978 0.41604686424551063 0.4632768761943307 0.41604686424551063
10 0.4606324508493092 0.4459707834290844 0.5069098943871868 0.4459707834290844 0.5069098943871868 0.4618678654953579 0.4606324508493092 0.4618678654953579
10 0.4579880255042877 0.4955322745768784 0.5161653830947623 0.4955322745768784 0.5161653830947623 0.514234724066612 0.4579880255042877 0.514234724066612
10 0.4619546635218199 0.540418153352239 0.5108765324047192 0.540418153352239 0.5108765324047192 0.5647313376888926 0.4619546635218199 0.5647313376888926
10 0.45666581283177676 0.592785011923493 0.5095543197322084 0.592785011923493 0.5095543197322084 0.61055233893874 0.45666581283177676 0.61055233893874
10 0.4593102381767985 0.6404762581223138 0.5108765324047194 0.6404762581223138 0.5108765324047194 0.6591787076120476 0.4593102381767985 0.6591787076120476
10 0.45666581283177676 0.6900377492701075 0.5121987450772301 0.6900377492701075 0.5121987450772301 0.7096753212343279 0.45666581283177676 0.7096753212343279
7 0.5664094646501724 0.3926688023833437 0.6245868222406471 0.3926688023833437 0.6245868222406471 0.415111741771024 0.5664094646501724 0.415111741771024
7 0.5650872519776616 0.4431654160056243 0.6259090349131581 0.4431654160056243 0.6259090349131581 0.4628029879698447 0.5650872519776616 0.4628029879698447
7 0.5664094646501724 0.49085666220444496 0.6232646095681363 0.49085666220444496 0.6232646095681363 0.5179752139645588 0.5664094646501724 0.5179752139645588
7 0.5545095505975753 0.5394830308777523 0.6285534602581795 0.5394830308777523 0.6285534602581795 0.5637962152144059 0.5545095505975753 0.5637962152144059
7 0.56244282663264 0.5899796445000329 0.6285534602581795 0.5899796445000329 0.6285534602581795 0.6133577063621999 0.56244282663264 0.6133577063621999
7 0.5597984012876185 0.639541135647827 0.6285534602581795 0.639541135647827 0.6285534602581795 0.6647894424589673 0.5597984012876185 0.6647894424589673
7 0.5333541478374026 0.6872323818466477 0.6272312475856688 0.6872323818466477 0.6272312475856688 0.7078050762853545 0.5333541478374026 0.7078050762853545
8 0.66293098974346 0.39453904733231704 0.7290416233689995 0.39453904733231704 0.7290416233689995 0.4141766192965374 0.66293098974346 0.4141766192965374
8 0.6682198404335032 0.44503566095459773 0.7277194106964888 0.44503566095459773 0.7277194106964888 0.46467323291881796 0.6682198404335032 0.46467323291881796
8 0.664253202415971 0.493662029627905 0.7290416233689995 0.493662029627905 0.7290416233689995 0.5114293566431518 0.664253202415971 0.5114293566431518
8 0.6602865643984385 0.540418153352239 0.7290416233689995 0.540418153352239 0.7290416233689995 0.5609908477909459 0.6602865643984385 0.5609908477909459
8 0.669542053106014 0.5909147669745196 0.7237527726789564 0.5909147669745196 0.7237527726789564 0.6096172164642532 0.669542053106014 0.6096172164642532
8 0.6589643517259277 0.6386060131733403 0.7250749853514672 0.6386060131733403 0.7250749853514672 0.6601138300865339 0.6589643517259277 0.6601138300865339
8 0.6391311616382659 0.6881675043211343 0.7277194106964888 0.6881675043211343 0.7277194106964888 0.7096753212343279 0.6391311616382659 0.7096753212343279
11 0.7634191528542802 0.3907985574343703 0.8136632344096902 0.3907985574343703 0.8136632344096902 0.4160468642455106 0.7634191528542802 0.4160468642455106
11 0.7620969401817693 0.4422302935311377 0.8123410217371794 0.4422302935311377 0.8123410217371794 0.4637381104443314 0.7620969401817693 0.4637381104443314
11 0.7660635781993017 0.49085666220444496 0.8176298724272225 0.49085666220444496 0.8176298724272225 0.514234724066612 0.7660635781993017 0.514234724066612
11 0.7634191528542802 0.540418153352239 0.8110188090646687 0.540418153352239 0.8110188090646687 0.5628610927399192 0.7634191528542802 0.5628610927399192
11 0.7581303021642369 0.5899796445000329 0.8136632344096901 0.5899796445000329 0.8136632344096901 0.6114874614132265 0.7581303021642369 0.6114874614132265
11 0.7634191528542802 0.6404762581223136 0.814985447082201 0.6404762581223136 0.814985447082201 0.6601138300865339 0.7634191528542802 0.6601138300865339
11 0.7620969401817693 0.6872323818466477 0.814985447082201 0.6872323818466477 0.814985447082201 0.712480688657788 0.7620969401817693 0.712480688657788
5 0.8533296145850138 0.39453904733231704 0.91415139752051 0.39453904733231704 0.91415139752051 0.41604686424551063 0.8533296145850138 0.41604686424551063
5 0.8599406779475678 0.4431654160056243 0.9128291848479996 0.4431654160056243 0.9128291848479996 0.4665434778677913 0.8599406779475678 0.4665434778677913
5 0.859940677947568 0.49179178467893175 0.9115069721754888 0.49179178467893175 0.9115069721754888 0.5161049690155853 0.859940677947568 0.5161049690155853
5 0.8506851892399923 0.5422883983012123 0.91415139752051 0.5422883983012123 0.91415139752051 0.5619259702654326 0.8506851892399923 0.5619259702654326
5 0.858618465275057 0.5890445220255464 0.9115069721754884 0.5890445220255464 0.9115069721754884 0.6114874614132265 0.858618465275057 0.6114874614132265
5 0.8493629765674815 0.6404762581223136 0.9128291848479995 0.6404762581223136 0.9128291848479995 0.6601138300865339 0.8493629765674815 0.6601138300865339
5 0.8282075738073088 0.6909728717445944 0.908862546830467 0.6909728717445944 0.908862546830467 0.7068699538108678 0.8282075738073088 0.7068699538108678
19 0.39319960455125885 0.8134739159023493 0.448732536796712 0.8134739159023493 0.448732536796712 0.8340466103410561 0.39319960455125885 0.8340466103410561
17 0.5401062836429494 0.8406095220125883 0.6471945827388647 0.8406095220125883 0.6471945827388647 0.857611748821437 0.5401062836429494 0.857611748821437
18 0.6614001734352614 0.8398366935212769 0.7608393083100398 0.8398366935212769 0.7608393083100398 0.857611748821437 0.6614001734352614 0.857611748821437
16 0.8089197691286141 0.8406095220125883 0.9138225927327759 0.8406095220125883 0.9138225927327759 0.8568389203301257 0.8089197691286141 0.8568389203301257
