4 0.26796875 0.03828125 0.11953125 0.02109375
3 0.5390625 0.06640625 0.11640625 0.02421875
12 0.178125 0.2484375 0.20625 0.0328125
13 0.1234375 0.225 0.1 0.01484375
11 0.25703125 0.29921875 0.246875 0.01953125
14 0.20234375 0.2828125 0.11328125 0.0109375
0 0.60625 0.24375 0.2234375 0.034375
1 0.559375 0.2234375 0.125 0.01796875
2 0.62421875 0.28359375 0.12578125 0.021875
6 0.25390625 0.41484375 0.2234375 0.04140625
9 0.409375 0.403125 0.025 0.01796875
7 0.59375 0.40390625 0.0515625 0.01640625
8 0.7 0.40546875 0.0546875 0.01640625
10 0.78828125 0.40546875 0.02890625 0.01171875
5 0.8859375 0.40390625 0.04921875 0.0171875
16 0.596875 0.75078125 0.0921875 0.0171875
17 0.71484375 0.75 0.0796875 0.015625
15 0.86953125 0.75078125 0.0890625 0.0171875