4 0.20844285949465885 0.027073714171023458 0.3268482708052342 0.027073714171023458 0.3268482708052342 0.04539208270571884 0.20844285949465885 0.04539208270571884
3 0.4834887553933774 0.059348882700627714 0.6018941667039528 0.059348882700627714 0.6018941667039528 0.07417803818109539 0.4834887553933774 0.07417803818109539
14 0.07893694087371696 0.2128743093086479 0.3058806458856533 0.2128743093086479 0.3058806458856533 0.22770346478911557 0.07893694087371696 0.22770346478911557
13 0.08387049967832427 0.23206498110690024 0.307114035586805 0.23206498110690024 0.307114035586805 0.25997868554072173 0.08387049967832427 0.25997868554072173
15 0.14677337443706748 0.27568014428474635 0.26024522694303565 0.27568014428474635 0.26024522694303565 0.29050929976521406 0.14677337443706748 0.29050929976521406
12 0.13567286712670104 0.2931262095558848 0.37741724855245923 0.2931262095558848 0.37741724855245923 0.3079553650363524 0.13567286712670104 0.3079553650363524
1 0.5032229980699455 0.21461891583576173 0.767168416490853 0.21461891583576173 0.767168416490853 0.2277034647891156 0.5032229980699455 0.2277034647891156
0 0.5056897774722492 0.23380958763401405 0.7326334824841855 0.23380958763401405 0.7326334824841855 0.2625955953313925 0.5056897774722492 0.2625955953313925
2 0.5661258728286889 0.2774247508118602 0.6857646738404162 0.2774247508118602 0.6857646738404162 0.291381603028771 0.5661258728286889 0.291381603028771
6 0.14060642593130834 0.39431338812848776 0.3552162339317263 0.39431338812848776 0.3552162339317263 0.4344393382521062 0.14060642593130834 0.4344393382521062
6 0.14307320533361198 0.44403467415123243 0.36261657213863724 0.44403467415123243 0.36261657213863724 0.4867775340655216 0.14307320533361198 0.4867775340655216
6 0.14677337443706748 0.49637286996464774 0.36878352064439646 0.49637286996464774 0.36878352064439646 0.5295203939798108 0.14677337443706748 0.5295203939798108
9 0.40208504257549577 0.39518569139204474 0.4514206306215689 0.39518569139204474 0.4514206306215689 0.4082702403453986 0.40208504257549577 0.4082702403453986
9 0.40085165287434393 0.44403467415123243 0.44525368211580985 0.44403467415123243 0.44525368211580985 0.46060843615881397 0.40085165287434393 0.46060843615881397
9 0.40455182197779943 0.49201135364686316 0.450187240920417 0.49201135364686316 0.450187240920417 0.5077128123908878 0.40455182197779943 0.5077128123908878
10 0.46622130703539083 0.39954720770982943 0.5093899465757048 0.39954720770982943 0.5093899465757048 0.4091425436089556 0.46622130703539083 0.4091425436089556
10 0.46622130703539083 0.44665158394190324 0.5032229980699456 0.44665158394190324 0.5032229980699456 0.45711922310458636 0.46622130703539083 0.45711922310458636
10 0.46252113793193533 0.49375596017397705 0.5044563877710975 0.49375596017397705 0.5044563877710975 0.5085851156544448 0.46252113793193533 0.5085851156544448
7 0.5796931595413589 0.39518569139204474 0.620395019679369 0.39518569139204474 0.620395019679369 0.4135040599267402 0.5796931595413589 0.4135040599267402
7 0.5710594316332962 0.44403467415123243 0.6228617990816729 0.44403467415123243 0.6228617990816729 0.46148073942237083 0.5710594316332962 0.46148073942237083
7 0.5722928213344479 0.4893944438561924 0.6216284093805212 0.4893944438561924 0.6216284093805212 0.5085851156544446 0.5722928213344479 0.5085851156544446
8 0.6771309459323532 0.393441084864931 0.7153660266680598 0.393441084864931 0.7153660266680598 0.40827024034539866 0.6771309459323532 0.40827024034539866
8 0.6734307768288978 0.44229006762411854 0.7215329751738191 0.44229006762411854 0.7215329751738191 0.45973613289525705 0.6734307768288978 0.45973613289525705
8 0.6697306077254424 0.49375596017397705 0.7190661957715156 0.49375596017397705 0.7190661957715156 0.5068405091273308 0.6697306077254424 0.5068405091273308
11 0.7696351735187403 0.3916964783378171 0.807870254254447 0.3916964783378171 0.807870254254447 0.4117594533996263 0.7696351735187403 0.4117594533996263
11 0.765935004415285 0.437928551306334 0.8017033057486879 0.437928551306334 0.8017033057486879 0.45624691984102933 0.765935004415285 0.45624691984102933
11 0.7696351735187403 0.49375596017397705 0.8115704233579025 0.49375596017397705 0.8115704233579025 0.5112020254451155 0.7696351735187403 0.5112020254451155
5 0.864606180507431 0.393441084864931 0.9065414303465931 0.393441084864931 0.9065414303465931 0.40827024034539866 0.864606180507431 0.40827024034539866
5 0.8584392320016718 0.44665158394190324 0.9127083788523522 0.44665158394190324 0.9127083788523522 0.46148073942237083 0.8584392320016718 0.46148073942237083
5 0.8609060114039756 0.49375596017397705 0.9102415994500486 0.49375596017397705 0.9102415994500486 0.5129466319722293 0.8609060114039756 0.5129466319722293
19 0.40208504257549577 0.618495326862617 0.44278690271350607 0.618495326862617 0.44278690271350607 0.6359413921337553 0.40208504257549577 0.6359413921337553
17 0.5685926522309924 0.6385583019244262 0.6524631519093168 0.6385583019244262 0.6524631519093168 0.6603658835133491 0.5685926522309924 0.6603658835133491
18 0.690698202812468 0.6411751986595956 0.7548345269374735 0.6411751986595956 0.7548345269374735 0.6612381737214047 0.690698202812468 0.6612381737214047
16 0.8399383864843946 0.6420475149786539 0.9127083788523523 0.6420475149786539 0.9127083788523523 0.6603658835133492 0.8399383864843946 0.6603658835133492
