4 0.2071316090922954 0.02175622010332754 0.33428170576281335 0.02175622010332754 0.33428170576281335 0.056566172268651585 0.2071316090922954 0.056566172268651585
3 0.4737366504982202 0.05076451357443092 0.6090899792119975 0.05076451357443092 0.6090899792119975 0.08557446573975497 0.4737366504982202 0.08557446573975497
14 0.07895020625175744 0.21084880860063202 0.2712321601874893 0.21084880860063202 0.2712321601874893 0.22886067656239778 0.07895020625175744 0.22886067656239778
13 0.077676815828342 0.2315624808455384 0.34126863347533865 0.2315624808455384 0.34126863347533865 0.2720891837595114 0.077676815828342 0.2720891837595114
15 0.14516650826936048 0.27389034646681215 0.2635918176469967 0.27389034646681215 0.2635918176469967 0.2901010276324013 0.14516650826936048 0.2901010276324013
12 0.13497938488203695 0.2901010276324013 0.3845639078714638 0.2901010276324013 0.3845639078714638 0.31982060976931487 0.13497938488203695 0.31982060976931487
1 0.4940754842851918 0.21084880860063202 0.6952711711848317 0.21084880860063202 0.6952711711848317 0.22886067656239778 0.4940754842851918 0.22886067656239778
0 0.4940754842851918 0.22976126996048607 0.7105518562658171 0.22976126996048607 0.7105518562658171 0.2684867860782824 0.4940754842851918 0.2684867860782824
2 0.5653853479964566 0.27389034646681215 0.6799904861038463 0.27389034646681215 0.6799904861038463 0.30000755501137255 0.5653853479964566 0.30000755501137255
6 0.13727148764418476 0.39447980247083386 0.3655903905625737 0.39447980247083386 0.3655903905625737 0.43410591198671855 0.13727148764418476 0.43410591198671855
6 0.13867221710994176 0.44203113388989557 0.3669911200283306 0.44203113388989557 0.3669911200283306 0.4856198543573687 0.13867221710994176 0.4856198543573687
6 0.13587075817842778 0.4925544235226485 0.34177798964470496 0.4925544235226485 0.34177798964470496 0.5222740056595621 0.13587075817842778 0.5222740056595621
6 0.13727148764418476 0.5311898803006361 0.36138820216530276 0.5311898803006361 0.36138820216530276 0.5747786007681093 0.13727148764418476 0.5747786007681093
6 0.14287440550721273 0.581713169933389 0.37399476735711557 0.581713169933389 0.37399476735711557 0.6213392794492737 0.14287440550721273 0.6213392794492737
9 0.39920789774074145 0.3934891497329368 0.44122978171345106 0.3934891497329368 0.44122978171345106 0.4162741627045705 0.39920789774074145 0.4162741627045705
9 0.39920789774074145 0.44203113388989557 0.43982905224769403 0.44203113388989557 0.43982905224769403 0.46184418864783783 0.39920789774074145 0.46184418864783783
9 0.4034100861380124 0.4955263817363398 0.445431970110722 0.4955263817363398 0.445431970110722 0.5123674782805907 0.4034100861380124 0.5123674782805907
9 0.4006086272064984 0.530199227562739 0.445431970110722 0.530199227562739 0.445431970110722 0.5500122823206812 0.4006086272064984 0.5500122823206812
9 0.4006086272064984 0.5767599062439035 0.4566378058367778 0.5767599062439035 0.4566378058367778 0.5945916555260515 0.4006086272064984 0.5945916555260515
10 0.4608399942340488 0.3934891497329368 0.5084647960697865 0.3934891497329368 0.5084647960697865 0.4133022044908791 0.4608399942340488 0.4133022044908791
10 0.4608399942340488 0.44302178662779274 0.5056633371382725 0.44302178662779274 0.5056633371382725 0.4648161468615292 0.4608399942340488 0.4648161468615292
10 0.46784364156283376 0.4915637707847514 0.5070640666040295 0.4915637707847514 0.5070640666040295 0.5113768255426936 0.46784364156283376 0.5113768255426936
10 0.46504218263131986 0.5292085748248418 0.5098655255355434 0.5292085748248418 0.5098655255355434 0.5510029350585783 0.46504218263131986 0.5510029350585783
10 0.46784364156283376 0.5777505589818005 0.5112662550013004 0.5777505589818005 0.5112662550013004 0.6005355719534342 0.46784364156283376 0.6005355719534342
7 0.5686961630973368 0.3934891497329368 0.6233246122618594 0.3934891497329368 0.6233246122618594 0.4133022044908791 0.5686961630973368 0.4133022044908791
7 0.5672954336315799 0.4440124393656898 0.6275268006591304 0.4440124393656898 0.6275268006591304 0.4697694105510148 0.5672954336315799 0.4697694105510148
7 0.5714976220288509 0.4915637707847514 0.6261260711933734 0.4915637707847514 0.6261260711933734 0.5133581310184878 0.5714976220288509 0.5133581310184878
7 0.5644939747000659 0.5282179220869447 0.6219238827961024 0.5282179220869447 0.6219238827961024 0.5510029350585783 0.5644939747000659 0.5510029350585783
7 0.5658947041658229 0.5777505589818005 0.6247253417276164 0.5777505589818005 0.6247253417276164 0.6044981829050228 0.5658947041658229 0.6044981829050228
8 0.6597435783715411 0.3915078442571426 0.7339822400566614 0.3915078442571426 0.7339822400566614 0.42122742639405614 0.6597435783715411 0.42122742639405614
8 0.666747225700326 0.44203113388989557 0.7241771337963625 0.44203113388989557 0.7241771337963625 0.46877875781311756 0.666747225700326 0.46877875781311756
8 0.6751516024948678 0.4925544235226485 0.7241771337963625 0.4925544235226485 0.7241771337963625 0.5133581310184878 0.6751516024948678 0.5133581310184878
8 0.6737508730291109 0.5321805330385332 0.7241771337963625 0.5321805330385332 0.7241771337963625 0.5549655460101668 0.6737508730291109 0.5549655460101668
8 0.6751516024948678 0.5767599062439035 0.7241771337963625 0.5767599062439035 0.7241771337963625 0.6015262246913312 0.6751516024948678 0.6015262246913312
11 0.773202665097857 0.3915078442571426 0.8110223606732958 0.3915078442571426 0.8110223606732958 0.4192461209182619 0.773202665097857 0.4192461209182619
11 0.769000476700586 0.44302178662779274 0.8194267374678378 0.44302178662779274 0.8194267374678378 0.462834841385735 0.769000476700586 0.462834841385735
11 0.7675997472348289 0.4905731180468543 0.8110223606732957 0.4905731180468543 0.8110223606732957 0.5113768255426936 0.7675997472348289 0.5113768255426936
11 0.7619968293718011 0.5311898803006361 0.8194267374678377 0.5311898803006361 0.8194267374678377 0.548030976844887 0.7619968293718011 0.548030976844887
11 0.7619968293718011 0.5797318644575947 0.8222281963993517 0.5797318644575947 0.8222281963993517 0.6015262246913314 0.7619968293718011 0.6015262246913314
5 0.8516435151802483 0.3934891497329368 0.9118748822077987 0.3934891497329368 0.9118748822077987 0.41429285722877623 0.8516435151802483 0.41429285722877623
5 0.8614486214405472 0.44104048115199845 0.9118748822077987 0.44104048115199845 0.9118748822077987 0.4648161468615292 0.8614486214405472 0.4648161468615292
5 0.8628493509063043 0.4915637707847514 0.9118748822077989 0.4915637707847514 0.9118748822077989 0.514348783756385 0.8628493509063043 0.514348783756385
5 0.8600478919747901 0.5282179220869447 0.9146763411393125 0.5282179220869447 0.9146763411393125 0.556946851485961 0.8600478919747901 0.556946851485961
5 0.8572464330432762 0.5787412117196977 0.9146763411393126 0.5787412117196977 0.9146763411393126 0.5965729610018456 0.8572464330432762 0.5965729610018456
19 0.3866013325489285 0.6996008457431457 0.44963415850799293 0.6996008457431457 0.44963415850799293 0.7273391224042651 0.3866013325489285 0.7273391224042651
17 0.5448837621794681 0.7233765114526767 0.6555656915703786 0.7233765114526767 0.6555656915703786 0.75233934832951 0.5448837621794681 0.75233934832951
18 0.6835559792894099 0.726348469666368 0.7592196720363956 0.726348469666368 0.7592196720363956 0.7533300010674073 0.6835559792894099 0.7533300010674073
16 0.8236289258651087 0.7253578169284709 0.9175021016669352 0.7253578169284709 0.9175021016669352 0.751348695591613 0.8236289258651087 0.751348695591613
