4 0.2088354932757438 0.029709154213356688 0.327655687725736 0.029709154213356688 0.327655687725736 0.04668581376384622 0.2088354932757438 0.04668581376384622
3 0.47768118576865537 0.05687180949413994 0.5977015842029909 0.05687180949413994 0.5977015842029909 0.07894146690977633 0.47768118576865537 0.07894146690977633
14 0.0804136669510048 0.21305707735864363 0.3144534438979591 0.21305707735864363 0.3144534438979591 0.2317314028641821 0.0804136669510048 0.2317314028641821
13 0.08161387093534817 0.23258023584170665 0.273646508430285 0.23258023584170665 0.273646508430285 0.2614405570775388 0.08161387093534817 0.2614405570775388
15 0.14402447812120261 0.2767195506729794 0.26404487655553815 0.2767195506729794 0.26404487655553815 0.2911497112908955 0.14402447812120261 0.2911497112908955
12 0.1368232542151425 0.29284737724594445 0.3828650710055303 0.29284737724594445 0.3828650710055303 0.3064287048863361 0.1368232542151425 0.3064287048863361
1 0.5016852654555225 0.21730124224626607 0.6937179029504593 0.21730124224626607 0.6937179029504593 0.23173140286418212 0.5016852654555225 0.23173140286418212
0 0.5004850614711791 0.23342906881923106 0.6901172909974292 0.23342906881923106 0.6901172909974292 0.2656847219651612 0.5004850614711791 0.2656847219651612
2 0.5652960766257203 0.2767195506729794 0.6805156591226824 0.2767195506729794 0.6805156591226824 0.2911497112908955 0.5652960766257203 0.2911497112908955
6 0.14042386616817257 0.3947073345488817 0.3456587474908863 0.3947073345488817 0.3456587474908863 0.4363001504475811 0.14042386616817257 0.4363001504475811
6 0.13802345819948583 0.44563731320035027 0.36126139928734996 0.44563731320035027 0.36126139928734996 0.47110230252608465 0.13802345819948583 0.47110230252608465
6 0.13682325421514252 0.4795906323013293 0.35406017538128975 0.4795906323013293 0.35406017538128975 0.5203346152225042 0.13682325421514252 0.5203346152225042
6 0.13802345819948583 0.532218276907847 0.3648620112403799 0.532218276907847 0.3648620112403799 0.571264593873973 0.13802345819948583 0.571264593873973
6 0.1392236621838292 0.5806017566267421 0.3456587474908863 0.5806017566267421 0.3456587474908863 0.6187992406153435 0.1392236621838292 0.6187992406153435
6 0.13802345819948583 0.6289852363456373 0.36726241920906666 0.6289852363456373 0.36726241920906666 0.6688803862892877 0.13802345819948583 0.6688803862892877
9 0.4008681307706807 0.39385850157135727 0.4464758821757281 0.39385850157135727 0.4464758821757281 0.4099863281443223 0.4008681307706807 0.4099863281443223
9 0.3996679267863373 0.4439396472453014 0.44407547420704135 0.4439396472453014 0.44407547420704135 0.4617651397733154 0.3996679267863373 0.4617651397733154
9 0.3936669068646205 0.47789296634628037 0.4464758821757281 0.47789296634628037 0.4464758821757281 0.49826495780686775 0.3936669068646205 0.49826495780686775
9 0.4032685387393673 0.5339159428628958 0.4488762901444148 0.5339159428628958 0.4488762901444148 0.5474972705032874 0.4032685387393673 0.5474972705032874
9 0.4008681307706807 0.5797529236492176 0.44167506623835473 0.5797529236492176 0.44167506623835473 0.5967295831997073 0.4008681307706807 0.5967295831997073
9 0.4032685387393673 0.6298340693231617 0.4452756781913848 0.6298340693231617 0.4452756781913848 0.6451130629186022 0.4032685387393673 0.6451130629186022
10 0.4632787379565351 0.3964050005039306 0.5016852654555224 0.3964050005039306 0.5016852654555224 0.40913749516679776 0.4632787379565351 0.40913749516679776
10 0.46207853397219184 0.4439396472453014 0.5004850614711791 0.4439396472453014 0.5004850614711791 0.4609163067957908 0.46207853397219184 0.4609163067957908
10 0.45847792201916165 0.4829859642114273 0.5052858774085526 0.4829859642114273 0.5052858774085526 0.4957184588742944 0.45847792201916165 0.4957184588742944
10 0.459678126003505 0.5305206109527979 0.5076862853772393 0.5305206109527979 0.5076862853772393 0.5474972705032874 0.459678126003505 0.5474972705032874
10 0.45727771803481826 0.5831482555593155 0.5100866933459259 0.5831482555593155 0.5100866933459259 0.5941830842671337 0.45727771803481826 0.5941830842671337
10 0.46207853397219184 0.6298340693231617 0.5112868973302693 0.6298340693231617 0.5112868973302693 0.6476595618511757 0.46207853397219184 0.6476595618511757
7 0.5460928128762267 0.3947073345488817 0.6205054599055145 0.3947073345488817 0.6205054599055145 0.41083516112184665 0.5460928128762267 0.41083516112184665
7 0.5664962806100637 0.44563731320035027 0.6205054599055145 0.44563731320035027 0.6205054599055145 0.4609163067957908 0.5664962806100637 0.4609163067957908
7 0.5484932208449134 0.4829859642114273 0.6169048479524846 0.4829859642114273 0.6169048479524846 0.49656729185181886 0.5484932208449134 0.49656729185181886
7 0.54729301686057 0.5305206109527979 0.6169048479524846 0.5305206109527979 0.6169048479524846 0.546648437525763 0.54729301686057 0.546648437525763
7 0.54729301686057 0.5789040906716931 0.6169048479524846 0.5789040906716931 0.6169048479524846 0.5967295831997073 0.54729301686057 0.5967295831997073
7 0.5460928128762267 0.6298340693231617 0.618105051936828 0.6298340693231617 0.618105051936828 0.6468107288736513 0.5460928128762267 0.6468107288736513
8 0.6529109674827853 0.3947073345488817 0.7273236145120732 0.3947073345488817 0.7273236145120732 0.40998632814432223 0.6529109674827853 0.40998632814432223
8 0.6661132113105621 0.4447884802228257 0.7237230025590431 0.4447884802228257 0.7237230025590431 0.46091630679579076 0.6661132113105621 0.46091630679579076
8 0.6481101515454119 0.4829859642114273 0.7213225945903564 0.4829859642114273 0.7213225945903564 0.49826495780686775 0.6481101515454119 0.49826495780686775
8 0.6433093356080384 0.5305206109527979 0.7261234105277299 0.5305206109527979 0.7261234105277299 0.5474972705032874 0.6433093356080384 0.5474972705032874
8 0.651710763498442 0.5763575917391197 0.7237230025590431 0.5763575917391197 0.7237230025590431 0.5950319172446583 0.651710763498442 0.5950319172446583
8 0.642109131623695 0.6306829023006861 0.7237230025590431 0.6306829023006861 0.7237230025590431 0.6459618958961268 0.642109131623695 0.6459618958961268
11 0.7681305499797475 0.3947073345488817 0.807737281463078 0.3947073345488817 0.807737281463078 0.4159281589869936 0.7681305499797475 0.4159281589869936
11 0.7681305499797475 0.44733497915539927 0.8101376894317648 0.44733497915539927 0.8101376894317648 0.4617651397733154 0.7681305499797475 0.4617651397733154
11 0.7657301420110606 0.4821371312339028 0.8089374854474213 0.4821371312339028 0.8089374854474213 0.4999626237619168 0.7657301420110606 0.4999626237619168
11 0.7681305499797475 0.5305206109527979 0.8053368734943915 0.5305206109527979 0.8053368734943915 0.5525902683684344 0.7681305499797475 0.5525902683684344
11 0.7657301420110606 0.5797529236492176 0.8113378934161081 0.5797529236492176 0.8113378934161081 0.5975784161772316 0.7657301420110606 0.5975784161772316
11 0.7681305499797475 0.6289852363456373 0.8101376894317648 0.6289852363456373 0.8101376894317648 0.6493572278062247 0.7681305499797475 0.6493572278062247
5 0.8367722581293037 0.39725383348145515 0.9147855171116218 0.39725383348145515 0.9147855171116218 0.4108351611218468 0.8367722581293037 0.4108351611218468
5 0.8571757258631406 0.44733497915539927 0.9087844971899048 0.44733497915539927 0.9087844971899048 0.46006747381826635 0.8571757258631406 0.46006747381826635
5 0.8367722581293037 0.4821371312339028 0.9111849051585916 0.4821371312339028 0.9111849051585916 0.49656729185181886 0.8367722581293037 0.49656729185181886
5 0.8271706262545568 0.532218276907847 0.912385109142935 0.532218276907847 0.912385109142935 0.546648437525763 0.8271706262545568 0.546648437525763
5 0.8367722581293037 0.5797529236492176 0.9087844971899048 0.5797529236492176 0.9087844971899048 0.5958807502221827 0.8367722581293037 0.5958807502221827
5 0.8343718501606168 0.6306829023006861 0.9087844971899046 0.6306829023006861 0.9087844971899046 0.6485083948287003 0.8343718501606168 0.6485083948287003
19 0.3950971918909489 0.752914851064211 0.439504739311653 0.752914851064211 0.439504739311653 0.7707403435922248 0.3950971918909489 0.7707403435922248
17 0.5391216700121515 0.7775310074124206 0.6411390086813367 0.7775310074124206 0.6411390086813367 0.7953564999404348 0.5391216700121515 0.7953564999404348
18 0.6627426803995171 0.7792286733674696 0.7671604270373892 0.7792286733674696 0.7671604270373892 0.7962053329179589 0.6627426803995171 0.7962053329179589
16 0.8091675664894065 0.7817751723000428 0.9111849051585916 0.7817751723000428 0.9111849051585916 0.7953564999404347 0.8091675664894065 0.7953564999404347
