4 0.2087226295968638 0.029911738899269985 0.33196142807785406 0.029911738899269985 0.33196142807785406 0.047186590971468954 0.2087226295968638 0.047186590971468954
3 0.47851567492011277 0.0581796786537774 0.5950929167264548 0.0581796786537774 0.5950929167264548 0.07938063346965793 0.47851567492011277 0.07938063346965793
14 0.08104279333277484 0.21483117812667257 0.17041867871763716 0.21483117812667257 0.17041867871763716 0.23132080965013524 0.08104279333277484 0.23132080965013524
13 0.0827081825014369 0.23328386102197596 0.2836651421866552 0.23328386102197596 0.2836651421866552 0.2619444110508516 0.0827081825014369 0.2619444110508516
15 0.14710323035636874 0.2756857706537371 0.2570189154880627 0.2756857706537371 0.2570189154880627 0.29099757135409526 0.14710323035636874 0.29099757135409526
12 0.13600063589862185 0.29256801245156794 0.38081284369194035 0.29256801245156794 0.38081284369194035 0.3063093720544534 0.13600063589862185 0.3063093720544534
1 0.5001657341127191 0.21208290620609546 0.7499741094120238 0.21208290620609546 0.7499741094120238 0.23092819937576703 0.5001657341127191 0.23092819937576703
0 0.5001657341127191 0.23328386102197596 0.6722559482077956 0.23328386102197596 0.6722559482077956 0.25919613913027445 0.5001657341127191 0.25919613913027445
2 0.5651159116905383 0.2749005501050008 0.6772521157137817 0.2749005501050008 0.6772521157137817 0.29335323300030425 0.5651159116905383 0.29335323300030425
6 0.13863120962173003 0.3973177763770206 0.35216799218423356 0.3973177763770206 0.35216799218423356 0.4328988477489494 0.13863120962173003 0.4328988477489494
6 0.13863120962173003 0.44475920487292564 0.36111194119208706 0.44475920487292564 0.36111194119208706 0.48350303814458145 0.13863120962173003 0.48350303814458145
6 0.1431031841256568 0.4953633952685577 0.3163921961528194 0.4953633952685577 0.3163921961528194 0.5309444666404866 0.1431031841256568 0.5309444666404866
6 0.14086719687369342 0.5443862047143263 0.34098805592441667 0.5443862047143263 0.34098805592441667 0.5831300379859821 0.14086719687369342 0.5831300379859821
6 0.14198519049967512 0.5910369427352996 0.36111194119208706 0.5910369427352996 0.36111194119208706 0.6179204188829791 0.14198519049967512 0.6179204188829791
6 0.14086719687369342 0.6313621569568196 0.33987006229843475 0.6313621569568196 0.33987006229843475 0.6685024699453133 0.14086719687369342 0.6685024699453133
9 0.39879727033667833 0.3948411330698594 0.44492680533830903 0.3948411330698594 0.44492680533830903 0.411679677424006 0.39879727033667833 0.411679677424006
9 0.39879727033667833 0.4464091751544332 0.44641485485449056 0.4464091751544332 0.44641485485449056 0.4611429014643114 0.39879727033667833 0.4611429014643114
9 0.4002853198528599 0.4938075411210408 0.4479029043706723 0.4938075411210408 0.4479029043706723 0.5116984944973216 0.4002853198528599 0.5116984944973216
9 0.40177336936904157 0.5390611290728098 0.44641485485449056 0.5390611290728098 0.44641485485449056 0.5611617185376271 0.40177336936904157 0.5611617185376271
9 0.4047494684014049 0.592733989201652 0.4479029043706723 0.592733989201652 0.4479029043706723 0.6095725335557984 0.4047494684014049 0.6095725335557984
9 0.40326141888522327 0.6295683049763476 0.4419507063059457 0.6295683049763476 0.4419507063059457 0.6453544403083601 0.40326141888522327 0.6453544403083601
10 0.46427144904867024 0.3990907291289664 0.5029607364693929 0.3990907291289664 0.5029607364693929 0.4138244554388446 0.46427144904867024 0.4138244554388446
10 0.461295350016307 0.4432919080586011 0.505936835501756 0.4432919080586011 0.505936835501756 0.46118286143488185 0.461295350016307 0.46118286143488185
10 0.461295350016307 0.4959123591653091 0.5029607364693928 0.4959123591653091 0.5029607364693928 0.5095936764530532 0.461295350016307 0.5095936764530532
10 0.46278339953248854 0.5443231741834805 0.5059368355017559 0.5443231741834805 0.5059368355017559 0.5580044914712247 0.46278339953248854 0.5580044914712247
10 0.461295350016307 0.5937863982237861 0.510400984050301 0.5937863982237861 0.510400984050301 0.6043104884451276 0.461295350016307 0.6043104884451276
10 0.4598073005001254 0.6253586688878109 0.505936835501756 0.6253586688878109 0.505936835501756 0.6443020312862259 0.4598073005001254 0.6443020312862259
7 0.5639707666328398 0.3906714569518931 0.6190285987315604 0.3906714569518931 0.6190285987315604 0.4159292734831129 0.5639707666328398 0.4159292734831129
7 0.571411014213748 0.4443443170807352 0.620516648247742 0.4443443170807352 0.620516648247742 0.4632876794791503 0.571411014213748 0.4632876794791503
7 0.5743871132461112 0.49801717720957744 0.6249807967962867 0.49801717720957744 0.6249807967962867 0.5116984944973215 0.5743871132461112 0.5116984944973215
7 0.5743871132461112 0.5422183561392122 0.616052499699197 0.5422183561392122 0.616052499699197 0.5580044914712247 0.5743871132461112 0.5580044914712247
7 0.5728990637299296 0.5895767621352496 0.6175405492153785 0.5895767621352496 0.6175405492153785 0.606415306489396 0.5728990637299296 0.606415306489396
7 0.5743871132461112 0.6285158959542134 0.6190285987315602 0.6285158959542134 0.6190285987315602 0.6474592583526282 0.5743871132461112 0.6474592583526282
8 0.6666461832493726 0.39488109304042956 0.7202159658319115 0.39488109304042956 0.7202159658319115 0.41382445543884455 0.6666461832493726 0.41382445543884455
8 0.6740864308302809 0.4432919080586011 0.7217040153480931 0.4432919080586011 0.7217040153480931 0.46434008850128433 0.6740864308302809 0.46434008850128433
8 0.6725983813140992 0.4895979050325042 0.7142637677671849 0.4895979050325042 0.7142637677671849 0.5106460854751873 0.6725983813140992 0.5106460854751873
8 0.6755744803464624 0.5422183561392122 0.721704015348093 0.5422183561392122 0.721704015348093 0.5580044914712247 0.6755744803464624 0.5580044914712247
8 0.6636700842170093 0.5895767621352496 0.7217040153480931 0.5895767621352496 0.7217040153480931 0.6085201245336643 0.6636700842170093 0.6085201245336643
8 0.6740864308302809 0.6243062598656768 0.7217040153480931 0.6243062598656768 0.7217040153480931 0.6453544403083601 0.6740864308302809 0.6453544403083601
11 0.7693215998659055 0.39488109304042956 0.8050347882542648 0.39488109304042956 0.8050347882542648 0.4180340915273812 0.7693215998659055 0.4180340915273812
11 0.7678335503497238 0.442239499036467 0.8139630853513545 0.442239499036467 0.8139630853513545 0.46434008850128433 0.7678335503497238 0.46434008850128433
11 0.7648574513173605 0.4927551320989067 0.8139630853513544 0.4927551320989067 0.8139630853513544 0.51380331254159 0.7648574513173605 0.51380331254159
11 0.7693215998659055 0.5401135380949439 0.812475035835173 0.5401135380949439 0.812475035835173 0.5580044914712247 0.7693215998659055 0.5580044914712247
11 0.7663455008335422 0.5874719440909811 0.8124750358351728 0.5874719440909811 0.8124750358351728 0.6106249425779325 0.7663455008335422 0.6106249425779325
11 0.7648574513173605 0.6295683049763476 0.8243794319646259 0.6295683049763476 0.8243794319646259 0.6474592583526282 0.7648574513173605 0.6474592583526282
5 0.8586045708368036 0.3917238659740272 0.9121743534193425 0.3917238659740272 0.9121743534193425 0.4159292734831129 0.8586045708368036 0.4159292734831129
5 0.8630687193853483 0.44013468099219855 0.913662402935524 0.44013468099219855 0.913662402935524 0.46644490654555265 0.8630687193853483 0.46644490654555265
5 0.8556284718044402 0.494859950143175 0.9121743534193423 0.494859950143175 0.9121743534193423 0.51380331254159 0.8556284718044402 0.51380331254159
5 0.8630687193853483 0.5443231741834805 0.9062221553546158 0.5443231741834805 0.9062221553546158 0.5590569004933589 0.8630687193853483 0.5590569004933589
5 0.8556284718044402 0.5853671260467128 0.9106863039031607 0.5853671260467128 0.9106863039031607 0.6106249425779325 0.8556284718044402 0.6106249425779325
5 0.8630687193853483 0.6274634869320792 0.9091982543869791 0.6274634869320792 0.9091982543869791 0.6485116673747625 0.8630687193853483 0.6485116673747625
19 0.39879727033667833 0.7516477515439103 0.43897460727358245 0.7516477515439103 0.43897460727358245 0.769538704920191 0.39879727033667833 0.769538704920191
17 0.5639707666328398 0.7800627951415325 0.6502776385713748 0.7800627951415325 0.6502776385713748 0.7990061575399475 0.5639707666328398 0.7990061575399475
18 0.6889669259920972 0.7779579770972643 0.7559291542202708 0.7779579770972643 0.7559291542202708 0.7969013394956792 0.6889669259920972 0.7969013394956792
16 0.8333077290617158 0.7811152041636668 0.9166385019678873 0.7811152041636668 0.9166385019678873 0.7979537485178132 0.8333077290617158 0.7979537485178132
