4 0.20984690112771856 0.029352137585911823 0.3246349496078382 0.029352137585911823 0.3246349496078382 0.04964782945301392 0.20984690112771856 0.04964782945301392
3 0.48157173463925174 0.05916143501571803 0.5990501280056241 0.05916143501571803 0.5990501280056241 0.07692016539943237 0.48157173463925174 0.07692016539943237
14 0.08609103636008968 0.2151845662440654 0.32194460472158537 0.2151845662440654 0.32194460472158537 0.230406335144392 0.08609103636008968 0.230406335144392
13 0.08340069147383689 0.23421177736947363 0.3578158698716228 0.23421177736947363 0.3578158698716228 0.26338683442843286 0.08340069147383689 0.26338683442843286
15 0.14438184222890038 0.27607166209085476 0.2546859825652653 0.27607166209085476 0.2546859825652653 0.2893906592649328 0.14438184222890038 0.2893906592649328
12 0.136310807570142 0.2919276511165453 0.3793386289616451 0.2919276511165453 0.3793386289616451 0.30841790075856573 0.136310807570142 0.30841790075856573
1 0.5030944937292742 0.21708728735660623 0.6098115075506353 0.21708728735660623 0.6098115075506353 0.2291378544026981 0.5030944937292742 0.2291378544026981
0 0.504888056986776 0.23104057551523893 0.6214696687243975 0.23104057551523893 0.6214696687243975 0.26084987294504514 0.504888056986776 0.26084987294504514
2 0.5649724261130886 0.27860860332875953 0.6779669113357062 0.27860860332875953 0.6779669113357062 0.2912934107456983 0.5649724261130886 0.2912934107456983
6 0.14229923365304076 0.3969394118306376 0.35130123308094435 0.3969394118306376 0.35130123308094435 0.4226235260219599 0.14229923365304076 0.4226235260219599
6 0.14229923365304076 0.43625183151123303 0.35574808413260184 0.43625183151123303 0.35574808413260184 0.45721845534088396 0.14229923365304076 0.45721845534088396
6 0.1445226591788695 0.4745159200003459 0.36019493518425943 0.4745159200003459 0.36019493518425943 0.4960067094257381 0.1445226591788695 0.4960067094257381
6 0.1437815173369266 0.5070141869363048 0.29126874388356777 0.5070141869363048 0.29126874388356777 0.5195941612340953 0.1437815173369266 0.5195941612340953
6 0.140075808127212 0.5358432947020748 0.34388981466151514 0.5358432947020748 0.34388981466151514 0.5720107208082228 0.140075808127212 0.5720107208082228
6 0.14155809181109782 0.5830181983187894 0.30683272256436905 0.5830181983187894 0.30683272256436905 0.6066056501271467 0.14155809181109782 0.6066056501271467
9 0.4016988783330629 0.39379441825619 0.4491319562174099 0.39379441825619 0.4491319562174099 0.40951938612842814 0.4016988783330629 0.40951938612842814
9 0.40392230385889166 0.43625183151123303 0.44468510516575244 0.43625183151123303 0.44468510516575244 0.4472593090217997 0.40392230385889166 0.4472593090217997
9 0.40021659464917714 0.4713709264258983 0.44468510516575244 0.4713709264258983 0.44468510516575244 0.48237840393646503 0.40021659464917714 0.48237840393646503
9 0.3994754528072342 0.5085866837235287 0.4461673888496382 0.5085866837235287 0.4461673888496382 0.5201183268298367 0.3994754528072342 0.5201183268298367
9 0.4016988783330629 0.5337466323191098 0.4439439633238094 0.5337466323191098 0.4439439633238094 0.5452782754254177 0.4016988783330629 0.5452782754254177
9 0.40392230385889166 0.5830181983187894 0.44023825411409484 0.5830181983187894 0.44023825411409484 0.5982190005952863 0.40392230385889166 0.5982190005952863
10 0.46617821858209696 0.3985119086178613 0.5113878709406151 0.3985119086178613 0.5113878709406151 0.4100435517241693 0.46617821858209696 0.4100435517241693
10 0.4639547930562682 0.4336310035325266 0.503976452521186 0.4336310035325266 0.503976452521186 0.44935597140476485 0.4639547930562682 0.44935597140476485
10 0.45728451647878204 0.47241925761738085 0.503976452521186 0.47241925761738085 0.503976452521186 0.48552339751091267 0.45728451647878204 0.48552339751091267
10 0.4624725093723825 0.5117316772979763 0.5002707433114714 0.5117316772979763 0.5002707433114714 0.5211666580213192 0.4624725093723825 0.5211666580213192
10 0.4639547930562682 0.5358432947020748 0.5061998780470147 0.5358432947020748 0.5061998780470147 0.5468507722126418 0.4639547930562682 0.5468507722126418
10 0.4624725093723825 0.5861631918932372 0.5002707433114714 0.5861631918932372 0.5002707433114714 0.5987431661910277 0.4624725093723825 0.5987431661910277
7 0.578090636715478 0.3953669150434137 0.6218180053901103 0.3953669150434137 0.6218180053901103 0.413188545298617 0.578090636715478 0.413188545298617
7 0.578090636715478 0.4346793347240092 0.6225591472320533 0.4346793347240092 0.6225591472320533 0.44883180580902354 0.578090636715478 0.44883180580902354
7 0.5669735090863343 0.4697984296386746 0.6225591472320534 0.4697984296386746 0.6225591472320534 0.4870958942981365 0.5669735090863343 0.4870958942981365
7 0.5758672111896492 0.5106833461064938 0.6173711543384528 0.5106833461064938 0.6173711543384528 0.5211666580213191 0.5758672111896492 0.5211666580213191
7 0.5706792182960488 0.5342707979148511 0.615888870654567 0.5342707979148511 0.615888870654567 0.5478991034041242 0.5706792182960488 0.5478991034041242
7 0.5803140622413068 0.5809215359358243 0.6195945798642815 0.5809215359358243 0.6195945798642815 0.5982190005952863 0.5803140622413068 0.5982190005952863
8 0.671474508800286 0.3985119086178613 0.7248367214201763 0.3985119086178613 0.7248367214201763 0.41109188291565185 0.671474508800286 0.41109188291565185
8 0.6774036435358294 0.430486009958079 0.7196487285265759 0.430486009958079 0.7196487285265759 0.447783474617541 0.6774036435358294 0.447783474617541
8 0.6707333669583432 0.47241925761738085 0.7181664448426901 0.47241925761738085 0.7181664448426901 0.48657172870239523 0.6707333669583432 0.48657172870239523
8 0.6751802180100006 0.50911084931927 0.7196487285265759 0.50911084931927 0.7196487285265759 0.522739154808543 0.6751802180100006 0.522739154808543
8 0.6751802180100006 0.5353191291063336 0.7159430193168613 0.5353191291063336 0.7159430193168613 0.5468507722126417 0.6751802180100006 0.5468507722126417
8 0.6803682109036011 0.5798732047443419 0.7226132958943475 0.5798732047443419 0.7226132958943475 0.5997914973825101 0.6803682109036011 0.5997914973825101
11 0.7707875156206374 0.395891080639155 0.8063623240338975 0.395891080639155 0.8063623240338975 0.41004355172416934 0.7707875156206374 0.41004355172416934
11 0.7641172390431512 0.42996184436233775 0.8071034658758404 0.42996184436233775 0.8071034658758404 0.4462109778303172 0.7641172390431512 0.4462109778303172
11 0.764858380885094 0.4666534360642269 0.8085857495597264 0.4666534360642269 0.8085857495597264 0.4870958942981365 0.764858380885094 0.4870958942981365
11 0.7715286574625805 0.5070141869363048 0.8048800403500117 0.5070141869363048 0.8048800403500117 0.5201183268298367 0.7715286574625805 0.5201183268298367
11 0.7707875156206374 0.5326983011276272 0.8071034658758404 0.5326983011276272 0.8071034658758404 0.5478991034041242 0.7707875156206374 0.5478991034041242
11 0.7715286574625805 0.5814457015315656 0.8093268914016694 0.5814457015315656 0.8093268914016694 0.5987431661910277 0.7715286574625805 0.5987431661910277
5 0.8619479621796164 0.395891080639155 0.9093810400639635 0.395891080639155 0.9093810400639635 0.41004355172416934 0.8619479621796164 0.41004355172416934
5 0.8641713877054454 0.4346793347240092 0.9108633237478493 0.4346793347240092 0.9108633237478493 0.44883180580902354 0.8641713877054454 0.44883180580902354
5 0.8619479621796164 0.4708467608301571 0.9108633237478493 0.4708467608301571 0.9108633237478493 0.48657172870239523 0.8619479621796164 0.48657172870239523
5 0.8626891040215596 0.50911084931927 0.9064164726961916 0.50911084931927 0.9064164726961916 0.5211666580213191 0.8626891040215596 0.5211666580213191
5 0.8641713877054454 0.5337466323191098 0.9049341890123059 0.5337466323191098 0.9049341890123059 0.5478991034041242 0.8641713877054454 0.5478991034041242
5 0.8715828061248746 0.5830181983187894 0.9093810400639635 0.5830181983187894 0.9093810400639635 0.5966465038080626 0.8715828061248746 0.5966465038080626
19 0.3994754528072342 0.6946654702116806 0.4350502612204944 0.6946654702116806 0.4350502612204944 0.7114387692754014 0.3994754528072342 0.7114387692754014
17 0.5640089417185625 0.7193012532115205 0.6418288351225693 0.7193012532115205 0.6418288351225693 0.7355503866794999 0.5640089417185625 0.7355503866794999
18 0.6914853385327447 0.7213979406921918 0.7552235369398359 0.7213979406921918 0.7552235369398359 0.7371229085644299 0.6914853385327447 0.7371229085644299
16 0.8360079977116144 0.722446246785968 0.9108633237478493 0.722446246785968 0.9108633237478493 0.733977889892276 0.8360079977116144 0.733977889892276
