4 0.2100711689554583 0.03206040858402586 0.3318206748248647 0.03206040858402586 0.3318206748248647 0.047368176178704556 0.2100711689554583 0.047368176178704556
3 0.4816310528145774 0.06079215007387154 0.5962401418696044 0.06079215007387154 0.5962401418696044 0.07623142628310875 0.4816310528145774 0.07623142628310875
13 0.08322802895662668 0.23111160793688096 0.3213147675292718 0.23111160793688096 0.3213147675292718 0.2629501729385713 0.08322802895662668 0.2629501729385713
15 0.14530795219476625 0.2769420170031925 0.2592348442911322 0.2769420170031925 0.2592348442911322 0.29093386106781377 0.14530795219476625 0.29093386106781377
12 0.13507499781485313 0.29334624797550707 0.3902166603540201 0.29334624797550707 0.3902166603540201 0.30733809204012824 0.13507499781485313 0.30733809204012824
0 0.4975270114619825 0.23154547514808171 0.7847865068149038 0.23154547514808171 0.7847865068149038 0.2644871818338438 0.4975270114619825 0.2644871818338438
2 0.5643891353803346 0.27674693209874135 0.6832551334574055 0.27674693209874135 0.6832551334574055 0.29250946815360945 0.5643891353803346 0.29250946815360945
6 0.1423152428227257 0.39652570056451675 0.35093107278122115 0.39652570056451675 0.35093107278122115 0.4357993594217639 0.1423152428227257 0.4357993594217639
6 0.1423152428227257 0.44641386181561443 0.34342690623595157 0.44641386181561443 0.34342690623595157 0.48462607043347655 0.1423152428227257 0.48462607043347655
6 0.14081440951367177 0.4963020230667122 0.22260982485711062 0.4963020230667122 0.22260982485711062 0.511162326418103 0.14081440951367177 0.511162326418103
6 0.14306565947725267 0.520184653452876 0.354683156053856 0.520184653452876 0.354683156053856 0.5589275871904307 0.14306565947725267 0.5589275871904307
6 0.14156482616819874 0.5706035398236663 0.3554335727083829 0.5706035398236663 0.3554335727083829 0.6072235730824508 0.14156482616819874 0.6072235730824508
9 0.40571148856168937 0.3975871508039017 0.4424819046335105 0.3975871508039017 0.4424819046335105 0.41244745415529255 0.40571148856168937 0.41244745415529255
9 0.40346023859810837 0.4458831366959219 0.4417314879789835 0.4458831366959219 0.4417314879789835 0.46021271492762017 0.40346023859810837 0.46021271492762017
9 0.40496107190716235 0.49789419842578975 0.4409810713244565 0.49789419842578975 0.4409810713244565 0.5106316012984105 0.40496107190716235 0.5106316012984105
9 0.40346023859810837 0.5191232032134909 0.4439827379425644 0.5191232032134909 0.4439827379425644 0.5387600326421145 0.40346023859810837 0.5387600326421145
9 0.4042106552526354 0.5700728147039738 0.4432323212880374 0.5700728147039738 0.4432323212880374 0.5849331180553646 0.4042106552526354 0.5849331180553646
10 0.4604919043421575 0.39864860104328687 0.5085185702318831 0.39864860104328687 0.5085185702318831 0.41244745415529255 0.4604919043421575 0.41244745415529255
10 0.4582406543785767 0.44853676229438455 0.5092689868864102 0.44853676229438455 0.5092689868864102 0.4633970656457754 0.4582406543785767 0.4633970656457754
10 0.4634935709602653 0.4984249235454823 0.5055169036137753 0.4984249235454823 0.5055169036137753 0.5085087008196404 0.4634935709602653 0.5085087008196404
10 0.4657448209238463 0.5212461036922611 0.5040160703047212 0.5212461036922611 0.5040160703047212 0.537167857283037 0.4657448209238463 0.537167857283037
10 0.45899107103310366 0.5706035398236663 0.5092689868864101 0.5706035398236663 0.5092689868864101 0.584402392935672 0.45899107103310366 0.584402392935672
7 0.5595469027397164 0.3970564256842092 0.6188298184473465 0.3970564256842092 0.6188298184473465 0.41297817927498504 0.5595469027397164 0.41297817927498504
7 0.5587964860851896 0.4474753120549995 0.6225819017199813 0.4474753120549995 0.6225819017199813 0.4618048902866978 0.5587964860851896 0.4618048902866978
7 0.5617981527032975 0.4963020230667122 0.6218314850654543 0.4963020230667122 0.6218314850654543 0.5122237766574881 0.5617981527032975 0.5122237766574881
7 0.549041069576339 0.5217768288119536 0.6195802351018735 0.5217768288119536 0.6195802351018735 0.5339835065648818 0.549041069576339 0.5339835065648818
7 0.550541902885393 0.5711342649433588 0.6270844016471431 0.5711342649433588 0.6270844016471431 0.5838716678159797 0.550541902885393 0.5838716678159797
8 0.6518481512465328 0.3970564256842092 0.7276402333537559 0.3970564256842092 0.7276402333537559 0.4113860039159075 0.6518481512465328 0.4113860039159075
8 0.6525985679010597 0.446944586935307 0.7231377334265942 0.446944586935307 0.7231377334265942 0.46074344004731277 0.6525985679010597 0.46074344004731277
6 0.13898121666832794 0.6182595993436885 0.37461204618979393 0.6182595993436885 0.37461204618979393 0.6575332582009356 0.13898121666832794 0.6575332582009356
6 0.14498454990454362 0.6676170354750937 0.3543507965175659 0.6676170354750937 0.3543507965175659 0.7068906943323408 0.14498454990454362 0.7068906943323408
9 0.40462871237087245 0.6214439500618437 0.4421495450972205 0.6214439500618437 0.4421495450972205 0.6347120780541569 0.40462871237087245 0.6347120780541569
9 0.40087662909823757 0.6665555852357088 0.4444007950608015 0.6665555852357088 0.4444007950608015 0.6846002393052547 0.40087662909823757 0.6846002393052547
10 0.46090996146039453 0.6182595993436885 0.5036837107684315 0.6182595993436885 0.5036837107684315 0.6331199026950793 0.46090996146039453 0.6331199026950793
10 0.46166037811492144 0.6692092108341713 0.5081862106955931 0.6692092108341713 0.5081862106955931 0.6861924146643323 0.46166037811492144 0.6861924146643323
7 0.5629666264760613 0.6209132249421512 0.6169966256020025 0.6209132249421512 0.6169966256020025 0.6320584524556944 0.5629666264760613 0.6320584524556944
7 0.550209543349103 0.6692092108341713 0.6162462089474755 0.6692092108341713 0.6162462089474755 0.6830080639461771 0.550209543349103 0.6830080639461771
8 0.6655670433995983 0.49577354896984965 0.7200472925182557 0.49577354896984965 0.7200472925182557 0.5099014516560647 0.6655670433995983 0.5099014516560647
8 0.6553627295034216 0.5226106475452393 0.7219935368857759 0.5226106475452393 0.7219935368857759 0.5352978814699976 0.6553627295034216 0.5352978814699976
8 0.6425491126991225 0.5708221364593206 0.7209684475414319 0.5708221364593206 0.7209684475414319 0.5831468779862286 0.6425491126991225 0.5831468779862286
8 0.6538250954869056 0.6204835949648028 0.7189182688527442 0.6204835949648028 0.7189182688527442 0.6320833516960104 0.6538250954869056 0.6320833516960104
5 0.6451118360599825 0.670507545868135 0.7189182688527443 0.670507545868135 0.7189182688527443 0.6813823178036421 0.6451118360599825 0.6813823178036421
11 0.7701379071236417 0.3974280051968337 0.8082610645579196 0.3974280051968337 0.8082610645579196 0.41158999219023135 0.7701379071236417 0.41158999219023135
11 0.7728334839119241 0.4472673055774445 0.8063356525662895 0.4472673055774445 0.8063356525662895 0.4603399089559655 0.7728334839119241 0.4603399089559655
11 0.7732185663102501 0.49492783872830187 0.8071058173629414 0.49492783872830187 0.8071058173629414 0.508545133914261 0.7732185663102501 0.508545133914261
11 0.771678236716946 0.5221624291002204 0.8098013941512239 0.5221624291002204 0.8098013941512239 0.533600957056426 0.771678236716946 0.533600957056426
11 0.7678538985078727 0.569918521951468 0.805628440846946 0.569918521951468 0.805628440846946 0.5842732209063373 0.7678538985078727 0.5842732209063373
11 0.7723642916229859 0.6189637433806049 0.8101388339620591 0.6189637433806049 0.8101388339620591 0.6333184423354743 0.7723642916229859 0.6333184423354743
11 0.7734918899017643 0.6700026729979178 0.8101388339620591 0.6700026729979178 0.8101388339620591 0.6823636637646111 0.7734918899017643 0.6823636637646111
5 0.8446817308886211 0.3988439552762058 0.9114688131415207 0.3988439552762058 0.9114688131415207 0.4099891827897489 0.8446817308886211 0.4099891827897489
5 0.8454321475431482 0.44713994116822603 0.9129696464505749 0.44713994116822603 0.9129696464505749 0.4609387942802318 0.8454321475431482 0.4609387942802318
5 0.8529363140884179 0.4954359270602462 0.9099679798324671 0.4954359270602462 0.9099679798324671 0.5108269555313295 0.8529363140884179 0.5108269555313295
5 0.8461825641976753 0.5209107328054876 0.9114688131415207 0.5209107328054876 0.9114688131415207 0.5341788607978007 0.8461825641976753 0.5341788607978007
5 0.8341758977252438 0.5723910694156629 0.910718396486994 0.5723910694156629 0.910718396486994 0.5835362969292062 0.8341758977252438 0.5835362969292062
5 0.8446817308886211 0.6201563301879904 0.9137200631051017 0.6201563301879904 0.9137200631051017 0.6334244581803036 0.8446817308886211 0.6334244581803036
5 0.8349263143797707 0.6695137663193959 0.9137200631051018 0.6695137663193959 0.9137200631051018 0.6801282687132463 0.8349263143797707 0.6801282687132463
14 0.07604218787367718 0.21294859861412754 0.18571842038378847 0.21294859861412754 0.18571842038378847 0.23053056158858196 0.07604218787367718 0.23053056158858196
1 0.4928118714121002 0.21088013238183875 0.7867441745391985 0.21088013238183875 0.7867441745391985 0.23156479470472638 0.4928118714121002 0.23156479470472638
4 0.3966252936253458 0.79139650143258 0.4416713796049558 0.79139650143258 0.4416713796049558 0.8077142290351587 0.3966252936253458 0.8077142290351587
17 0.5383556617075332 0.8185927141035443 0.644928109025147 0.8185927141035443 0.644928109025147 0.8364645110016063 0.5383556617075332 0.8364645110016063
18 0.6669018095030055 0.8185927141035443 0.7558952964383323 0.8185927141035443 0.7558952964383323 0.8333563724106389 0.6669018095030055 0.8333563724106389
16 0.8163229727524433 0.8209238180467696 0.9108098848072347 0.8209238180467696 0.9108098848072347 0.8341334070583809 0.8163229727524433 0.8341334070583809
