4 0.271875 0.0375 0.121875 0.0203125
3 0.54296875 0.0671875 0.109375 0.0171875
12 0.18828125 0.24609375 0.20390625 0.03203125
13 0.20546875 0.22265625 0.24296875 0.015625
11 0.2625 0.3 0.24765625 0.01484375
14 0.2015625 0.2828125 0.109375 0.01640625
0 0.6125 0.2453125 0.225 0.034375
1 0.54453125 0.22421875 0.08515625 0.015625
2 0.62421875 0.2828125 0.1171875 0.0203125
6 0.25390625 0.415625 0.22578125 0.0375
9 0.4109375 0.40234375 0.01328125 0.0125
7 0.5953125 0.40390625 0.04765625 0.0125
8 0.69765625 0.40390625 0.04140625 0.01328125
10 0.7875 0.40390625 0.03828125 0.01484375
5 0.8875 0.4046875 0.040625 0.0140625
16 0.60859375 0.55390625 0.0734375 0.01484375
17 0.72734375 0.553125 0.0546875 0.01484375
15 0.88125 0.5546875 0.06484375 0.015625