4 0.21122542495373234 0.031308951170508394 0.32165555940322754 0.031308951170508394 0.32165555940322754 0.047033919042746584 0.21122542495373234 0.047033919042746584
3 0.48174219726289835 0.059613893340537134 0.6018071756576515 0.059613893340537134 0.6018071756576515 0.07691135799999915 0.48174219726289835 0.07691135799999915
14 0.08226674445566416 0.2152910752756952 0.18602660232767307 0.2152910752756952 0.18602660232767307 0.22996771195645085 0.08226674445566416 0.22996771195645085
13 0.08004331892983542 0.2310160431479334 0.3416663891356863 0.2310160431479334 0.3416663891356863 0.26561097246685744 0.08004331892983542 0.26561097246685744
15 0.14600494286275534 0.27504595319020037 0.2593996446800222 0.27504595319020037 0.2593996446800222 0.2912950866581798 0.14600494286275534 0.2912950866581798
12 0.13488781523361154 0.29234341784966233 0.38613489965226155 0.29234341784966233 0.38613489965226155 0.3127858760835719 0.13488781523361154 0.3127858760835719
1 0.49804731778564254 0.21738773765866032 0.7196487285265759 0.21738773765866032 0.7196487285265759 0.22839521516922706 0.49804731778564254 0.22839521516922706
0 0.5002707433114714 0.22944354636070957 0.7507766858881785 0.22944354636070957 0.7507766858881785 0.2640384756796336 0.5002707433114714 0.2640384756796336
2 0.5662323672443913 0.2776667728030045 0.6818504945874869 0.2776667728030045 0.6818504945874869 0.2933917406752427 0.5662323672443913 0.2933917406752427
6 0.1387956540365833 0.39908296835882767 0.2971305020880254 0.39908296835882767 0.2971305020880254 0.41194885116338614 0.1387956540365833 0.41194885116338614
6 0.1428382459017265 0.4238617056120514 0.31936475734631303 0.4238617056120514 0.31936475734631303 0.46198283984778044 0.1428382459017265 0.46198283984778044
6 0.14351201121258372 0.4753252368302856 0.3591169106868879 0.4753252368302856 0.3591169106868879 0.5096342576424416 0.14351201121258372 0.5096342576424416
6 0.1414907152800121 0.5248827113367331 0.36922339034974594 0.5248827113367331 0.36922339034974594 0.558238703792996 0.1414907152800121 0.558238703792996
6 0.1387956540365833 0.5711045865975545 0.33081876763088547 0.5711045865975545 0.33081876763088547 0.5806348701564867 0.1387956540365833 0.5806348701564867
6 0.1428382459017265 0.5977893805625648 0.3207122879680275 0.5977893805625648 0.3207122879680275 0.619709032748109 0.1428382459017265 0.619709032748109
9 0.4015641252708915 0.39812994000293433 0.44266380923318066 0.39812994000293433 0.44266380923318066 0.4109958228074928 0.4015641252708915 0.4109958228074928
9 0.4076280130686063 0.4210026205443718 0.44266380923318066 0.4210026205443718 0.44266380923318066 0.4381571309504499 0.4076280130686063 0.4381571309504499
9 0.40223789058174864 0.4724661517626059 0.44266380923318066 0.4724661517626059 0.44266380923318066 0.4839024920333246 0.40223789058174864 0.4839024920333246
9 0.40223789058174864 0.5220236262690535 0.44266380923318066 0.5220236262690535 0.44266380923318066 0.534889509073612 0.40223789058174864 0.534889509073612
9 0.4056067171360347 0.5706280724196079 0.4419900439223235 0.5706280724196079 0.4419900439223235 0.583970469402113 0.4056067171360347 0.583970469402113
9 0.4015641252708915 0.5963598380287249 0.4446851051657523 0.5963598380287249 0.4446851051657523 0.6106552633671234 0.4015641252708915 0.6106552633671234
10 0.46422429918061114 0.4009890250706141 0.5012813912777572 0.4009890250706141 0.5012813912777572 0.4090897660957064 0.46422429918061114 0.4090897660957064
10 0.46422429918061114 0.4238617056120514 0.5026289218994716 0.4238617056120514 0.5026289218994716 0.43386850334893023 0.46422429918061114 0.43386850334893023
10 0.46220300324803953 0.4753252368302856 0.49926009534518556 0.4753252368302856 0.49926009534518556 0.48533203456716445 0.46220300324803953 0.48533203456716445
10 0.4648980644914683 0.5225001404470001 0.5012813912777572 0.5225001404470001 0.5012813912777572 0.5339364807177187 0.4648980644914683 0.5339364807177187
10 0.46422429918061114 0.5725341291313943 0.5006076259669 0.5725341291313943 0.5006076259669 0.5834939552241665 0.46422429918061114 0.5834939552241665
10 0.46220300324803953 0.5968363522066715 0.5006076259669 0.5968363522066715 0.5006076259669 0.6077961782994437 0.46220300324803953 0.6077961782994437
7 0.5794381673371924 0.3976534258249878 0.6198640859886246 0.3976534258249878 0.6198640859886246 0.4081367377398132 0.5794381673371924 0.4081367377398132
7 0.5733742795394776 0.4219556489002649 0.6205378512994816 0.4219556489002649 0.6205378512994816 0.43672758841660986 0.5733742795394776 0.43672758841660986
7 0.581459463269764 0.474848722652339 0.6185165553669101 0.474848722652339 0.6185165553669101 0.48676157710100426 0.581459463269764 0.48676157710100426
7 0.581459463269764 0.5234531688028933 0.6124526675691953 0.5234531688028933 0.6124526675691953 0.5334599665397722 0.581459463269764 0.5334599665397722
7 0.578090636715478 0.5706280724196079 0.6178427900560528 0.5706280724196079 0.6178427900560528 0.5834939552241665 0.578090636715478 0.5834939552241665
7 0.5720267489177632 0.5949302954948851 0.6185165553669101 0.5949302954948851 0.6185165553669101 0.6092257208332836 0.5720267489177632 0.6092257208332836
8 0.6811767292766296 0.396223883291148 0.7175600560629185 0.396223883291148 0.7175600560629185 0.41337839369722607 0.6811767292766296 0.41337839369722607
8 0.6771341374114865 0.41957307801053195 0.7216026479280617 0.41957307801053195 0.7216026479280617 0.4352980458827701 0.6771341374114865 0.4352980458827701
8 0.6744390761680576 0.47341918011849915 0.7175600560629186 0.47341918011849915 0.7175600560629186 0.4824729494994847 0.6744390761680576 0.4824729494994847
8 0.6831980252092014 0.5210705979131602 0.7236239438606333 0.5210705979131602 0.7236239438606333 0.5339364807177186 0.6831980252092014 0.5339364807177186
8 0.6751128414789149 0.569198529885768 0.7195813519954901 0.569198529885768 0.7195813519954901 0.5839704694021131 0.6751128414789149 0.5839704694021131
8 0.6670276577486285 0.5949302954948851 0.7209288826172046 0.5949302954948851 0.7209288826172046 0.6082726924773902 0.6670276577486285 0.6082726924773902
11 0.7680924543772086 0.396223883291148 0.8085183730286407 0.396223883291148 0.8085183730286407 0.41051930862954644 0.7680924543772086 0.41051930862954644
11 0.7701137503097804 0.41909656383258537 0.809865903650355 0.41909656383258537 0.809865903650355 0.43482153170482357 0.7701137503097804 0.43482153170482357
11 0.7660711584446369 0.4696070666949263 0.8064970770960692 0.4696070666949263 0.8064970770960692 0.48485552038921775 0.7660711584446369 0.48485552038921775
11 0.7694399849989231 0.5196410553793204 0.8118871995829265 0.5196410553793204 0.8118871995829265 0.5367955657853986 0.7694399849989231 0.5367955657853986
11 0.7701137503097804 0.5706280724196079 0.8078446077177833 0.5706280724196079 0.8078446077177833 0.582540926868273 0.7701137503097804 0.582540926868273
11 0.7741563421749234 0.5925477246051521 0.8085183730286406 0.5925477246051521 0.8085183730286406 0.6120848059009631 0.7741563421749234 0.6120848059009631
5 0.8711785469383603 0.39622386047505137 0.9169945880766501 0.39622386047505137 0.9169945880766501 0.41051928581344965 0.8711785469383603 0.41051928581344965
5 0.8651146591406454 0.41957307801053195 0.9109307002789352 0.41957307801053195 0.9109307002789352 0.43386850334893023 0.8651146591406454 0.43386850334893023
5 0.8590507713429305 0.4696070666949263 0.9109307002789349 0.4696070666949263 0.9109307002789349 0.4862850629230577 0.8590507713429305 0.4862850629230577
5 0.8745473734926463 0.5239296829808399 0.9129519962115069 0.5239296829808399 0.9129519962115069 0.5353660232515586 0.8745473734926463 0.5353660232515586
5 0.8651146591406454 0.5720576149534476 0.9109307002789352 0.5720576149534476 0.9109307002789352 0.5834939552241665 0.8651146591406454 0.5834939552241665
5 0.8529868835452159 0.5949302954948851 0.9149732921440782 0.5949302954948851 0.9149732921440782 0.6082726924773902 0.8529868835452159 0.6082726924773902
19 0.3981952987166055 0.7050050706005524 0.43794745205718033 0.7050050706005524 0.43794745205718033 0.7240656377184169 0.3981952987166055 0.7240656377184169
17 0.5659628611200485 0.7307368362096694 0.6407508106251977 0.7307368362096694 0.6407508106251977 0.7450322615480678 0.5659628611200485 0.7450322615480678
18 0.6885881476960588 0.7321663787435093 0.7499007909840643 0.7321663787435093 0.7499007909840643 0.7497974033275336 0.6885881476960588 0.7497974033275336
16 0.8381640467063575 0.732642892921456 0.9149732921440782 0.732642892921456 0.9149732921440782 0.7497974033275339 0.8381640467063575 0.7497974033275339
