12 0.20589884716564893 0.029579067121729242 0.34906288933551427 0.029579067121729242 0.34906288933551427 0.048919226393629126 0.20589884716564893 0.048919226393629126
4 0.4812823242723537 0.05899650709216857 0.5947750910313901 0.05899650709216857 0.5947750910313901 0.07785698655231628 0.4812823242723537 0.07785698655231628
14 0.0787978555510222 0.21555080766084958 0.2865578384159249 0.21555080766084958 0.2865578384159249 0.23046374490840826 0.0787978555510222 0.23046374490840826
13 0.07817767649769414 0.23221820811400343 0.279115689775988 0.23221820811400343 0.279115689775988 0.26292131421191833 0.07817767649769414 0.26292131421191833
15 0.1476377304704377 0.277834251459477 0.26175067628280213 0.277834251459477 0.26175067628280213 0.29143134130283926 0.1476377304704377 0.29143134130283926
12 0.1327534331905641 0.29274718870703564 0.39198827748169623 0.29274718870703564 0.39198827748169623 0.3076601259545943 0.1327534331905641 0.3076601259545943
1 0.49902707526042955 0.21613497075075608 0.6108391567849468 0.21613497075075608 0.6108391567849468 0.2299338238627619 0.49902707526042955 0.2299338238627619
0 0.49827665860590264 0.23152599922183945 0.689632905510278 0.23152599922183945 0.689632905510278 0.26602313200185385 0.49827665860590264 0.26602313200185385
2 0.5650637408588022 0.2761069092760119 0.687381655546697 0.2761069092760119 0.687381655546697 0.29468228846525035 0.5650637408588022 0.29468228846525035
6 0.14182874770559575 0.39711223656590844 0.25664249584822085 0.39711223656590844 0.25664249584822085 0.4114418147976068 0.14182874770559575 0.4114418147976068
9 0.4052249934445593 0.3981736868052936 0.4419954095163805 0.3981736868052936 0.4419954095163805 0.41038036455822163 0.4052249934445593 0.41038036455822163
10 0.4615062425340815 0.3976429616856011 0.5087824917692799 0.3976429616856011 0.5087824917692799 0.4114418147976068 0.4615062425340815 0.4114418147976068
7 0.5794109881692185 0.3985023603832621 0.6183643832542873 0.3985023603832621 0.6183643832542873 0.41155208670587057 0.5794109881692185 0.41155208670587057
8 0.6742317525210305 0.3985023603832619 0.7198482283443346 0.3985023603832619 0.7198482283443346 0.4122770715015709 0.6742317525210305 0.4122770715015709
11 0.7695650615450146 0.39596491359831054 0.8069808226135673 0.39596491359831054 0.8069808226135673 0.4093771323187691 0.7695650615450146 0.4093771323187691
5 0.8644193958004912 0.3978089671930416 0.9127297330450305 0.3978089671930416 0.9127297330450305 0.410683500823403 0.8644193958004912 0.410683500823403
16 0.8474645360521113 0.5248292893012173 0.9115326200736057 0.5248292893012173 0.9115326200736057 0.5378790156238257 0.8474645360521113 0.5378790156238257
18 0.7013893044831037 0.5255542740969177 0.7531563163724713 0.5255542740969177 0.7531563163724713 0.5378790156238257 0.7013893044831037 0.5378790156238257
17 0.5804287618505218 0.5255542740969177 0.6419341225111566 0.5255542740969177 0.6419341225111566 0.5389664928173764 0.5804287618505218 0.5389664928173764
18 0.39937733466009584 0.49954164266498696 0.43489668044161245 0.49954164266498696 0.43489668044161245 0.513497599982221 0.39937733466009584 0.513497599982221
