4 0.2703125 0.03984375 0.11796875 0.0203125
3 0.53828125 0.065625 0.1171875 0.01953125
13 0.221875 0.22109375 0.28359375 0.01953125
12 0.17890625 0.24453125 0.19765625 0.0359375
11 0.25703125 0.3 0.24296875 0.01796875
14 0.2015625 0.2828125 0.11796875 0.0171875
0 0.5984375 0.2453125 0.19765625 0.0375
1 0.62578125 0.2234375 0.2515625 0.0171875
2 0.62265625 0.2828125 0.1171875 0.01640625
6 0.2359375 0.4140625 0.1984375 0.0421875
9 0.4125 0.403125 0.01328125 0.01328125
7 0.5953125 0.403125 0.04140625 0.01328125
8 0.6953125 0.403125 0.053125 0.01171875
10 0.790625 0.40390625 0.0390625 0.0125
5 0.8828125 0.40390625 0.0515625 0.0125
16 0.59609375 0.84921875 0.08828125 0.01484375
17 0.7171875 0.84921875 0.06875 0.01328125
15 0.86875 0.8484375 0.08515625 0.0140625