4 0.26875 0.03984375 0.12421875 0.0203125
3 0.5390625 0.06875 0.11953125 0.0203125
0 0.6203125 0.2484375 0.24140625 0.03125
1 0.56953125 0.22421875 0.14375 0.015625
2 0.6234375 0.28359375 0.1140625 0.0140625
12 0.2046875 0.246875 0.25 0.03125
13 0.12890625 0.2234375 0.09296875 0.01484375
11 0.26328125 0.3 0.25703125 0.015625
14 0.203125 0.28359375 0.115625 0.0171875
6 0.24296875 0.415625 0.221875 0.0453125
9 0.40703125 0.40390625 0.02109375 0.0140625
7 0.58515625 0.40390625 0.06640625 0.01640625
8 0.68359375 0.40390625 0.07421875 0.015625
10 0.7890625 0.4046875 0.0375 0.015625
5 0.875 0.40546875 0.075 0.0203125
16 0.58515625 0.78828125 0.1140625 0.0171875
17 0.70625 0.78671875 0.1015625 0.01796875
15 0.8578125 0.7890625 0.11171875 0.01875