4 0.20621904858987533 0.02670428547292004 0.33256452202170034 0.02670428547292004 0.33256452202170034 0.05032730723742624 0.20621904858987533 0.05032730723742624
3 0.4821459445904128 0.05751692255705856 0.5968734434537941 0.05751692255705856 0.5968734434537941 0.07703159271034626 0.4821459445904128 0.07703159271034626
14 0.08132582197910578 0.21363428378336033 0.3616094584428096 0.21363428378336033 0.3616094584428096 0.23314895393664808 0.08132582197910578 0.23314895393664808
13 0.08423031562121669 0.23314895393664806 0.25849993414787187 0.23314895393664806 0.25849993414787187 0.26293450311798194 0.08423031562121669 0.26293450311798194
15 0.145224682105546 0.27320538214602813 0.2628566746110383 0.27320538214602813 0.2628566746110383 0.29066587649370657 0.145224682105546 0.29066587649370657
12 0.1350589543581578 0.2937471402021205 0.3848454075796968 0.2937471402021205 0.3848454075796968 0.30812637084138517 0.1350589543581578 0.30812637084138517
1 0.49812065962202284 0.21568845958896954 0.7406458787382848 0.21568845958896954 0.7406458787382848 0.22904060232542955 0.49812065962202284 0.22904060232542955
0 0.49231167233780093 0.2290406023254295 0.7537161001277838 0.2290406023254295 0.7537161001277838 0.2619074152151773 0.49231167233780093 0.2619074152151773
2 0.564924013390574 0.27628664585444196 0.6825560058960664 0.27628664585444196 0.6825560058960664 0.2947742281049251 0.564924013390574 0.2947742281049251
6 0.1379634480002687 0.3933746667741683 0.35144373069542134 0.3933746667741683 0.35144373069542134 0.43548527078915755 0.1379634480002687 0.43548527078915755
6 0.1379634480002687 0.4447290619143992 0.36451395208492055 0.4447290619143992 0.36451395208492055 0.48581257802658384 0.1379634480002687 0.48581257802658384
6 0.1379634480002687 0.49402928124902074 0.34418249659014405 0.49402928124902074 0.34418249659014405 0.5340857094584008 0.1379634480002687 0.5340857094584008
6 0.13941569482132415 0.5423024126808378 0.3674184457270314 0.5423024126808378 0.3674184457270314 0.584413016695827 0.13941569482132415 0.584413016695827
9 0.400820122611307 0.3954288425797775 0.4429352804219154 0.3954288425797775 0.4429352804219154 0.4098080732190421 0.400820122611307 0.4098080732190421
9 0.3993678757902515 0.4467832377200084 0.4516487613482481 0.4467832377200084 0.4516487613482481 0.45910829255366387 0.3993678757902515 0.45910829255366387
9 0.40517686307447337 0.49300219334621614 0.44438752724297076 0.49300219334621614 0.44438752724297076 0.50943559979109 0.40517686307447337 0.50943559979109
9 0.3993678757902515 0.5423024126808378 0.4400307867798045 0.5423024126808378 0.4400307867798045 0.5607899949313209 0.3993678757902515 0.5607899949313209
10 0.4618144890956364 0.39748301838538674 0.5039296469062446 0.39748301838538674 0.5039296469062446 0.4118622490246514 0.4618144890956364 0.4118622490246514
10 0.46471898273774725 0.4457561498172037 0.5068341405483556 0.4457561498172037 0.5068341405483556 0.46218955626207764 0.46471898273774725 0.46218955626207764
10 0.4603622422745809 0.49197510544341155 0.5039296469062448 0.49197510544341155 0.5039296469062448 0.5073814239854808 0.4603622422745809 0.5073814239854808
10 0.4661712295588027 0.5423024126808378 0.5039296469062446 0.5423024126808378 0.5039296469062446 0.5577087312229069 0.4661712295588027 0.5577087312229069
7 0.580898728422184 0.3954288425797775 0.6172048989485706 0.3954288425797775 0.6172048989485706 0.4098080732190421 0.580898728422184 0.4098080732190421
7 0.5678285070326848 0.4457561498172037 0.6215616394117368 0.4457561498172037 0.6215616394117368 0.461162468359273 0.5678285070326848 0.461162468359273
7 0.5692807538537403 0.49300219334621614 0.6143004053064596 0.49300219334621614 0.6143004053064596 0.5114897755966993 0.5692807538537403 0.5114897755966993
7 0.5794464816011285 0.544356588486447 0.6215616394117369 0.544356588486447 0.6215616394117369 0.5597629070285163 0.5794464816011285 0.5597629070285163
8 0.6825560058960662 0.39645593048258226 0.7217666700645636 0.39645593048258226 0.7217666700645636 0.4108351611218468 0.6825560058960662 0.4108351611218468
8 0.6723902781486779 0.4467832377200084 0.7217666700645637 0.4467832377200084 0.7217666700645637 0.461162468359273 0.6723902781486779 0.461162468359273
8 0.675294771790789 0.49300219334621614 0.7188621764224528 0.49300219334621614 0.7188621764224528 0.5084085118882854 0.675294771790789 0.5084085118882854
8 0.6796515122539553 0.5433295005836424 0.7232189168856191 0.5433295005836424 0.7232189168856191 0.5577087312229069 0.6796515122539553 0.5577087312229069
11 0.7682385683383385 0.39645593048258226 0.8118059729700022 0.39645593048258226 0.8118059729700022 0.4098080732190422 0.7682385683383385 0.4098080732190422
11 0.7653340746962275 0.4467832377200084 0.8089014793278912 0.4467832377200084 0.8089014793278912 0.4621895562620777 0.7653340746962275 0.4621895562620777
11 0.766786321517283 0.49402928124902074 0.8103537261489467 0.49402928124902074 0.8103537261489467 0.5114897755966993 0.766786321517283 0.5114897755966993
11 0.763881827875172 0.5433295005836424 0.8103537261489467 0.5433295005836424 0.8103537261489467 0.5597629070285163 0.763881827875172 0.5597629070285163
5 0.8698958458122206 0.39748301838538674 0.9120110036228289 0.39748301838538674 0.9120110036228289 0.4098080732190422 0.8698958458122206 0.4098080732190422
5 0.8640868585279988 0.4457561498172037 0.9105587568017736 0.4457561498172037 0.9105587568017736 0.4591082925536638 0.8640868585279988 0.4591082925536638
5 0.8611823648858878 0.49402928124902074 0.9120110036228289 0.49402928124902074 0.9120110036228289 0.50943559979109 0.8611823648858878 0.50943559979109
5 0.8640868585279988 0.5433295005836424 0.9105587568017736 0.5433295005836424 0.9105587568017736 0.5597629070285163 0.8640868585279988 0.5597629070285163
19 0.39355888850602966 0.6686342247258055 0.4458397740640263 0.6686342247258055 0.4458397740640263 0.6840405432678746 0.39355888850602966 0.6840405432678746
17 0.5663762602116295 0.694311422295921 0.643345341727569 0.694311422295921 0.643345341727569 0.7117719166435997 0.5663762602116295 0.7117719166435997
18 0.6840082527171218 0.6953385101987257 0.75807284059095 0.6953385101987257 0.75807284059095 0.7107448287407949 0.6840082527171218 0.7107448287407949
16 0.8393986625700558 0.694311422295921 0.9178199909070508 0.694311422295921 0.9178199909070508 0.7086906529351856 0.8393986625700558 0.7086906529351856
