4 0.21079751256049417 0.024492962216503527 0.3251663757582091 0.024492962216503527 0.3251663757582091 0.04986905715634128 0.21079751256049417 0.04986905715634128
3 0.47653692999047886 0.057006083858170645 0.6066034802937625 0.057006083858170645 0.6066034802937625 0.07603815506304896 0.47653692999047886 0.07603815506304896
14 0.08409475235126097 0.2156066772321566 0.21191877592517766 0.2156066772321566 0.21191877592517766 0.22829472470207549 0.08409475235126097 0.22829472470207549
13 0.08185222562189402 0.2314667365695552 0.30049858173517263 0.2314667365695552 0.30049858173517263 0.26556586414496214 0.08185222562189402 0.26556586414496214
15 0.1435217106794854 0.2750818997474013 0.2578905738772003 0.2750818997474013 0.2578905738772003 0.28935595315106005 0.1435217106794854 0.28935595315106005
12 0.13455160376201755 0.29094195908479986 0.3823508073570666 0.29094195908479986 0.3823508073570666 0.3060090154553286 0.13455160376201755 0.3060090154553286
1 0.4989621972841486 0.21639968019902647 0.6368775911402166 0.21639968019902647 0.6368775911402166 0.22988073063581532 0.4989621972841486 0.22988073063581532
0 0.502325987378199 0.23067373360268523 0.6761218089041383 0.23067373360268523 0.6761218089041383 0.2623938522774824 0.502325987378199 0.2623938522774824
2 0.5628741887307284 0.27746090864801115 0.6761217885637598 0.27746090864801115 0.6761217885637598 0.2917349620516699 0.5628741887307284 0.2917349620516699
6 0.13760959475660883 0.3953685084177828 0.3679782496824873 0.3953685084177828 0.3679782496824873 0.4342977449732157 0.13760959475660883 0.4342977449732157
6 0.14372557674579145 0.44439051000610574 0.36492025868789607 0.44439051000610574 0.36492025868789607 0.48331974656153864 0.14372557674579145 0.48331974656153864
6 0.1365902644250784 0.49485433517055577 0.34249499139422634 0.49485433517055577 0.34249499139422634 0.5316208363617979 0.1365902644250784 0.5316208363617979
6 0.14372557674579145 0.5453181603350059 0.36492025868789607 0.5453181603350059 0.36492025868789607 0.5813637497381845 0.14372557674579145 0.5813637497381845
9 0.4026354809545222 0.39464759662971927 0.45156333686798306 0.39464759662971927 0.45156333686798306 0.41122856775518146 0.4026354809545222 0.41122856775518146
9 0.4016161506229917 0.44222777464191504 0.44137003355267873 0.44222777464191504 0.44137003355267873 0.4588087457673772 0.4016161506229917 0.4588087457673772
9 0.39855815962840035 0.49485433517055577 0.4434086942157396 0.49485433517055577 0.4434086942157396 0.5092725709318272 0.39855815962840035 0.5092725709318272
9 0.4026354809545222 0.5460390721230693 0.44952467620492215 0.5460390721230693 0.44952467620492215 0.5604573078843408 0.4026354809545222 0.5604573078843408
10 0.4637953008463483 0.39681033199390997 0.507626505102157 0.39681033199390997 0.507626505102157 0.4155540384835628 0.4637953008463483 0.4155540384835628
10 0.46481463117787875 0.4451114217941693 0.5096651657652179 0.4451114217941693 0.5096651657652179 0.45952965755544084 0.46481463117787875 0.45952965755544084
10 0.46481463117787875 0.496296158746683 0.4994718624499136 0.496296158746683 0.4994718624499136 0.5085516591437637 0.46481463117787875 0.5085516591437637
10 0.4668532918409396 0.5431554249708151 0.507626505102157 0.5431554249708151 0.507626505102157 0.5611782196724044 0.4668532918409396 0.5611782196724044
7 0.5483997183633744 0.39464759662971927 0.6258688235596875 0.39464759662971927 0.6258688235596875 0.41194947954324496 0.5483997183633744 0.41194947954324496
7 0.570824985657044 0.44078595106578783 0.626888153891218 0.44078595106578783 0.626888153891218 0.4602505693435043 0.570824985657044 0.4602505693435043
7 0.5647090036678615 0.49197068801830146 0.6228108325650964 0.49197068801830146 0.6228108325650964 0.5099934827198909 0.5647090036678615 0.5099934827198909
7 0.5514577093579658 0.5431554249708151 0.6207721719020355 0.5431554249708151 0.6207721719020355 0.5611782196724044 0.5514577093579658 0.5611782196724044
8 0.6421781088641745 0.3953685084177828 0.7216858747235484 0.3953685084177828 0.7216858747235484 0.41122856775518146 0.6421781088641745 0.41122856775518146
8 0.6758160098046789 0.44366959821804225 0.7176085533974267 0.44366959821804225 0.7176085533974267 0.45808783397931363 0.6758160098046789 0.45808783397931363
8 0.6778546704677397 0.4955752469586194 0.7227052050550788 0.4955752469586194 0.7227052050550788 0.5099934827198909 0.6778546704677397 0.5099934827198909
8 0.6533907301835071 0.5438762936001992 0.7176085410699246 0.5438762936001992 0.7176085410699246 0.5546899704211528 0.6533907301835071 0.5546899704211528
11 0.7644977486478268 0.39392668484165566 0.8103676135666966 0.39392668484165566 0.8103676135666966 0.40762400881486355 0.7644977486478268 0.40762400881486355
11 0.7706137306370094 0.4415068628538515 0.811386943898227 0.4415068628538515 0.811386943898227 0.4616923929196315 0.7706137306370094 0.4616923929196315
11 0.7685750699739486 0.4955752469586194 0.8011936405829224 0.4955752469586194 0.8011936405829224 0.5107143945079544 0.7685750699739486 0.5107143945079544
11 0.7706137306370094 0.5445972485469422 0.8134256045612879 0.5445972485469422 0.8134256045612879 0.5633409550365952 0.7706137306370094 0.5633409550365952
5 0.8389088628495485 0.3953685084177828 0.9102619860566791 0.3953685084177828 0.9102619860566791 0.4126703913313085 0.8389088628495485 0.4126703913313085
5 0.86541145146934 0.4458323335822329 0.91230064671974 0.4458323335822329 0.91230064671974 0.46025056934350433 0.86541145146934 0.46025056934350433
5 0.8623534604747488 0.4941334233824922 0.9123006467197401 0.4941334233824922 0.9123006467197401 0.5071098355676366 0.8623534604747488 0.5071098355676366
5 0.8440055145072008 0.5417136013946879 0.9102619860566791 0.5417136013946879 0.9102619860566791 0.5575736607320866 0.8440055145072008 0.5575736607320866
19 0.39855815962840035 0.6649895171535589 0.4383120425580874 0.6649895171535589 0.4383120425580874 0.6851750472193391 0.39855815962840035 0.6851750472193391
17 0.5443223970372527 0.6938259886761018 0.6381007875380528 0.6938259886761018 0.6381007875380528 0.706802400861246 0.5443223970372527 0.706802400861246
18 0.6625647154947832 0.6909423415238475 0.7543044453325226 0.6909423415238475 0.7543044453325226 0.7075233126493098 0.6625647154947832 0.7075233126493098
16 0.8052709619090443 0.6895005179477203 0.9153586377143312 0.6895005179477203 0.9153586377143312 0.7082442244373731 0.8052709619090443 0.7082442244373731
