4 0.21213816318938275 0.031753339314692375 0.32994259427677824 0.031753339314692375 0.32994259427677824 0.04678781913882772 0.21213816318938275 0.04678781913882772
3 0.48229118184844777 0.056810805688251295 0.5938953797207174 0.056810805688251295 0.5938953797207174 0.0749774688090815 0.48229118184844777 0.0749774688090815
6 0.0792760228652523 0.21529928050101133 0.18467998752239578 0.21529928050101133 0.18467998752239578 0.22970732366580776 0.0792760228652523 0.22970732366580776
13 0.07041848511566424 0.23096017168284025 0.31045611897106634 0.23096017168284025 0.31045611897106634 0.2704257065228407 0.07041848511566424 0.2704257065228407
15 0.1457070930273175 0.2723050165008579 0.26174002891039133 0.2723050165008579 0.26174002891039133 0.29047167962168813 0.1457070930273175 0.29047167962168813
12 0.13330662659706533 0.2910981162810271 0.3892876836215565 0.2910981162810271 0.3892876836215565 0.30550615944582343 0.13330662659706533 0.30550615944582343
1 0.5000061338916651 0.21404640718233342 0.5974383701293609 0.21404640718233342 0.5974383701293609 0.23221307030316363 0.5000061338916651 0.23221307030316363
0 0.501777629095987 0.23346593729643034 0.6851273771316523 0.23346593729643034 0.6851273771316523 0.2679199598854852 0.501777629095987 0.2679199598854852
2 0.5655514564515695 0.2741843264788748 0.6798128971303214 0.2741843264788748 0.6798128971303214 0.2917245529403661 0.5655514564515695 0.2917245529403661
6 0.14147160701713402 0.39312690355162627 0.3633248089303669 0.39312690355162627 0.3633248089303669 0.43557425158843505 0.14147160701713402 0.43557425158843505
6 0.13611283402406077 0.44315413516643665 0.3911904284943478 0.44315413516643665 0.3911904284943478 0.4818115414142446 0.13611283402406077 0.4818115414142446
9 0.4033694580240599 0.3936543780123362 0.4403937077943843 0.3936543780123362 0.4403937077943843 0.4136377074452494 0.4033694580240599 0.4136377074452494
9 0.4062924251111907 0.44395724175725576 0.44331667488151505 0.44395724175725576 0.44331667488151505 0.4618733302143503 0.4062924251111907 0.4618733302143503
10 0.46182879976667723 0.3970997796387006 0.511519240247902 0.3970997796387006 0.511519240247902 0.4122595467947036 0.46182879976667723 0.4122595467947036
10 0.465726089216185 0.4487808040341658 0.5046989837112633 0.4487808040341658 0.5046989837112633 0.46049516956380454 0.465726089216185 0.46049516956380454
7 0.5631583254538806 0.39296529768706334 0.6177203777469901 0.39296529768706334 0.6177203777469901 0.41157046646943085 0.5631583254538806 0.41157046646943085
7 0.5621840030915037 0.4453354024078015 0.6177203777469902 0.4453354024078015 0.6177203777469902 0.46049516956380454 0.5621840030915037 0.46049516956380454
8 0.6635135287787071 0.3970997796387006 0.7132039692599319 0.3970997796387006 0.7132039692599319 0.41363770744524936 0.6635135287787071 0.41363770744524936
8 0.668385140590592 0.44395724175725576 0.714178291622309 0.44395724175725576 0.714178291622309 0.4591170089132589 0.668385140590592 0.4591170089132589
11 0.7677660215530415 0.3957216189881548 0.8096618831352504 0.3957216189881548 0.8096618831352504 0.4143267877705223 0.7677660215530415 0.4143267877705223
11 0.7648430544659105 0.44671356305834714 0.8116105278600044 0.44671356305834714 0.8116105278600044 0.4639405711901689 0.7648430544659105 0.4639405711901689
5 0.8525320670798366 0.3957216189881548 0.9119657311848309 0.3957216189881548 0.9119657311848309 0.4122595467947037 0.8525320670798366 0.4122595467947037
5 0.8564293565293446 0.44395724175725576 0.9090427640977001 0.44395724175725576 0.9090427640977001 0.4591170089132589 0.8564293565293446 0.4591170089132589
19 0.39070326731315946 0.5666135396558266 0.4403937077943842 0.5666135396558266 0.4403937077943842 0.5872859494140126 0.39070326731315946 0.5872859494140126
17 0.5514664571053572 0.5941767526667413 0.6469500486182989 0.5941767526667413 0.6469500486182989 0.6114037607985632 0.5514664571053572 0.6114037607985632
18 0.6761797194896075 0.5934876723414685 0.7560741532045179 0.5934876723414685 0.7560741532045179 0.6107146804732904 0.6761797194896075 0.6107146804732904
16 0.823302396208528 0.5927985920161957 0.9129400535472079 0.5927985920161957 0.9129400535472079 0.6100256001480173 0.823302396208528 0.6100256001480173
