4 0.21347784072167791 0.02642767747396618 0.32206772501941 0.02642767747396618 0.32206772501941 0.04737290678950521 0.21347784072167791 0.04737290678950521
3 0.4837185755080794 0.05784552144727473 0.5997123155533841 0.05784552144727473 0.5997123155533841 0.0779180328746663 0.4837185755080794 0.0779180328746663
14 0.08144241322329909 0.21318930553752258 0.25666699924918496 0.21318930553752258 0.25666699924918496 0.2288982275241769 0.08144241322329909 0.2288982275241769
13 0.08020843726537033 0.23151638118861925 0.36155495567313084 0.23151638118861925 0.36155495567313084 0.25944335360933796 0.08020843726537033 0.25944335360933796
15 0.1468431389935241 0.2742795577078448 0.2579009752071138 0.2742795577078448 0.2579009752071138 0.2908611975826465 0.1468431389935241 0.2908611975826465
12 0.13573735537216516 0.29173391547079397 0.37266073929448984 0.29173391547079397 0.37266073929448984 0.3056974016811534 0.13573735537216516 0.3056974016811534
1 0.4997602629611535 0.21493474131381748 0.6243918347119596 0.21493474131381748 0.6243918347119596 0.2280255096360294 0.4997602629611535 0.2280255096360294
0 0.5022282148770111 0.2332618169649142 0.7885106371164866 0.2332618169649142 0.7885106371164866 0.2611887893856329 0.5022282148770111 0.2611887893856329
2 0.5626930368155207 0.2760249934841397 0.6873246085663268 0.2760249934841397 0.6873246085663268 0.2960975049115313 0.5626930368155207 0.2960975049115313
6 0.13943928324595148 0.3973327799366366 0.3467472441779854 0.3973327799366366 0.3467472441779854 0.42351431658106037 0.13943928324595148 0.42351431658106037
6 0.141907235161809 0.4366050849032723 0.3738947152524186 0.4366050849032723 0.3738947152524186 0.47413195409361303 0.141907235161809 0.47413195409361303
6 0.14437518707766656 0.4837318508632351 0.2110098888058204 0.4837318508632351 0.2110098888058204 0.4976953370735944 0.14437518707766656 0.4976953370735944
9 0.4035101382427091 0.39820549782478404 0.44299736889643 0.39820549782478404 0.44299736889643 0.4086781124825536 0.4035101382427091 0.4086781124825536
9 0.4059780901585667 0.43573236701512486 0.44052941698057235 0.43573236701512486 0.44052941698057235 0.4453322637847469 0.4059780901585667 0.4453322637847469
9 0.4059780901585667 0.4837318508632351 0.44299736889643 0.4837318508632351 0.44299736889643 0.4950771834091521 0.4059780901585667 0.4950771834091521
10 0.4664429120970766 0.39820549782478404 0.5009942389190822 0.39820549782478404 0.5009942389190822 0.411296266146996 0.4664429120970766 0.411296266146996
10 0.4664429120970766 0.43573236701512486 0.497292311045296 0.43573236701512486 0.497292311045296 0.44795041744918923 0.4664429120970766 0.44795041744918923
10 0.46767688805500524 0.48198641508693985 0.4997602629611534 0.48198641508693985 0.4997602629611534 0.499440772849889 0.46767688805500524 0.499440772849889
7 0.5614590608575921 0.3973327799366364 0.6157540030064582 0.3973327799366364 0.6157540030064582 0.41042354825884836 0.5614590608575921 0.41042354825884836
7 0.5651609887313785 0.43311421335068245 0.6157540030064583 0.43311421335068245 0.6157540030064583 0.44795041744918923 0.5651609887313785 0.44795041744918923
7 0.5614590608575922 0.4828591329750876 0.623157858754031 0.4828591329750876 0.623157858754031 0.49594990129729954 0.5614590608575922 0.49594990129729954
8 0.6515393057863927 0.3973327799366366 0.7255778632621193 0.3973327799366366 0.7255778632621193 0.4086781124825536 0.6515393057863927 0.4086781124825536
8 0.650305329828464 0.4348596491269774 0.720641959430404 0.4348596491269774 0.720641959430404 0.44445954589659936 0.650305329828464 0.44445954589659936
8 0.6540072577022502 0.4846045687513826 0.7194079834724754 0.4846045687513826 0.7194079834724754 0.49594990129729966 0.6540072577022502 0.49594990129729966
11 0.7712349737054838 0.3955873441603417 0.8094882284012758 0.3955873441603417 0.8094882284012758 0.4139144198114384 0.7712349737054838 0.4139144198114384
11 0.7700009977475549 0.4366050849032723 0.8119561803171333 0.4366050849032723 0.8119561803171333 0.45318672477807403 0.7700009977475549 0.45318672477807403
11 0.7724689496634126 0.48024097931064524 0.8094882284012759 0.48024097931064524 0.8094882284012759 0.5011862086261842 0.7724689496634126 0.5011862086261842
8 0.8403376273494951 0.39820549782478404 0.9094402809935065 0.39820549782478404 0.9094402809935065 0.4139144198114384 0.8403376273494951 0.4139144198114384
8 0.8440395552232816 0.4348596491269774 0.9082063050355778 0.4348596491269774 0.9082063050355778 0.4488231353373367 0.8440395552232816 0.4488231353373367
8 0.8378696754336376 0.48024097931064524 0.9094402809935065 0.48024097931064524 0.9094402809935065 0.495077183409152 0.8378696754336376 0.495077183409152
19 0.3989701079902845 0.5850359303297094 0.4369813884373767 0.5850359303297094 0.4369813884373767 0.5981496476572444 0.3989701079902845 0.5981496476572444
17 0.5547236473832478 0.6066735639201423 0.6427985654923638 0.6066735639201423 0.6427985654923638 0.6237213964459379 0.5547236473832478 0.6237213964459379
18 0.6798827415383076 0.609951993252026 0.755905302432492 0.609951993252026 0.755905302432492 0.6224100247131844 0.6798827415383076 0.6224100247131844
16 0.8284688293438532 0.6100391994722542 0.9102225810815018 0.6100391994722542 0.9102225810815018 0.625537229041159 0.8284688293438532 0.625537229041159
