4 0.21191877592517766 0.02759903905158526 0.32516637575820917 0.02759903905158526 0.32516637575820917 0.0498031221239433 0.21191877592517766 0.0498031221239433
3 0.4855070369079467 0.05614714585890272 0.5953908466469278 0.05614714585890272 0.5953908466469278 0.07359321113004116 0.4855070369079467 0.07359321113004116
14 0.08185222562189402 0.21236873033227888 0.18276592844340722 0.21236873033227888 0.18276592844340722 0.22981479560341728 0.08185222562189402 0.22981479560341728
13 0.08409475235126097 0.23298680747089703 0.33750027276972744 0.23298680747089703 0.33750027276972744 0.2615349142782145 0.08409475235126097 0.2615349142782145
15 0.14688550077353585 0.27660197064874315 0.25564804714783335 0.27660197064874315 0.25564804714783335 0.28929001811866206 0.14688550077353585 0.28929001811866206
12 0.1334303403973341 0.29166902701927183 0.3823508073570666 0.29166902701927183 0.3823508073570666 0.3075290863566704 0.1334303403973341 0.3075290863566704
1 0.5034472507428824 0.21316173329914884 0.5920270565528772 0.21316173329914884 0.5920270565528772 0.22981479560341728 0.5034472507428824 0.22981479560341728
0 0.5000834606488319 0.23060779857028726 0.6817281257275557 0.23060779857028726 0.6817281257275557 0.2607419113113446 0.5000834606488319 0.2607419113113446
2 0.5651167222402212 0.2758089914191469 0.6761217953438856 0.2758089914191469 0.6761217953438856 0.29087604778967563 0.5651167222402212 0.29087604778967563
6 0.14464297404416887 0.3984199021931831 0.3576830133340301 0.3984199021931831 0.3576830133340301 0.43093302383485027 0.14464297404416887 0.43093302383485027
6 0.1457642374088524 0.44520707723850894 0.27919457780618645 0.44520707723850894 0.27919457780618645 0.46027413360903763 0.1457642374088524 0.46027413360903763
6 0.14127918395011843 0.4705831721783467 0.3632893301574474 0.4705831721783467 0.3632893301574474 0.49437326118444463 0.14127918395011843 0.49437326118444463
6 0.14015792058543497 0.5078543116212334 0.33750027276972744 0.5078543116212334 0.33750027276972744 0.54591845403099 0.14015792058543497 0.54591845403099
6 0.14015792058543497 0.5593995044677789 0.36441059352213095 0.5593995044677789 0.36441059352213095 0.5934986320431858 0.14015792058543497 0.5934986320431858
6 0.1390366572207515 0.6046006735793649 0.3565617499693466 0.6046006735793649 0.3565617499693466 0.6331487803866823 0.1390366572207515 0.6331487803866823
9 0.4047760882109885 0.39604094076712054 0.4485053594336441 0.39604094076712054 0.4485053594336441 0.4103149941707793 0.4047760882109885 0.4103149941707793
9 0.4036548112860527 0.44203506537102927 0.44177776568529104 0.44203506537102927 0.44177776568529104 0.4571021217415579 0.4036548112860527 0.4571021217415579
9 0.4047760746507364 0.4705831721783472 0.43729271222655725 0.4705831721783472 0.43729271222655725 0.4864433739393869 0.4047760746507364 0.4864433739393869
9 0.39580596773326837 0.5062683056874936 0.4361714488618736 0.5062683056874936 0.4361714488618736 0.5205423590911522 0.39580596773326837 0.5205423590911522
9 0.4036548112860527 0.5562274926002991 0.44177776568529104 0.5562274926002991 0.44177776568529104 0.5728805549045676 0.4036548112860527 0.5728805549045676
9 0.40141228455668576 0.6069796824799746 0.44289902904997447 0.6069796824799746 0.44289902904997447 0.6204607329167635 0.40141228455668576 0.6204607329167635
10 0.4630817289335202 0.3984198903245463 0.502325946697442 0.3984198903245463 0.502325946697442 0.41269394372820506 0.4630817289335202 0.41269394372820506
10 0.46532429634364403 0.44282806833789917 0.5034472507428824 0.44282806833789917 0.5034472507428824 0.45868812767529765 0.46532429634364403 0.45868812767529765
10 0.4608392428849102 0.4729621810789565 0.5045685141075659 0.4729621810789565 0.5045685141075659 0.4848572255820054 0.4608392428849102 0.4848572255820054
10 0.46532429634364403 0.5094403175549732 0.5045685141075659 0.5094403175549732 0.5045685141075659 0.5221283650248921 0.46532429634364403 0.5221283650248921
10 0.46308176961427716 0.5554344896334292 0.5045685141075659 0.5554344896334292 0.5045685141075659 0.5697085430370878 0.46308176961427716 0.5697085430370878
10 0.46532429634364403 0.6038076706124949 0.502325987378199 0.6038076706124949 0.502325987378199 0.6188747269830235 0.46532429634364403 0.6188747269830235
7 0.5696017892592078 0.3936618843919636 0.61220979711718 0.3936618843919636 0.61220979711718 0.41110794966310205 0.5696017892592078 0.41110794966310205
7 0.5696017892592078 0.4412420624041593 0.6155735872112305 0.4412420624041593 0.6155735872112305 0.4586881276752978 0.5696017892592078 0.4586881276752978
7 0.5774506328119922 0.4697901692114768 0.6200586406699644 0.4697901692114768 0.6200586406699644 0.4848572255820054 0.5774506328119922 0.4848572255820054
7 0.5718443159885747 0.5086473145881033 0.6256649574933817 0.5086473145881033 0.6256649574933817 0.5221283650248921 0.5718443159885747 0.5221283650248921
7 0.5729655793532581 0.557020495567169 0.6223011673993314 0.557020495567169 0.6223011673993314 0.5712945489708278 0.5729655793532581 0.5712945489708278
7 0.5763293694473086 0.6053936765462348 0.6200586406699643 0.6053936765462348 0.6200586406699643 0.6212537358836334 0.5763293694473086 0.6212537358836334
8 0.6716367554454044 0.3936618843919636 0.722093606856161 0.3936618843919636 0.722093606856161 0.409521943729362 0.6716367554454044 0.409521943729362
8 0.6671517019866704 0.44203506537102927 0.7243361335855278 0.44203506537102927 0.7243361335855278 0.4602741336090377 0.6671517019866704 0.4602741336090377
8 0.6828493890922392 0.466618157343997 0.7164872900327435 0.466618157343997 0.7164872900327435 0.489615243383225 0.6828493890922392 0.489615243383225
8 0.6794855989981887 0.5046822997537537 0.7243361335855278 0.5046822997537537 0.7243361335855278 0.5276793857929817 0.6794855989981887 0.5276793857929817
8 0.6671517019866704 0.5554344896334292 0.7164872900327435 0.5554344896334292 0.7164872900327435 0.5728805549045676 0.6671517019866704 0.5728805549045676
8 0.6839706321165441 0.6038077180870418 0.7176085330570485 0.6038077180870418 0.7176085330570485 0.6244257952256601 0.6839706321165441 0.6244257952256601
11 0.771429194902234 0.39048987252448375 0.8073096225721054 0.39048987252448375 0.8073096225721054 0.4150729644974517 0.771429194902234 0.4150729644974517
11 0.7691866681728672 0.43886305350354954 0.8061883592074219 0.43886305350354954 0.8061883592074219 0.46106713657590764 0.7691866681728672 0.46106713657590764
11 0.7725504582669174 0.4705831721783467 0.8117946760308392 0.4705831721783467 0.8117946760308392 0.4888222404163551 0.7725504582669174 0.4888222404163551
11 0.7680654048081837 0.5054753027206236 0.8073096225721054 0.5054753027206236 0.8073096225721054 0.5221283650248921 0.7680654048081837 0.5221283650248921
11 0.7691866681728672 0.5593995044677789 0.8106734126661558 0.5593995044677789 0.8106734126661558 0.5736735578714376 0.7691866681728672 0.5736735578714376
11 0.7635803513494498 0.5966706439106655 0.8073096225721053 0.5966706439106655 0.8073096225721053 0.625218750717983 0.7635803513494498 0.625218750717983
5 0.862251527441596 0.38969686955761396 0.9082233253936186 0.38969686955761396 0.9082233253936186 0.41110794966310205 0.862251527441596 0.41110794966310205
5 0.864494054170963 0.44520707723850894 0.9093445887583024 0.44520707723850894 0.9093445887583024 0.4626531425096474 0.864494054170963 0.4626531425096474
5 0.862251527441596 0.4697901692114768 0.9037382719348848 0.4697901692114768 0.9037382719348848 0.48644323151574537 0.862251527441596 0.48644323151574537
5 0.8701003709943803 0.5062683056874936 0.9082233253936186 0.5062683056874936 0.9082233253936186 0.5213353620580221 0.8701003709943803 0.5213353620580221
5 0.8588877373475454 0.557020495567169 0.907102062028935 0.557020495567169 0.907102062028935 0.5760525667720474 0.8588877373475454 0.5760525667720474
5 0.868979107629697 0.6069796824799746 0.9138296422170361 0.6069796824799746 0.9138296422170361 0.6204607329167635 0.868979107629697 0.6204607329167635
19 0.39916975782731884 0.7195861037755047 0.4361714488618737 0.7195861037755047 0.4361714488618737 0.7338601571791633 0.39916975782731884 0.7338601571791633
17 0.5673592625298407 0.7425831898147325 0.642483907963634 0.7425831898147325 0.642483907963634 0.7616152610196111 0.5673592625298407 0.7616152610196111
18 0.6884557059156566 0.7417901868478628 0.7523677177026149 0.7417901868478628 0.7523677177026149 0.7600292550858712 0.6884557059156566 0.7600292550858712
16 0.838704996783243 0.7394111779472529 0.9071020620289352 0.7394111779472529 0.9071020620289352 0.7584432491521311 0.838704996783243 0.7584432491521311
