4 0.20602738272682017 0.025851938895417162 0.3289792079025032 0.025851938895417162 0.3289792079025032 0.04700352526439484 0.20602738272682017 0.04700352526439484
3 0.47519218919250467 0.051703877790834324 0.6047900589722787 0.051703877790834324 0.6047900589722787 0.07990599294947122 0.47519218919250467 0.07990599294947122
14 0.08141404640011439 0.20799059929494707 0.1827662266125017 0.20799059929494707 0.1827662266125017 0.23031727379553468 0.08141404640011439 0.23031727379553468
13 0.07614739309721061 0.2335800339691603 0.21720731801499424 0.2335800339691603 0.21720731801499424 0.26448017266664003 0.07614739309721061 0.26448017266664003
15 0.1460531965962892 0.27507450593434735 0.2571534914430391 0.27507450593434735 0.2571534914430391 0.2927317280471929 0.1460531965962892 0.2927317280471929
12 0.13232169948039876 0.2909660058359083 0.3994617342804491 0.2909660058359083 0.3994617342804491 0.30685750573746934 0.13232169948039876 0.30685750573746934
1 0.5005754857701877 0.21327422853938796 0.6503736361253561 0.21327422853938796 0.6503736361253561 0.22916572844094896 0.5005754857701877 0.22916572844094896
0 0.4993271678505614 0.23093145065223347 0.8064133760786567 0.23093145065223347 0.8064133760786567 0.26271445045535546 0.4993271678505614 0.26271445045535546
2 0.5654880175907607 0.2724259226174205 0.6803332661963899 0.2724259226174205 0.6803332661963899 0.2936145891528351 0.5654880175907607 0.2936145891528351
6 0.13981160699815717 0.39867506072426606 0.37574369380754746 0.39867506072426606 0.37574369380754746 0.43222378273867257 0.13981160699815717 0.43222378273867257
6 0.1448048786766628 0.44458383821766456 0.34578406373651377 0.44458383821766456 0.34578406373651377 0.48431258797156695 0.1448048786766628 0.48431258797156695
9 0.3969650984411963 0.39249503298477006 0.4506427689851316 0.39249503298477006 0.4506427689851316 0.414566560625827 0.3969650984411963 0.414566560625827
9 0.4019583701197018 0.44193525490073765 0.4419045435477468 0.44193525490073765 0.4419045435477468 0.4631239214361523 0.4019583701197018 0.4631239214361523
10 0.4618776302617693 0.39867506072426606 0.5093137112075726 0.39867506072426606 0.5093137112075726 0.40926939399197343 0.4618776302617693 0.40926939399197343
10 0.46562258402064843 0.44281811600637994 0.504320439529067 0.44281811600637994 0.504320439529067 0.46312392143615233 0.46562258402064843 0.46312392143615233
7 0.5492598846356175 0.395143616301697 0.6353938210898392 0.395143616301697 0.6353938210898392 0.4128008384145425 0.5492598846356175 0.4128008384145425
7 0.5617430638318816 0.4454666993233066 0.6216623239739489 0.4454666993233066 0.6216623239739489 0.45959247701358313 0.5617430638318816 0.45959247701358313
8 0.6541185898842354 0.3960264774073393 0.7215277575440612 0.3960264774073393 0.7215277575440612 0.411035116203258 0.6541185898842354 0.411035116203258
8 0.6541185898842354 0.44634956042894897 0.730265982981446 0.44634956042894897 0.730265982981446 0.4631239214361523 0.6541185898842354 0.4631239214361523
11 0.7639705668113589 0.3933778940904124 0.8064133760786566 0.3933778940904124 0.8064133760786566 0.40926939399197343 0.7639705668113589 0.40926939399197343
11 0.7614739309721061 0.44458383821766456 0.8089100119179096 0.44458383821766456 0.8089100119179096 0.46400678254179456 0.7614739309721061 0.46400678254179456
5 0.8363730061496902 0.3960264774073393 0.9150170350861537 0.3960264774073393 0.9150170350861537 0.41015225509761566 0.8363730061496902 0.41015225509761566
5 0.8438629136674488 0.44458383821766456 0.9112720813272744 0.44458383821766456 0.9112720813272744 0.45870961590794085 0.8438629136674488 0.45870961590794085
19 0.39446846260194346 0.5690672541132255 0.4394079077084939 0.5690672541132255 0.4394079077084939 0.5893730595429979 0.39446846260194346 0.5893730595429979
17 0.5517565204748703 0.5937873650712092 0.6441320465272243 0.5937873650712092 0.6441320465272243 0.6123274482896971 0.5517565204748703 0.6123274482896971
18 0.6815815841160162 0.5964359483881362 0.7714604743291174 0.5964359483881362 0.7714604743291174 0.6123274482896971 0.6815815841160162 0.6123274482896971
16 0.8201448731945472 0.5964359483881362 0.922506942603912 0.5964359483881362 0.922506942603912 0.6140931705009817 0.8201448731945472 0.6140931705009817
