4 0.2066513892402747 0.027955420139868722 0.3364734704734392 0.027955420139868722 0.3364734704734392 0.04918442492756989 0.2066513892402747 0.04918442492756989
3 0.4775518015245079 0.05820675196234288 0.6028713828305103 0.05820675196234288 0.6028713828305103 0.07572068091219634 0.4775518015245079 0.07572068091219634
14 0.07757972466163733 0.2137092120322539 0.34923055360039745 0.2137092120322539 0.34923055360039745 0.22963096562302981 0.07757972466163733 0.22963096562302981
13 0.07757972466163733 0.23069241586241485 0.34848013694587054 0.23069241586241485 0.34848013694587054 0.2641280984030442 0.07757972466163733 0.2641280984030442
15 0.1451172235690639 0.2768655012756649 0.26518388829337775 0.2768655012756649 0.26518388829337775 0.2906643543876706 0.1451172235690639 0.2906643543876706
12 0.1331105570966325 0.2917258046270557 0.3897530529448534 0.2917258046270557 0.3897530529448534 0.31030118381629423 0.1331105570966325 0.31030118381629423
1 0.5015651344693708 0.21530138739133148 0.7582076303175915 0.21530138739133148 0.7582076303175915 0.2312231409821074 0.5015651344693708 0.2312231409821074
0 0.497062634542209 0.23122314098210736 0.7784688799898195 0.23122314098210736 0.7784688799898195 0.26465882352273673 0.497062634542209 0.26465882352273673
2 0.5630993001405816 0.2747426007968948 0.6846667981739494 0.2747426007968948 0.6846667981739494 0.2949101553452109 0.5630993001405816 0.2949101553452109
6 0.13514833398790937 0.39452957101774566 0.332303255040902 0.39452957101774566 0.332303255040902 0.4123812341346762 0.13514833398790937 0.4123812341346762
6 0.131737349194605 0.4220307817654494 0.36573090601528496 0.4220307817654494 0.36573090601528496 0.45146190203930786 0.131737349194605 0.45146190203930786
6 0.1310551522359441 0.4582165853808491 0.3616377242633197 0.4582165853808491 0.3616377242633197 0.49922716281163554 0.1310551522359441 0.49922716281163554
9 0.3977941630723459 0.39452957101774566 0.446230147137268 0.39452957101774566 0.446230147137268 0.4104513246085215 0.3977941630723459 0.4104513246085215
9 0.4012051478656503 0.4215483043839108 0.4489589349719116 0.4215483043839108 0.4489589349719116 0.43988244488237993 0.4012051478656503 0.43988244488237993
9 0.4018873448243112 0.45725163061777174 0.4435013593026246 0.45725163061777174 0.4435013593026246 0.47510329373470234 0.4018873448243112 0.47510329373470234
10 0.45987408631048543 0.39645948054390034 0.5103566612513902 0.39645948054390034 0.5103566612513902 0.41238123413467614 0.45987408631048543 0.41238123413467614
10 0.45987408631048543 0.4215483043839108 0.5103566612513902 0.4215483043839108 0.5103566612513902 0.43795253535622536 0.45987408631048543 0.43795253535622536
10 0.4612384802278073 0.45773410799931047 0.5076278734167468 0.45773410799931047 0.5076278734167468 0.4775156806423957 0.4612384802278073 0.4775156806423957
7 0.560839236192295 0.39694195792543896 0.6276945381410606 0.39694195792543896 0.6276945381410606 0.41141627937159897 0.560839236192295 0.41141627937159897
7 0.5642502209855993 0.4191359174762175 0.6188259776784691 0.4191359174762175 0.6188259776784691 0.4393999675008413 0.5642502209855993 0.4393999675008413
7 0.5717543875308688 0.45966401752546526 0.6229191594304345 0.45966401752546526 0.6229191594304345 0.47606824849777973 0.5717543875308688 0.47606824849777973
8 0.6679441587020523 0.3950120483992843 0.7245665062709047 0.3950120483992843 0.7245665062709047 0.4143111436608308 0.6679441587020523 0.4143111436608308
8 0.6549824164874956 0.42058334962083344 0.7266130971468876 0.42058334962083344 0.7266130971468876 0.4393999675008413 0.6549824164874956 0.4393999675008413
8 0.6679441587020523 0.45773410799931047 0.7211555214776003 0.45773410799931047 0.7211555214776003 0.47558577111624106 0.6679441587020523 0.47558577111624106
11 0.7627696684487116 0.39444419843941986 0.8123839927149569 0.39444419843941986 0.8123839927149569 0.4111913472201007 0.7627696684487116 0.4111913472201007
11 0.7638972667274898 0.4211598881609822 0.8095649970180112 0.4211598881609822 0.8095649970180112 0.43910326185456877 0.7638972667274898 0.43910326185456877
11 0.7667162624244355 0.4586416020986965 0.812383992714957 0.4586416020986965 0.812383992714957 0.47698371742991835 0.7667162624244355 0.47698371742991835
5 0.8574879238660892 0.39603916498996095 0.9144316369443936 0.39603916498996095 0.9144316369443936 0.4119888304953713 0.8574879238660892 0.4119888304953713
5 0.8512861333328082 0.4207611465233469 0.9138678378050044 0.4207611465233469 0.9138678378050044 0.4383057785792983 0.8512861333328082 0.4383057785792983
5 0.8597431204236456 0.45744537718579076 0.9093574446898912 0.45744537718579076 0.9093574446898912 0.4745912676041068 0.8597431204236456 0.4745912676041068
19 0.39764361485144095 0.5828496597013991 0.44105614858440556 0.5828496597013991 0.44105614858440556 0.601271523360148 0.39764361485144095 0.601271523360148
17 0.5576498106100823 0.6074121445797311 0.6488161314493082 0.6074121445797311 0.6488161314493082 0.6258340082384801 0.5576498106100823 0.6258340082384801
18 0.6841663374890081 0.6087279919839275 0.7592080029417044 0.6087279919839275 0.7592080029417044 0.6253953924370813 0.6841663374890081 0.6253953924370813
16 0.8348663249707926 0.6087577618155886 0.9153485462209345 0.6087577618155886 0.9153485462209345 0.6252346889905993 0.8348663249707926 0.6252346889905993
