4 0.2110168307337047 0.0292123136731657 0.3257672829433218 0.0292123136731657 0.3257672829433218 0.04682167302009612 0.2110168307337047 0.04682167302009612
3 0.4805721382827109 0.05754041349214071 0.5942400390563882 0.05754041349214071 0.5942400390563882 0.07591539715850287 0.4805721382827109 0.07591539715850287
14 0.0811106584209307 0.21525902329508267 0.22617255083686177 0.21525902329508267 0.22617255083686177 0.2313371340031496 0.0811106584209307 0.2313371340031496
13 0.07569790124123181 0.22980588536428595 0.21209938216964463 0.22980588536428595 0.21209938216964463 0.26043085814155625 0.07569790124123181 0.26043085814155625
15 0.14606374457731772 0.27574334453019145 0.2586490939150553 0.27574334453019145 0.2586490939150553 0.28952458227996314 0.14606374457731772 0.28952458227996314
12 0.13307312734604032 0.29029020659939486 0.38205995761219064 0.29029020659939486 0.38205995761219064 0.3063683173074618 0.13307312734604032 0.3063683173074618
1 0.5000580641296271 0.21525902329508267 0.7566227544473558 0.21525902329508267 0.7566227544473558 0.22980588536428603 0.5000580641296271 0.22980588536428603
0 0.4968104098218077 0.23133713400314956 0.6895045654190892 0.23133713400314956 0.6895045654190892 0.2619621067804198 0.4968104098218077 0.2619621067804198
2 0.5639285988500743 0.27574334453019145 0.6775964996237517 0.27574334453019145 0.6775964996237517 0.2918214552382584 0.5639285988500743 0.2918214552382584
6 0.13848588452573923 0.39671198700040905 0.32793238581520145 0.39671198700040905 0.32793238581520145 0.41049322475018074 0.13848588452573923 0.41049322475018074
6 0.13848588452573923 0.4212119652222253 0.3593263774574552 0.4212119652222253 0.3593263774574552 0.46025880551324494 0.13848588452573923 0.46025880551324494
9 0.400463332023167 0.3959463626809773 0.4416002865888788 0.3959463626809773 0.4416002865888788 0.41125884906961246 0.400463332023167 0.41125884906961246
9 0.40371098633098623 0.42044634090279354 0.44051773515293896 0.42044634090279354 0.44051773515293896 0.4357588272914287 0.40371098633098623 0.4357588272914287
10 0.46541641817955404 0.39671198700040905 0.5022231670015066 0.39671198700040905 0.5022231670015066 0.409727600430749 0.46541641817955404 0.409727600430749
10 0.4632513153076744 0.4212119652222253 0.5043882698733861 0.4212119652222253 0.5043882698733861 0.4365244516108604 0.4632513153076744 0.4365244516108604
7 0.5812494218251107 0.3959463626809773 0.6169736192111236 0.3959463626809773 0.6169736192111236 0.41049322475018074 0.5812494218251107 0.41049322475018074
7 0.5812494218251107 0.42044634090279354 0.6180561706470633 0.42044634090279354 0.6180561706470633 0.4349932029719969 0.5812494218251107 0.4349932029719969
8 0.675431396751872 0.39671198700040905 0.7176509027535235 0.39671198700040905 0.7176509027535235 0.41049322475018074 0.675431396751872 0.41049322475018074
8 0.6743488453159323 0.4219775895416571 0.7198160056254033 0.4219775895416571 0.7198160056254033 0.43575882729142873 0.6743488453159323 0.43575882729142873
11 0.7717784745505127 0.39671198700040905 0.8064201205005858 0.39671198700040905 0.8064201205005858 0.41049322475018074 0.7717784745505127 0.41049322475018074
11 0.7696133716786332 0.42044634090279354 0.8075026719365257 0.42044634090279354 0.8075026719365257 0.4357588272914287 0.7696133716786332 0.4357588272914287
5 0.864877898041334 0.39671198700040905 0.9081799554789256 0.39671198700040905 0.9081799554789256 0.41049322475018074 0.864877898041334 0.41049322475018074
5 0.865960449477274 0.4212119652222253 0.9081799554789256 0.4212119652222253 0.9081799554789256 0.4349932029719969 0.865960449477274 0.4349932029719969
19 0.39938078058722726 0.5467743536090334 0.4383526322810595 0.5467743536090334 0.4383526322810595 0.5605555913588051 0.39938078058722726 0.5605555913588051
17 0.5769192160813517 0.5712743318308496 0.640789750801799 0.5712743318308496 0.640789750801799 0.585821193900053 0.5769192160813517 0.585821193900053
18 0.6970824254706678 0.5712743318308496 0.7522925487035967 0.5712743318308496 0.7522925487035967 0.5865868182194849 0.6970824254706678 0.5865868182194849
16 0.850804729374117 0.5728055804697132 0.9114276097867451 0.5728055804697132 0.9114276097867451 0.5865868182194848 0.850804729374117 0.5865868182194848
