3 0.209841023432006 0.03080383284334365 0.3259745907813254 0.03080383284334365 0.3259745907813254 0.048248301451752934 0.209841023432006 0.048248301451752934
4 0.48218965482642745 0.05915109433200874 0.5952400301222249 0.05915109433200874 0.5952400301222249 0.0758687100817343 0.48218965482642745 0.0758687100817343
14 0.08445787992212139 0.2139707532316411 0.18928640974186095 0.2139707532316411 0.18928640974186095 0.22996151612268295 0.08445787992212139 0.22996151612268295
13 0.08343014923761412 0.2306883689813667 0.3516678578940066 0.2306883689813667 0.3516678578940066 0.26048933618739917 0.08343014923761412 0.26048933618739917
1 0.500688807147558 0.2161513118076923 0.6466265643475877 0.2161513118076923 0.6466265643475877 0.2306883689813667 0.500688807147558 0.2306883689813667
0 0.4976056150940362 0.2314152218400504 0.7442609793757764 0.2314152218400504 0.7442609793757764 0.25976248332871543 0.4976056150940362 0.25976248332871543
15 0.14714945167706367 0.27720695193712475 0.25711663491933956 0.27720695193712475 0.25711663491933956 0.2902903033934317 0.14714945167706367 0.2902903033934317
12 0.13481668346297668 0.2931977148281666 0.3824997784292242 0.2931977148281666 0.3824997784292242 0.3055542134257898 0.13481668346297668 0.3055542134257898
2 0.5644081095870076 0.27575324621975733 0.6764307541982979 0.27575324621975733 0.6764307541982979 0.2910171562521155 0.5644081095870076 0.2910171562521155
6 0.14138079934492445 0.39689108180984267 0.3618290311717299 0.39689108180984267 0.3618290311717299 0.4344693746037909 0.14138079934492445 0.4344693746037909
6 0.14025029559196647 0.4464624467720723 0.35504600865398195 0.4464624467720723 0.35504600865398195 0.48484027771057275 0.14025029559196647 0.48484027771057275
9 0.4047881737841329 0.3976906199543947 0.44096429387878816 0.3976906199543947 0.44096429387878816 0.41128276841178024 0.4047881737841329 0.41128276841178024
9 0.4059186775370909 0.4464624467720723 0.44096429387878816 0.4464624467720723 0.44096429387878816 0.4600545952294579 0.4059186775370909 0.4600545952294579
10 0.46244386518498976 0.3976906199543947 0.5031420002914769 0.3976906199543947 0.5031420002914769 0.40968369212267597 0.46244386518498976 0.40968369212267597
10 0.4635743689379476 0.4464624467720723 0.5031420002914768 0.4464624467720723 0.5031420002914768 0.45845551894035375 0.4635743689379476 0.45845551894035375
7 0.5506231579157117 0.39689108180984267 0.6173228793402324 0.39689108180984267 0.6173228793402324 0.409683692122676 0.5506231579157117 0.409683692122676
7 0.5607976916923336 0.44566290862752017 0.6173228793402324 0.44566290862752017 0.6173228793402324 0.46005459522945785 0.5607976916923336 0.46005459522945785
8 0.6444549694112238 0.3960915436652905 0.7179377133534923 0.3960915436652905 0.7179377133534923 0.4120823065563323 0.6444549694112238 0.4120823065563323
8 0.6636735332115095 0.44566290862752017 0.7179377133534923 0.44566290862752017 0.7179377133534923 0.45845551894035363 0.6636735332115095 0.45845551894035363
11 0.774462901001391 0.39689108180984267 0.8095085173430884 0.39689108180984267 0.8095085173430884 0.409683692122676 0.774462901001391 0.409683692122676
11 0.7699408859895591 0.4464624467720723 0.8106390210960464 0.4464624467720723 0.8106390210960464 0.46085413337401004 0.7699408859895591 0.46085413337401004
5 0.8343795999081639 0.3976906199543947 0.9078623438504324 0.3976906199543947 0.9078623438504324 0.41048323026722816 0.8343795999081639 0.41048323026722816
5 0.8569896749673235 0.44806152306117647 0.9089928476033903 0.44806152306117647 0.9089928476033903 0.4584555189403537 0.8569896749673235 0.4584555189403537
19 0.4025271662782169 0.5719899354667507 0.43531177511399827 0.5719899354667507 0.43531177511399827 0.58318346949048 0.4025271662782169 0.58318346949048
17 0.5438401353979639 0.5967756179478656 0.6455854731641819 0.5967756179478656 0.6455854731641819 0.6111673045498033 0.5438401353979639 0.6111673045498033
18 0.6670650444703834 0.5975751560924177 0.7529833296951894 0.5975751560924177 0.7529833296951894 0.609568228260699 0.6670650444703834 0.609568228260699
16 0.8174220436137941 0.5967756179478656 0.9135148626152221 0.5967756179478656 0.9135148626152221 0.6103677664052513 0.8174220436137941 0.6103677664052513
