4 0.20964254788182582 0.02660482890328352 0.33628249430647905 0.02660482890328352 0.33628249430647905 0.04679576255139918 0.20964254788182582 0.04679576255139918
3 0.4841511022705249 0.056114655004375624 0.5976146380845203 0.056114655004375624 0.5976146380845203 0.07630558865249128 0.4841511022705249 0.07630558865249128
14 0.08227057864546944 0.2145358267049753 0.23013918660951535 0.2145358267049753 0.23013918660951535 0.23162046286876548 0.08227057864546944 0.23162046286876548
13 0.08373462426887586 0.2321381791161531 0.206714456635013 0.2321381791161531 0.206714456635013 0.26268343771202035 0.08373462426887586 0.26268343771202035
15 0.14888465451046046 0.27666177639148504 0.2586880762659401 0.27666177639148504 0.2586880762659401 0.29219326381311245 0.14888465451046046 0.29219326381311245
12 0.1335121754646933 0.2932286963078876 0.37141958926823254 0.2932286963078876 0.37141958926823254 0.308760183729515 0.1335121754646933 0.308760183729515
1 0.5017196497514017 0.212464961715425 0.6144511627536939 0.212464961715425 0.6144511627536939 0.23006731412660275 0.5017196497514017 0.23006731412660275
0 0.49952356740314885 0.23213817127473407 0.7469472777588296 0.23213817127473407 0.7469472777588296 0.2626834298706013 0.49952356740314885 0.2626834298706013
2 0.5654056343695799 0.2761440601440974 0.6774051245601692 0.2761440601440974 0.6774051245601692 0.29478184505005034 0.5654056343695799 0.29478184505005034
6 0.13675588678322956 0.3955873975224498 0.35485794760131123 0.3955873975224498 0.35485794760131123 0.4322740340399774 0.13675588678322956 0.4322740340399774
6 0.13675588678322956 0.4447808419436801 0.3595736678352156 0.4447808419436801 0.3595736678352156 0.48480262723552836 0.13675588678322956 0.48480262723552836
6 0.1379348168417057 0.49814322233281105 0.33953185684112164 0.49814322233281105 0.33953185684112164 0.5348298588503386 0.1379348168417057 0.5348298588503386
6 0.1461873272510385 0.5423339435925603 0.33953185684112164 0.5423339435925603 0.33953185684112164 0.5831895160779886 0.1461873272510385 0.5831895160779886
9 0.40319407999883194 0.3955873975224498 0.44209877192854385 0.3955873975224498 0.44209877192854385 0.4172658645555344 0.40319407999883194 0.4172658645555344
9 0.39965728982340365 0.44061190597577915 0.44445663204549607 0.44061190597577915 0.44445663204549607 0.4639579473960239 0.39965728982340365 0.4639579473960239
9 0.3984783597649275 0.4964756479456508 0.44209877192854385 0.4964756479456508 0.44209877192854385 0.5089824558493533 0.3984783597649275 0.5089824558493533
9 0.39965728982340365 0.5431677307861403 0.44327770198701993 0.5431677307861403 0.44327770198701993 0.5590096874641637 0.39965728982340365 0.5590096874641637
10 0.4656773730980662 0.40059012068393085 0.5034031349693019 0.40059012068393085 0.5034031349693019 0.41142935420047316 0.4656773730980662 0.41142935420047316
10 0.4656773730980662 0.4447808419436801 0.5034031349693019 0.4447808419436801 0.5034031349693019 0.458955224234543 0.4656773730980662 0.458955224234543
10 0.4633195204501995 0.4964756311074057 0.5034031424383875 0.4964756311074057 0.5034031424383875 0.5064810774303677 0.4633195204501995 0.5064810774303677
10 0.46096165286416163 0.5415001563989801 0.5022242049108259 0.5415001563989801 0.5022242049108259 0.5590096874641637 0.46096165286416163 0.5590096874641637
7 0.56470749801006 0.39475361032886963 0.6189382806999615 0.39475361032886963 0.6189382806999615 0.4147645029747938 0.56470749801006 0.4147645029747938
7 0.5623496378931078 0.44061190597577915 0.6142225604660569 0.44061190597577915 0.6142225604660569 0.4614565858152835 0.5623496378931078 0.4614565858152835
7 0.5505603373083466 0.49314049917133007 0.6177593506414853 0.49314049917133007 0.6177593506414853 0.507314881462193 0.5505603373083466 0.507314881462193
7 0.5470235471329182 0.5415001563989801 0.6224750708753896 0.5415001563989801 0.6224750708753896 0.5590096874641637 0.5470235471329182 0.5590096874641637
8 0.6649165529805301 0.39475361032886963 0.7167894755534792 0.39475361032886963 0.7167894755534792 0.4122631413940533 0.6649165529805301 0.4122631413940533
8 0.656664042571197 0.44311326755651975 0.7226841258458596 0.44311326755651975 0.7226841258458596 0.4597890114281232 0.656664042571197 0.4597890114281232
8 0.6425168818694835 0.49314049917133007 0.7226841258458597 0.49314049917133007 0.7226841258458597 0.5081486686557732 0.6425168818694835 0.5081486686557732
8 0.6460536720449122 0.5423339435925603 0.7203262657289075 0.5423339435925603 0.7203262657289075 0.5565083258834232 0.6460536720449122 0.5565083258834232
11 0.7698413281849044 0.39725497190961023 0.805209229939188 0.39725497190961023 0.805209229939188 0.41393071578121365 0.7698413281849044 0.41393071578121365
11 0.7686623981264282 0.44561462913726024 0.8040302998807118 0.44561462913726024 0.8040302998807118 0.4597890114281232 0.7686623981264282 0.4597890114281232
11 0.7698413281849044 0.4923067119777499 0.805209229939188 0.4923067119777499 0.805209229939188 0.5139851790108344 0.7698413281849044 0.5139851790108344
11 0.7686623981264282 0.545669092366881 0.8099249501730923 0.545669092366881 0.8099249501730923 0.5640124106256448 0.7686623981264282 0.5640124106256448
5 0.8570821525121362 0.39308603594170904 0.9054183222550853 0.39308603594170904 0.9054183222550853 0.41309692858763325 0.8570821525121362 0.41309692858763325
5 0.8441139218689 0.439778118782199 0.9113129352020386 0.439778118782199 0.9113129352020386 0.46145658581528354 0.8441139218689 0.46145658581528354
5 0.8346824814010908 0.49564186075207056 0.9113129352020384 0.49564186075207056 0.9113129352020384 0.5081486686557732 0.8346824814010908 0.5081486686557732
5 0.8346824814010908 0.5415001563989801 0.9101340051435622 0.5415001563989801 0.9101340051435622 0.5581759002705835 0.8346824814010908 0.5581759002705835
19 0.39976446528326515 0.6635894430959326 0.4404911400306219 0.6635894430959326 0.4404911400306219 0.6870870821877372 0.39976446528326515 0.6870870821877372
8 0.5433795814976284 0.6939089774079389 0.6462680229646351 0.6939089774079389 0.6462680229646351 0.7083107562061418 0.5433795814976284 0.7083107562061418
18 0.6655596057396987 0.6939089774079389 0.7598740104177881 0.6939089774079389 0.7598740104177881 0.7075527678483418 0.6655596057396987 0.7075527678483418
16 0.8134617403485207 0.6923930006923384 0.9142066726182979 0.6923930006923384 0.9142066726182979 0.709826732921742 0.8134617403485207 0.709826732921742
