4 0.26796875 0.03828125 0.11875 0.021875
3 0.5375 0.0671875 0.1140625 0.01640625
0 0.5875 0.24765625 0.18125 0.0296875
1 0.603125 0.221875 0.21328125 0.01640625
2 0.6234375 0.28359375 0.11796875 0.01640625
12 0.16796875 0.24765625 0.17890625 0.03125
13 0.14453125 0.221875 0.125 0.01640625
11 0.2609375 0.29921875 0.25 0.01640625
14 0.20390625 0.28203125 0.115625 0.01640625
6 0.2484375 0.415625 0.21953125 0.0421875
9 0.4109375 0.40390625 0.015625 0.0171875
7 0.59140625 0.403125 0.0578125 0.01796875
8 0.69140625 0.40234375 0.05703125 0.01640625
10 0.79140625 0.40390625 0.0375 0.01484375
5 0.87578125 0.40390625 0.07109375 0.01640625
16 0.596875 0.73828125 0.08671875 0.015625
17 0.715625 0.7375 0.08125 0.015625
15 0.86875 0.73984375 0.09296875 0.01640625