4 0.2094882438951397 0.02813163497711325 0.3336480903714189 0.02813163497711325 0.3336480903714189 0.049360639764814425 0.2094882438951397 0.049360639764814425
3 0.4769094516902024 0.05756275525097168 0.6037980860011251 0.05756275525097168 0.6037980860011251 0.07589689574944086 0.4769094516902024 0.07589689574944086
14 0.07645983695626923 0.21292047210642115 0.20948824389513968 0.21292047210642115 0.20948824389513968 0.2312546126048903 0.07645983695626923 0.2312546126048903
13 0.07714203391493012 0.23173708998642897 0.2865765002238185 0.23173708998642897 0.2865765002238185 0.26261564240490337 0.07714203391493012 0.26261564240490337
15 0.14263294194637405 0.27757244123260194 0.26611059146399224 0.27757244123260194 0.26611059146399224 0.2920467626787618 0.14263294194637405 0.2920467626787618
12 0.13308218452512183 0.29252924006030046 0.39572801360955845 0.29252924006030046 0.39572801360955845 0.30989842579569227 0.13308218452512183 0.30989842579569227
1 0.49821050219377266 0.21511197856607786 0.7341504876481362 0.21511197856607786 0.7341504876481362 0.2306901642588153 0.49821050219377266 0.2306901642588153
0 0.4969397302792968 0.23128932524699752 0.7074642774441416 0.23128932524699752 0.7074642774441416 0.2627452771265633 0.4969397302792968 0.2627452771265633
2 0.5638670511083621 0.2768255603488452 0.6782365234111952 0.2768255603488452 0.6782365234111952 0.29090584357112703 0.5638670511083621 0.29090584357112703
6 0.13753538890005074 0.3944066813846921 0.3572723936786357 0.3944066813846921 0.3572723936786357 0.43608399430902656 0.13753538890005074 0.43608399430902656
6 0.13254136606417383 0.44385434078644503 0.3752508758877927 0.44385434078644503 0.3752508758877927 0.48553165371077966 0.13254136606417383 0.48553165371077966
6 0.13453897519852456 0.4925956050538872 0.3532771754099342 0.4925956050538872 0.3532771754099342 0.5342729179782217 0.13453897519852456 0.5342729179782217
6 0.13453897519852456 0.5441624498585725 0.37225446218626657 0.5441624498585725 0.37225446218626657 0.5823077871113532 0.13453897519852456 0.5823077871113532
6 0.13653658433287535 0.5914909238573932 0.3412915206038296 0.5914909238573932 0.3412915206038296 0.6345810270503492 0.13653658433287535 0.6345810270503492
6 0.13553777976569997 0.6409385832591462 0.3572723936786357 0.6409385832591462 0.3572723936786357 0.6812031059148592 0.13553777976569997 0.6812031059148592
6 0.13653658433287535 0.6882670572579667 0.3632652210816881 0.6882670572579667 0.3632652210816881 0.7327699507195444 0.13653658433287535 0.7327699507195444
9 0.4042162083358789 0.3965258667876243 0.4431695864557191 0.3965258667876243 0.4431695864557191 0.4106537694738394 0.4042162083358789 0.4106537694738394
9 0.39922218550000194 0.44456073592075573 0.44716480472442044 0.44456073592075573 0.44716480472442044 0.46292700941283527 0.39922218550000194 0.46292700941283527
9 0.40221859920152814 0.493302000188198 0.443169586455719 0.493302000188198 0.443169586455719 0.5152002493518315 0.40221859920152814 0.5152002493518315
9 0.40121979463435276 0.5427496595899509 0.443169586455719 0.5427496595899509 0.443169586455719 0.5604095379477199 0.40121979463435276 0.5604095379477199
9 0.39622577179847585 0.5907845287230824 0.443169586455719 0.5907845287230824 0.443169586455719 0.6098571973494729 0.39622577179847585 0.6098571973494729
9 0.4052150129030544 0.6402321881248354 0.44217078188854364 0.6402321881248354 0.44217078188854364 0.6607176470198473 0.4052150129030544 0.6607176470198473
9 0.4052150129030544 0.6889734523922774 0.44117197732136826 0.6889734523922774 0.44117197732136826 0.7087525161529786 0.4052150129030544 0.7087525161529786
10 0.4581516549633499 0.3965258667876243 0.5040966650534177 0.3965258667876243 0.5040966650534177 0.4141857451453932 0.4581516549633499 0.4141857451453932
10 0.461148068664876 0.446679921323688 0.5070930787549437 0.446679921323688 0.5070930787549437 0.4601014288755923 0.461148068664876 0.4601014288755923
10 0.4601492640977005 0.49400839532250873 0.5060942741877683 0.49400839532250873 0.5060942741877683 0.5109618785459669 0.4601492640977005 0.5109618785459669
10 0.4581516549633499 0.5441624498585725 0.5070930787549437 0.5441624498585725 0.5070930787549437 0.5597031428134089 0.4581516549633499 0.5597031428134089
10 0.4601492640977005 0.5921973189917038 0.5030978604862422 0.5921973189917038 0.5030978604862422 0.6084444070808513 0.4601492640977005 0.6084444070808513
10 0.45715285039617437 0.6402321881248354 0.5080918833221192 0.6402321881248354 0.5080918833221192 0.6600112518855366 0.45715285039617437 0.6600112518855366
10 0.45715285039617437 0.6917990329295205 0.5060942741877684 0.6917990329295205 0.5060942741877684 0.7066333307500465 0.45715285039617437 0.7066333307500465
7 0.5600297208152392 0.39370028625038134 0.6219556039801131 0.39370028625038134 0.6219556039801131 0.412066559742461 0.5600297208152392 0.412066559742461
7 0.56202732994959 0.4452671310550665 0.618959190278587 0.4452671310550665 0.618959190278587 0.4629270094128353 0.56202732994959 0.4629270094128353
7 0.5670213527854668 0.493302000188198 0.6209567994129378 0.493302000188198 0.6209567994129378 0.5123746688145885 0.5670213527854668 0.5123746688145885
7 0.5570333071137131 0.5413368693213294 0.6249520176816393 0.5413368693213294 0.6249520176816393 0.5618223282163413 0.5570333071137131 0.5618223282163413
7 0.5570333071137131 0.5914909238573932 0.6219556039801131 0.5914909238573932 0.6219556039801131 0.6105635924837836 0.5570333071137131 0.6105635924837836
7 0.5570333071137131 0.6409385832591462 0.623953213114464 0.6409385832591462 0.623953213114464 0.6607176470198473 0.5570333071137131 0.6607176470198473
7 0.5570333071137131 0.690386242660899 0.6249520176816393 0.690386242660899 0.6249520176816393 0.7087525161529787 0.5570333071137131 0.7087525161529787
8 0.6459269135923225 0.3944066813846921 0.7238336698320026 0.3944066813846921 0.7238336698320026 0.417717720816947 0.6459269135923225 0.417717720816947
8 0.6589113729656024 0.44456073592075573 0.724832474399178 0.44456073592075573 0.724832474399178 0.4636334045471461 0.6589113729656024 0.4636334045471461
8 0.6688994186373562 0.49471479045681943 0.7208372561304764 0.49471479045681943 0.7208372561304764 0.510255483411656 0.6688994186373562 0.510255483411656
8 0.6589113729656024 0.5427496595899509 0.7228348652648271 0.5427496595899509 0.7228348652648271 0.5618223282163413 0.6589113729656024 0.5618223282163413
8 0.646925718159498 0.5929037141260147 0.7288276926678795 0.5929037141260147 0.7288276926678795 0.6105635924837837 0.646925718159498 0.6105635924837837
8 0.6599101775327779 0.6395257929905244 0.7258312789663534 0.6395257929905244 0.7258312789663534 0.661424042154158 0.6599101775327779 0.661424042154158
8 0.6579125683984272 0.6889734523922777 0.7278288881007041 0.6889734523922777 0.7278288881007041 0.7073397258843571 0.6579125683984272 0.7073397258843571
11 0.7657834616533689 0.3944066813846921 0.8067344489075597 0.3944066813846921 0.8067344489075597 0.4134793500110825 0.7657834616533689 0.4134793500110825
11 0.768779875354895 0.44385434078644503 0.8137260808777874 0.44385434078644503 0.8137260808777874 0.46575258995007857 0.768779875354895 0.46575258995007857
11 0.768779875354895 0.49188920991957646 0.8177212991464891 0.49188920991957646 0.8177212991464891 0.5152002493518314 0.768779875354895 0.5152002493518314
11 0.7627870479518427 0.5434560547242617 0.8137260808777875 0.5434560547242617 0.8137260808777875 0.5618223282163413 0.7627870479518427 0.5618223282163413
11 0.7677810707877196 0.5921973189917038 0.8107296671762613 0.5921973189917038 0.8107296671762613 0.6105635924837836 0.7677810707877196 0.6105635924837836
11 0.7677810707877196 0.6416449783934568 0.8147248854449628 0.6416449783934568 0.8147248854449628 0.658598461616915 0.7677810707877196 0.658598461616915
11 0.7657834616533689 0.687560662123656 0.8167224945793137 0.687560662123656 0.8167224945793137 0.7122844918245325 0.7657834616533689 0.7122844918245325
5 0.8366985859228211 0.3944066813846921 0.9146053421625014 0.3944066813846921 0.9146053421625014 0.41418574514539325 0.8366985859228211 0.41418574514539325
5 0.8476854361617505 0.4431479456521343 0.9126077330281508 0.4431479456521343 0.9126077330281508 0.4629270094128354 0.8476854361617505 0.4629270094128354
5 0.8566746772663292 0.49400839532250873 0.913606537595326 0.49400839532250873 0.913606537595326 0.5130810639488992 0.8566746772663292 0.5130810639488992
5 0.8406938041915226 0.5420432644556401 0.9106101238937997 0.5420432644556401 0.9106101238937997 0.5625287233506521 0.8406938041915226 0.5625287233506521
5 0.8396949996243476 0.5914909238573932 0.9086125147594492 0.5914909238573932 0.9086125147594492 0.6098571973494727 0.8396949996243476 0.6098571973494727
5 0.8506818498632766 0.6395257929905244 0.9096113193266249 0.6395257929905244 0.9096113193266249 0.6607176470198471 0.8506818498632766 0.6607176470198471
5 0.8516806544304524 0.687560662123656 0.9096113193266249 0.687560662123656 0.9096113193266249 0.7087525161529786 0.8516806544304524 0.7087525161529786
19 0.39332923855366714 0.8122739460515723 0.4405726945810629 0.8122739460515723 0.4405726945810629 0.831699812245118 0.39332923855366714 0.831699812245118
17 0.5460464568747837 0.8386931240747945 0.6504215341446116 0.8386931240747945 0.6504215341446116 0.8573419556205983 0.5460464568747837 0.8573419556205983
18 0.6767899747180418 0.8402471933702781 0.7580926664861182 0.8402471933702781 0.7580926664861182 0.8573419556205983 0.6767899747180418 0.8573419556205983
16 0.820717712848015 0.8394701587225364 0.9152046249028065 0.8394701587225364 0.9152046249028065 0.8573419556205983 0.820717712848015 0.8573419556205983
