4 0.20720946979350705 0.024644662148976253 0.3317818296098416 0.024644662148976253 0.3317818296098416 0.04819685026501316 0.20720946979350705 0.04819685026501316
3 0.48472215255266815 0.052558366582797764 0.5969606153574845 0.052558366582797764 0.5969606153574845 0.07959976775306238 0.48472215255266815 0.07959976775306238
14 0.08140372027602058 0.21655134096499776 0.21090963889696243 0.21655134096499776 0.21090963889696243 0.22701898012768085 0.08140372027602058 0.22701898012768085
13 0.08154642652243486 0.23220164473684543 0.33359901759177896 0.23220164473684543 0.33359901759177896 0.2689026084928091 0.08154642652243486 0.2689026084928091
15 0.14363291035201595 0.27545635202065977 0.27243919769995284 0.27545635202065977 0.27243919769995284 0.2898745877819312 0.14363291035201595 0.2898745877819312
12 0.13714626278773137 0.2918407108402864 0.36881224722646666 0.2918407108402864 0.36881224722646666 0.307569695307128 0.13714626278773137 0.307569695307128
1 0.5031785182009333 0.21516191156443376 0.632911469486625 0.21516191156443376 0.632911469486625 0.22892477297292013 0.5031785182009333 0.22892477297292013
0 0.4994718624499135 0.23220164473684543 0.682024658187637 0.23220164473684543 0.682024658187637 0.26234886496495846 0.4994718624499135 0.26234886496495846
2 0.5652650020305143 0.2767671007262299 0.6764646745611074 0.2767671007262299 0.6764646745611074 0.29052996213471627 0.5652650020305143 0.29052996213471627
6 0.14363291035201595 0.3967006072858969 0.35305896028463274 0.3967006072858969 0.35305896028463274 0.4327461966890755 0.14363291035201595 0.4327461966890755
6 0.14363291035201595 0.44749702352743653 0.33730567334279876 0.44749702352743653 0.33730567334279876 0.4835426129306151 0.14363291035201595 0.4835426129306151
6 0.14363291035201595 0.49468397692796123 0.35305896028463274 0.49468397692796123 0.35305896028463274 0.5294188176255697 0.14363291035201595 0.5294188176255697
6 0.142706246414261 0.5451478020924113 0.333599017591779 0.5451478020924113 0.333599017591779 0.5811933914955899 0.142706246414261 0.5811933914955899
9 0.40680546867441936 0.39637782401020144 0.4410920343713522 0.39637782401020144 0.4410920343713522 0.412106808477043 0.40680546867441936 0.412106808477043
9 0.40217214898564463 0.44553090046908134 0.44016537043359716 0.44553090046908134 0.44016537043359716 0.4586383875247827 0.40217214898564463 0.4586383875247827
9 0.40587880473666443 0.4900963564584658 0.44016537043359716 0.4900963564584658 0.44016537043359716 0.5077914639836626 0.40587880473666443 0.5077914639836626
9 0.40217214898564463 0.5399048072701308 0.4410920343713522 0.5399048072701308 0.4410920343713522 0.5582552891481126 0.40217214898564463 0.5582552891481126
10 0.46147864100196095 0.39834394706855664 0.4994718624499136 0.39834394706855664 0.4994718624499136 0.41145143412425794 0.46147864100196095 0.41145143412425794
10 0.4642586328152257 0.44684164917465147 0.4966918706366486 0.44684164917465147 0.4966918706366486 0.45732763881921246 0.4642586328152257 0.45732763881921246
10 0.4633319688774708 0.49468397692796123 0.4994718624499135 0.49468397692796123 0.4994718624499135 0.5071360896308775 0.4633319688774708 0.5071360896308775
10 0.459625313126451 0.5451478020924113 0.5041051821386882 0.5451478020924113 0.5041051821386882 0.5569445404425425 0.459625313126451 0.5569445404425425
7 0.5634116741550045 0.39441170095184624 0.6153048546692811 0.39441170095184624 0.6153048546692811 0.410796059771473 0.5634116741550045 0.410796059771473
7 0.5661916659682693 0.44422015176351126 0.6153048546692812 0.44422015176351126 0.6153048546692812 0.45994913623035283 0.5661916659682693 0.45994913623035283
7 0.5615583462794946 0.49271785386960604 0.619938174358056 0.49271785386960604 0.619938174358056 0.5077914639836626 0.5615583462794946 0.5077914639836626
7 0.5736049774703088 0.5451478020924113 0.6208648382958109 0.5451478020924113 0.6208648382958109 0.5562891660897574 0.5736049774703088 0.5562891660897574
8 0.6532980537035935 0.3924455680847002 0.7190911932841942 0.3924455680847002 0.7190911932841942 0.4134175473738223 0.6532980537035935 0.4134175473738223
8 0.6681246991213129 0.4448755261162962 0.71445789600906 0.4448755261162962 0.71445789600906 0.46388138234706316 0.6681246991213129 0.46388138234706316
8 0.6653447073080482 0.4933732282223911 0.71631122388457 0.4933732282223911 0.71631122388457 0.5097575870420178 0.6653447073080482 0.5097575870420178
8 0.6681246991213129 0.5431816790340561 0.7163112238845699 0.5431816790340561 0.7163112238845699 0.5595660378536828 0.6681246991213129 0.5595660378536828
11 0.7700577322743564 0.39834394706855664 0.8052709619090442 0.39834394706855664 0.8052709619090442 0.4127621828298281 0.7700577322743564 0.4127621828298281
11 0.7728377240876213 0.44684164917465147 0.8052709619090442 0.44684164917465147 0.8052709619090442 0.46060451058313784 0.7728377240876213 0.46060451058313784
11 0.7654244125855817 0.49075173081125084 0.807124289784554 0.49075173081125084 0.807124289784554 0.5104129613948029 0.7654244125855817 0.5104129613948029
11 0.7700577322743564 0.5431816790340561 0.8099042815978189 0.5431816790340561 0.8099042815978189 0.561532160912038 0.7700577322743564 0.561532160912038
5 0.8432641833569969 0.3976885727157716 0.9081306589998428 0.3976885727157716 0.9081306589998428 0.4094853110659028 0.8432641833569969 0.4094853110659028
5 0.8599441342365857 0.44553090046908134 0.906277331124333 0.44553090046908134 0.906277331124333 0.46060451058313784 0.8599441342365857 0.46060451058313784
5 0.8534574866723013 0.49140710516403596 0.9072039950620879 0.49140710516403596 0.9072039950620879 0.5071360896308775 0.8534574866723013 0.5071360896308775
5 0.856237478485566 0.5431816790340561 0.9118373147508625 0.5431816790340561 0.9118373147508625 0.5589106635008977 0.856237478485566 0.5589106635008977
19 0.40111471130217813 0.6683080451654015 0.43634325769616766 0.6683080451654015 0.43634325769616766 0.6829321009713493 0.40111471130217813 0.6829321009713493
17 0.554282304319524 0.6932231032051643 0.6461828601299313 0.6932231032051643 0.6461828601299313 0.7073055273145955 0.554282304319524 0.7073055273145955
18 0.6768163787334004 0.6910565764190981 0.7534001752420735 0.6910565764190981 0.7534001752420735 0.7083887907076285 0.6768163787334004 0.7083887907076285
16 0.8253889439602259 0.6910565764190981 0.9103969580848525 0.6910565764190981 0.9103969580848525 0.7073055273145955 0.8253889439602259 0.7073055273145955
