4 0.20935040502886568 0.025851938895417162 0.3273176967514805 0.025851938895417162 0.3273176967514805 0.0481786133960047 0.20935040502886568 0.0481786133960047
3 0.48017672264557293 0.057579318448883664 0.5998055255192104 0.057579318448883664 0.5998055255192104 0.0799059929494712 0.48017672264557293 0.0799059929494712
14 0.08141404640011443 0.21386603995299647 0.18110471546147905 0.21386603995299647 0.18110471546147905 0.23031727379553465 0.08141404640011443 0.23031727379553465
13 0.0835650838758172 0.23295539139856952 0.34457701252497425 0.23295539139856952 0.34457701252497425 0.2643297943263529 0.0835650838758172 0.2643297943263529
15 0.14649681370822265 0.2730854416550366 0.25688525784047483 0.2730854416550366 0.25688525784047483 0.2891374617576235 0.14649681370822265 0.2891374617576235
12 0.13411680128217568 0.2905967363124041 0.3848120529096269 0.2905967363124041 0.3848120529096269 0.3095673055245522 0.13411680128217568 0.3095673055245522
1 0.500358835552732 0.21325518490903114 0.6984390343694835 0.21325518490903114 0.6984390343694835 0.23076647956639856 0.500358835552732 0.23076647956639856
0 0.4972638324462202 0.2300368422890083 0.7850991213518123 0.2300368422890083 0.7850991213518123 0.2614112452167917 0.4972638324462202 0.2614112452167917
2 0.5632905653851374 0.27381507893242696 0.677805680326072 0.27381507893242696 0.677805680326072 0.2891374617576235 0.5632905653851374 0.2891374617576235
6 0.14133847519736975 0.393475592424438 0.3569570249510212 0.393475592424438 0.3569570249510212 0.43433527995829546 0.14133847519736975 0.43433527995829546
6 0.14133847519736978 0.4452798391191502 0.3590203603553624 0.4452798391191502 0.3590203603553624 0.4817617029886657 0.14133847519736978 0.4817617029886657
6 0.14030680749519917 0.4956248112590816 0.38171704980311516 0.4956248112590816 0.38171704980311516 0.5328363124059875 0.14030680749519917 0.5328363124059875
9 0.4054454069530385 0.39639414153399927 0.44361711193335 0.39639414153399927 0.44361711193335 0.4109868870818056 0.4054454069530385 0.4109868870818056
9 0.4064770746552091 0.44673911367393077 0.44155377652900885 0.44673911367393077 0.44155377652900885 0.45987258466695635 0.4064770746552091 0.45987258466695635
9 0.40647707465520905 0.4970840858138623 0.4446487796355207 0.4970840858138623 0.4446487796355207 0.5072990076973267 0.40647707465520905 0.5072990076973267
10 0.4642504659767617 0.39712377881138955 0.507580509467926 0.39712377881138955 0.507580509467926 0.4087979752496345 0.4642504659767617 0.4087979752496345
10 0.46321879827459106 0.447468750951321 0.5096438448722672 0.447468750951321 0.5096438448722672 0.46206149649912726 0.46321879827459106 0.46206149649912726
10 0.46218713057242045 0.4956248112590816 0.5086121771700967 0.4956248112590816 0.5086121771700967 0.5080286449747169 0.46218713057242045 0.5080286449747169
7 0.557100559172114 0.3942052297018283 0.6200322890045195 0.3942052297018283 0.6200322890045195 0.4102572498044152 0.557100559172114 0.4102572498044152
7 0.5529738883634316 0.44309092728697924 0.6128106150893253 0.44309092728697924 0.6128106150893253 0.4576836728347854 0.5529738883634316 0.4576836728347854
7 0.5632905653851374 0.49489517398169125 0.6200322890045195 0.49489517398169125 0.6200322890045195 0.5065693704199362 0.5632905653851374 0.5065693704199362
8 0.6499506523674663 0.3942052297018283 0.722167391519407 0.3942052297018283 0.722167391519407 0.4109868870818056 0.6499506523674663 0.4109868870818056
8 0.6447923138566134 0.4423612900095889 0.7273257300302598 0.4423612900095889 0.7273257300302598 0.46060222194434675 0.6447923138566134 0.46060222194434675
8 0.6643940001978543 0.4956248112590816 0.7190723884128951 0.4956248112590816 0.7190723884128951 0.5072990076973265 0.6643940001978543 0.5072990076973265
11 0.7696241058192538 0.3942052297018283 0.8129541493104181 0.3942052297018283 0.8129541493104181 0.4102572498044152 0.7696241058192538 0.4102572498044152
11 0.7696241058192538 0.44309092728697924 0.8098591462039062 0.44309092728697924 0.8098591462039062 0.46060222194434675 0.7696241058192538 0.46060222194434675
11 0.7716874412235949 0.49197662487213006 0.8098591462039064 0.49197662487213006 0.8098591462039064 0.5051100958651555 0.7716874412235949 0.5051100958651555
5 0.8469991834820474 0.39639414153399927 0.9140575841231353 0.39639414153399927 0.9140575841231353 0.4131757989139764 0.8469991834820474 0.4131757989139764
5 0.8356508387581709 0.44382056456436947 0.909930913314453 0.44382056456436947 0.909930913314453 0.45841331011217573 0.8356508387581709 0.45841331011217573
5 0.8562841928015824 0.49489517398169125 0.911994248718794 0.49489517398169125 0.911994248718794 0.5080286449747169 0.8562841928015824 0.5080286449747169
19 0.3982237330378445 0.6211224229702151 0.4374271057203266 0.6211224229702151 0.4374271057203266 0.6335262566858505 0.3982237330378445 0.6335262566858505
17 0.5457522144482376 0.6422819040145342 0.6437606461544428 0.6422819040145342 0.6437606461544428 0.6619821105040727 0.5457522144482376 0.6619821105040727
18 0.6685206710065367 0.6437411785693148 0.7562124256910361 0.6437411785693148 0.7562124256910361 0.6597931986719016 0.6685206710065367 0.6597931986719016
16 0.8170808201191005 0.6437411785693148 0.9130259164209648 0.6437411785693148 0.9130259164209648 0.6590635613945114 0.8170808201191005 0.6590635613945114
