4 0.20757948670385265 0.02704804887443529 0.3310417957891506 0.02704804887443529 0.3310417957891506 0.048157787852512804 0.20757948670385265 0.048157787852512804
3 0.48299540697105586 0.055834056571813735 0.5983173440287517 0.055834056571813735 0.5983173440287517 0.07790332913980388 0.48299540697105586 0.07790332913980388
14 0.0829734889865775 0.21537414037533964 0.27470952434745255 0.21537414037533964 0.27470952434745255 0.22964819377899834 0.0829734889865775 0.22964819377899834
13 0.0829734889865775 0.233613208613348 0.3004985817351725 0.233613208613348 0.3004985817351725 0.2645403243212753 0.0829734889865775 0.2645403243212753
15 0.1457642374088524 0.2756423658574543 0.2668606807946682 0.2756423658574543 0.2668606807946682 0.2883304133273732 0.1457642374088524 0.2883304133273732
12 0.1334303403973341 0.2883304133273732 0.387957124180484 0.2883304133273732 0.387957124180484 0.3105344963997312 0.1334303403973341 0.3105344963997312
1 0.4944771438254146 0.2137881344415998 0.738912557326413 0.2137881344415998 0.738912557326413 0.22806218784525853 0.4944771438254146 0.22806218784525853
0 0.5034472507428824 0.23202720267960816 0.6906982326450236 0.23202720267960816 0.6906982326450236 0.26136831245379555 0.5034472507428824 0.26136831245379555
2 0.5651167358004737 0.27643536882432423 0.6828493890922392 0.27643536882432423 0.6828493890922392 0.2891234162942431 0.5651167358004737 0.2891234162942431
6 0.1435217106794854 0.3985578257222933 0.36441059352213095 0.3985578257222933 0.36441059352213095 0.4255199265958709 0.1435217106794854 0.4255199265958709
6 0.1435217106794854 0.43424295923144024 0.37898701726301615 0.43424295923144024 0.37898701726301615 0.470721095707457 0.1435217106794854 0.470721095707457
6 0.1390366572207515 0.4834091431773759 0.36553185688681444 0.4834091431773759 0.36553185688681444 0.5214732855871325 0.1390366572207515 0.5214732855871325
6 0.1390366572207515 0.5333683300901815 0.35880427669871356 0.5333683300901815 0.35880427669871356 0.5690534635993283 0.1390366572207515 0.5690534635993283
9 0.4036548112860527 0.39538581385481364 0.4496266092380753 0.39538581385481364 0.4496266092380753 0.4072808583578626 0.4036548112860527 0.4072808583578626
9 0.4025335479213693 0.43424301857462416 0.4473840825087084 0.43424301857462416 0.4473840825087084 0.447724069011413 0.4025335479213693 0.447724069011413
9 0.4025335140207384 0.48261616394777945 0.4417777317846602 0.48261616394777945 0.4417777317846602 0.4945112084508284 0.4025335140207384 0.4945112084508284
9 0.40701860138010315 0.5333683300901815 0.44626281914402494 0.5333683300901815 0.44626281914402494 0.5444703716263605 0.40701860138010315 0.5444703716263605
10 0.46308176961427716 0.3961788168216836 0.5034472507428824 0.3961788168216836 0.5034472507428824 0.4096598672584724 0.46308176961427716 0.4096598672584724
10 0.46420303297896054 0.43186395033083047 0.5056897774722492 0.43186395033083047 0.5056897774722492 0.4461380037344892 0.46420303297896054 0.4461380037344892
10 0.46308176961427716 0.4826161402105059 0.5034472507428824 0.4826161402105059 0.5034472507428824 0.4976831965810346 0.46308176961427716 0.4976831965810346
10 0.46308176961427716 0.5325753271233115 0.5045685141075659 0.5325753271233115 0.5045685141075659 0.5444703716263605 0.46308176961427716 0.5444703716263605
7 0.5785718961766755 0.3977648227554235 0.6200586406699643 0.3977648227554235 0.6200586406699643 0.41203887615908225 0.5785718961766755 0.41203887615908225
7 0.5662379991651573 0.4334499562645703 0.6166948505759138 0.4334499562645703 0.6166948505759138 0.4493100156019689 0.5662379991651573 0.4493100156019689
7 0.5696017892592078 0.4834091431773759 0.6155735872112305 0.4834091431773759 0.6155735872112305 0.49530418768042483 0.5696017892592078 0.49530418768042483
7 0.5583891556123729 0.5309893211895717 0.6144523238465468 0.5309893211895717 0.6144523238465468 0.5452633745932304 0.5583891556123729 0.5452633745932304
8 0.6839706524569226 0.3945928108879438 0.7209723434914775 0.3945928108879438 0.7209723434914775 0.4080738613247325 0.6839706524569226 0.4080738613247325
8 0.6615453851632531 0.43424295923144024 0.7176085533974271 0.43424295923144024 0.7176085533974271 0.4469310067013591 0.6615453851632531 0.4469310067013591
8 0.6761218089041382 0.4834091431773759 0.7209723434914775 0.4834091431773759 0.7209723434914775 0.4984761995479045 0.6761218089041382 0.4984761995479045
8 0.6682729653513539 0.5309893211895717 0.7176085533974272 0.5309893211895717 0.7176085533974272 0.5460563775601002 0.6682729653513539 0.5460563775601002
11 0.7669441414435001 0.3945928108879438 0.8084308859367889 0.3945928108879438 0.8084308859367889 0.4112458731922123 0.7669441414435001 0.4112458731922123
11 0.7680654048081837 0.4334499562645703 0.8084308859367889 0.4334499562645703 0.8084308859367889 0.45010301856883883 0.7680654048081837 0.45010301856883883
11 0.7691866681728672 0.481823137243636 0.8084308859367888 0.481823137243636 0.8084308859367888 0.4984761995479045 0.7691866681728672 0.4984761995479045
11 0.7725504582669174 0.5301963182227016 0.8106734126661558 0.5301963182227016 0.8106734126661558 0.5524004012950597 0.7725504582669174 0.5524004012950597
5 0.864494054170963 0.3945928108879438 0.9149509055817198 0.3945928108879438 0.9149509055817198 0.41203887615908225 0.864494054170963 0.41203887615908225
5 0.857766473982862 0.4350359621983102 0.9082233253936186 0.4350359621983102 0.9082233253936186 0.45010301856883883 0.857766473982862 0.45010301856883883
5 0.8667365809003296 0.4794441283430262 0.9082233253936186 0.4794441283430262 0.9082233253936186 0.4976831965810346 0.8667365809003296 0.4976831965810346
5 0.8465538403360271 0.527024306355222 0.9082233253936186 0.527024306355222 0.9082233253936186 0.5460563775601002 0.8465538403360271 0.5460563775601002
19 0.4026354809545222 0.6564710386430718 0.4393313728896178 0.6564710386430718 0.4393313728896178 0.6752147451327246 0.4026354809545222 0.6752147451327246
17 0.5585930216786789 0.6817029512252969 0.6401394482011136 0.6817029512252969 0.6401394482011136 0.6997257459268861 0.5585930216786789 0.6997257459268861
18 0.6809126614623311 0.6838656865894878 0.7543044453325226 0.6838656865894878 0.7543044453325226 0.6982839223507592 0.6809126614623311 0.6982839223507592
16 0.8215802472135312 0.6802611276491698 0.9102619860566791 0.6802611276491698 0.9102619860566791 0.6968420987746321 0.8215802472135312 0.6968420987746321
