4 0.21145202801604138 0.029606569885486447 0.32681642306567293 0.029606569885486447 0.32681642306567293 0.046843974778013935 0.21145202801604138 0.046843974778013935
3 0.4836145092951017 0.05833557803969893 0.5949167777584785 0.05833557803969893 0.5949167777584785 0.07557298293222642 0.4836145092951017 0.07557298293222642
14 0.083901253207646 0.21404680223553055 0.21876385587129973 0.21404680223553055 0.21876385587129973 0.22898588647572107 0.083901253207646 0.22898588647572107
13 0.083901253207646 0.23013504680188956 0.2683218002236062 0.23013504680188956 0.2683218002236062 0.2623115359346075 0.083901253207646 0.2623115359346075
1 0.5039251422263749 0.21577054272478324 0.6217268132277591 0.21577054272478324 0.6217268132277591 0.23013504680188954 0.5039251422263749 0.23013504680188954
0 0.501487866274622 0.2307096269649738 0.7354663576428887 0.2307096269649738 0.7354663576428887 0.26058779544535476 0.501487866274622 0.26058779544535476
15 0.14727042795321824 0.2778252003378822 0.2585726964165951 0.2778252003378822 0.2585726964165951 0.28931680359956724 0.14727042795321824 0.28931680359956724
12 0.13589647351170525 0.29104054408881996 0.369874964879972 0.29104054408881996 0.369874964879972 0.3071287886551789 0.13589647351170525 0.3071287886551789
2 0.5656694663374449 0.27667604001171364 0.6761593094835707 0.27667604001171364 0.6761593094835707 0.29104054408882013 0.5656694663374449 0.29104054408882013
6 0.14282196254772803 0.39798393300741775 0.3624229300186082 0.39798393300741775 0.3624229300186082 0.43422310064393205 0.14282196254772803 0.43422310064393205
9 0.40552978659622546 0.39798393300741775 0.4396899370916958 0.39798393300741775 0.4396899370916958 0.4112141053191611 0.40552978659622546 0.4112141053191611
10 0.4657167184215778 0.39970960765677543 0.5006902058336069 0.39970960765677543 0.5006902058336069 0.4100636555529225 0.4657167184215778 0.4100636555529225
7 0.565757159158312 0.39740870812429835 0.6161840479849588 0.39740870812429835 0.6161840479849588 0.41063888043604174 0.565757159158312 0.41063888043604174
8 0.6666109368116052 0.39740870812429835 0.7178511625548105 0.39740870812429835 0.7178511625548105 0.41063888043604174 0.6666109368116052 0.41063888043604174
11 0.7723447359642512 0.39798393300741775 0.8073182233762802 0.39798393300741775 0.8073182233762802 0.4100636555529225 0.7723447359642512 0.4100636555529225
6 0.14444863638084568 0.44630282318943687 0.34371618093775547 0.44630282318943687 0.34371618093775547 0.48311721570907057 0.14444863638084568 0.48311721570907057
9 0.4079697973459019 0.44630282318943687 0.4405032740082545 0.44630282318943687 0.4405032740082545 0.4583825457349416 0.4079697973459019 0.4583825457349416
10 0.4640900445884602 0.44745327295567544 0.5023168796667246 0.44745327295567544 0.5023168796667246 0.4595329955011802 0.4640900445884602 0.4595329955011802
7 0.5730771914073415 0.44630282318943687 0.6161840479849587 0.44630282318943687 0.6161840479849587 0.4595329955011802 0.5730771914073415 0.4595329955011802
8 0.6641709260619286 0.4451523734231983 0.7170378256382518 0.4451523734231983 0.7170378256382518 0.4595329955011802 0.6641709260619286 0.4595329955011802
11 0.769091388298016 0.44630282318943687 0.8081315602928392 0.44630282318943687 0.8081315602928392 0.4595329955011802 0.769091388298016 0.4595329955011802
6 0.14119528871461043 0.4957721631376946 0.34696952860399083 0.4957721631376946 0.34696952860399083 0.533737005423567 0.14119528871461043 0.533737005423567
9 0.40552978659622546 0.49634738802081396 0.4396899370916958 0.49634738802081396 0.4396899370916958 0.5095775603325572 0.40552978659622546 0.5095775603325572
10 0.4640900445884602 0.49634738802081396 0.5023168796667246 0.49634738802081396 0.5023168796667246 0.5084271105663187 0.4640900445884602 0.5084271105663187
7 0.5649438222417533 0.4957721631376946 0.614557374151841 0.4957721631376946 0.614557374151841 0.5084271105663187 0.5649438222417533 0.5084271105663187
8 0.667424273728164 0.49634738802081396 0.7186644994713692 0.49634738802081396 0.7186644994713692 0.5095775603325572 0.667424273728164 0.5095775603325572
11 0.7723447359642512 0.4957721631376946 0.8056915495431628 0.4957721631376946 0.8056915495431628 0.5095775603325572 0.7723447359642512 0.5095775603325572
6 0.14444863638084568 0.5458167279690717 0.36404960385172586 0.5458167279690717 0.36404960385172586 0.5929851683848523 0.14444863638084568 0.5929851683848523
9 0.407156460429343 0.5446662782028332 0.4396899370916957 0.5446662782028332 0.4396899370916957 0.5573212256314573 0.407156460429343 0.5573212256314573
10 0.464903381505019 0.546391952852191 0.5006902058336069 0.546391952852191 0.5006902058336069 0.5573212256314573 0.464903381505019 0.5573212256314573
7 0.5641304853251945 0.5446662782028332 0.6161840479849587 0.5446662782028332 0.6161840479849587 0.5596221251639343 0.5641304853251945 0.5596221251639343
8 0.667424273728164 0.5458167279690717 0.7178511625548105 0.5458167279690717 0.7178511625548105 0.5573212256314573 0.667424273728164 0.5573212256314573
11 0.7731580728808101 0.5452415030859524 0.8073182233762802 0.5452415030859524 0.8073182233762802 0.5578964505145765 0.7731580728808101 0.5578964505145765
6 0.14200862563116926 0.6062153406965957 0.34778286552054954 0.6062153406965957 0.34778286552054954 0.6418792834499908 0.14200862563116926 0.6418792834499908
9 0.4022764389299902 0.6050648909303571 0.4421299478413721 0.6050648909303571 0.4421299478413721 0.619445513008339 0.4022764389299902 0.619445513008339
10 0.4640900445884602 0.6067905655797149 0.5023168796667246 0.6067905655797149 0.5023168796667246 0.619445513008339 0.4640900445884602 0.619445513008339
7 0.5641304853251945 0.6062153406965957 0.614557374151841 0.6062153406965957 0.614557374151841 0.6182950632421006 0.5641304853251945 0.6182950632421006
8 0.6666109368116052 0.6062153406965957 0.7211045102210459 0.6062153406965957 0.7211045102210459 0.6182950632421006 0.6666109368116052 0.6182950632421006
11 0.7723447359642512 0.6050648909303571 0.8065048864597215 0.6050648909303571 0.8065048864597215 0.617719838358981 0.7723447359642512 0.617719838358981
6 0.14119528871461043 0.6556846806448533 0.36242293001860826 0.6556846806448533 0.36242293001860826 0.6919238482813678 0.14119528871461043 0.6919238482813678
9 0.4022764389299902 0.6533837811123764 0.4421299478413721 0.6533837811123764 0.4421299478413721 0.667189178307239 0.4022764389299902 0.667189178307239
10 0.46327670767190127 0.6551094557617341 0.5006902058336068 0.6551094557617341 0.5006902058336068 0.6666139534241194 0.46327670767190127 0.6666139534241194
7 0.5641304853251945 0.6551094557617341 0.6137440372352823 0.6551094557617341 0.6137440372352823 0.6677644031903581 0.5641304853251945 0.6677644031903581
8 0.667424273728164 0.6556846806448533 0.7202911733044871 0.6556846806448533 0.7202911733044871 0.6677644031903582 0.667424273728164 0.6677644031903582
11 0.7715313990476925 0.6551094557617341 0.8065048864597215 0.6551094557617341 0.8065048864597215 0.6671891783072389 0.7715313990476925 0.6671891783072389
6 0.14119528871461043 0.7034283459437534 0.3518495501033436 0.7034283459437534 0.3518495501033436 0.7413931882296255 0.14119528871461043 0.7413931882296255
9 0.4039031127631078 0.7034283459437534 0.4413166109248133 0.7034283459437534 0.4413166109248133 0.7166585182554969 0.4039031127631078 0.7166585182554969
10 0.4657167184215778 0.7034283459437534 0.5023168796667244 0.7034283459437534 0.5023168796667244 0.7166585182554969 0.4657167184215778 0.7166585182554969
7 0.5625038114920768 0.7022778961775148 0.6161840479849587 0.7022778961775148 0.6161840479849587 0.7183841929048546 0.5625038114920768 0.7183841929048546
8 0.6535975461466641 0.7040035708268726 0.7170378256382518 0.7040035708268726 0.7170378256382518 0.7183841929048546 0.6535975461466641 0.7183841929048546
11 0.7723447359642512 0.702853121060634 0.8065048864597215 0.702853121060634 0.8065048864597215 0.717233743138616 0.7723447359642512 0.717233743138616
5 0.8572311921667901 0.44582052873978334 0.9067280293127435 0.44582052873978334 0.9067280293127435 0.459650127732884 0.8572311921667901 0.459650127732884
5 0.8596754804209114 0.49638500005830727 0.9079501734398042 0.49638500005830727 0.9079501734398042 0.5093502491143389 0.8596754804209114 0.5093502491143389
5 0.8578422642303206 0.5452207715026935 0.9085612455033347 0.5452207715026935 0.9085612455033347 0.5581860205587253 0.8578422642303206 0.5581860205587253
5 0.8560090480397297 0.6065896170345773 0.9085612455033347 0.6065896170345773 0.9085612455033347 0.6186905161535403 0.8560090480397297 0.6186905161535403
5 0.8578422642303206 0.6545610385418946 0.9085612455033347 0.6545610385418946 0.9085612455033347 0.6675262875979264 0.8578422642303206 0.6675262875979264
5 0.8462318950232449 0.7042611599233498 0.9079501734398042 0.7042611599233498 0.9079501734398042 0.7163620590423129 0.8462318950232449 0.7163620590423129
5 0.8589920027971569 0.39798871388289053 0.9079726661902332 0.39798871388289053 0.9079726661902332 0.4104302405338238 0.8589920027971569 0.4104302405338238
19 0.4008790851655142 0.8303428602069785 0.4344880486596801 0.8303428602069785 0.4344880486596801 0.8417522793762865 0.4008790851655142 0.8417522793762865
17 0.5527916001591442 0.8541124834763701 0.6401749052439756 0.8541124834763701 0.6401749052439756 0.8678988649726173 0.5527916001591442 0.8678988649726173
18 0.6791613028972081 0.8536370910109824 0.7517566640446065 0.8536370910109824 0.7517566640446065 0.8678988649726173 0.6791613028972081 0.8678988649726173
16 0.8270407422715381 0.8550632684071457 0.9110631510069531 0.8550632684071457 0.9110631510069531 0.867898864972617 0.8270407422715381 0.867898864972617
