4 0.2119900930296453 0.0302674389421767 0.33401365877353856 0.0302674389421767 0.33401365877353856 0.050745409549545754 0.2119900930296453 0.050745409549545754
3 0.480855576872122 0.0522081217357864 0.5935722604830064 0.0522081217357864 0.5935722604830064 0.07780558499499773 0.480855576872122 0.07780558499499773
14 0.0796255471379644 0.21383781831537796 0.21199009302964525 0.21383781831537796 0.21199009302964525 0.22992765236402507 0.0796255471379644 0.22992765236402507
13 0.08065964515274315 0.23285307673650638 0.285411052078937 0.23285307673650638 0.285411052078937 0.2650327448338006 0.08065964515274315 0.2650327448338006
15 0.14477372206902608 0.2767344423237258 0.26472909178336185 0.2767344423237258 0.26472909178336185 0.290630208093012 0.14477372206902608 0.290630208093012
12 0.13443274192123852 0.2913615641861323 0.38158216745336143 0.2913615641861323 0.38158216745336143 0.31842173963158427 0.13443274192123852 0.31842173963158427
1 0.5015375371676971 0.2153005305016186 0.6256292989411479 0.2153005305016186 0.6256292989411479 0.22700222799154374 0.5015375371676971 0.22700222799154374
0 0.5005034391529184 0.23139036455026574 0.7042207480643337 0.23139036455026574 0.7042207480643337 0.2621073204613193 0.5005034391529184 0.2621073204613193
2 0.5666857120987588 0.2767344423237258 0.6804364937244219 0.2767344423237258 0.6804364937244219 0.29428698855861357 0.5666857120987588 0.29428698855861357
6 0.13856913398035353 0.39740819768857916 0.38468446149769764 0.39740819768857916 0.38468446149769764 0.4354387145308361 0.13856913398035353 0.4354387145308361
9 0.40536642179327276 0.3952141294092183 0.446730342384423 0.3952141294092183 0.446730342384423 0.40984125127162474 0.40536642179327276 0.40984125127162474
10 0.4632759106208831 0.39448277331609805 0.5067080272415908 0.39448277331609805 0.5067080272415908 0.4134980317372265 0.4632759106208831 0.4134980317372265
7 0.5790948882761039 0.3937514172229776 0.621492906882033 0.3937514172229776 0.621492906882033 0.40837853908538413 0.5790948882761039 0.40837853908538413
8 0.6825046897539796 0.39448277331609793 0.7238686103451298 0.39448277331609793 0.7238686103451298 0.40910989517850443 0.6825046897539796 0.40910989517850443
11 0.7673007269658376 0.3981395537816996 0.8107328435865455 0.3981395537816996 0.8107328435865455 0.41130396345786535 0.7673007269658376 0.41130396345786535
5 0.8707105284437133 0.39228870503673696 0.9120744490348638 0.39228870503673696 0.9120744490348638 0.40910989517850443 0.8707105284437133 0.40910989517850443
19 0.4012300297341577 0.521007377425914 0.4405257542957505 0.521007377425914 0.4405257542957505 0.5385599236608017 0.4012300297341577 0.5385599236608017
17 0.5894358684238915 0.5466048406851253 0.6576863373992894 0.5466048406851253 0.6576863373992894 0.5605006064544116 0.5894358684238915 0.5605006064544116
18 0.7000843560052185 0.5473361967782456 0.7590279428476078 0.5473361967782456 0.7590279428476078 0.5612319625475318 0.7000843560052185 0.5612319625475318
16 0.8572672542515896 0.5444107724057643 0.9151767430791999 0.5444107724057643 0.9151767430791999 0.5619633186406521 0.8572672542515896 0.5619633186406521
