4 0.20568522779757134 0.029501982832723185 0.34436222555415386 0.029501982832723185 0.34436222555415386 0.04643211415091487 0.20568522779757134 0.04643211415091487
3 0.47643555675089916 0.05635667388916517 0.6093343462676241 0.05635667388916517 0.6093343462676241 0.07678959099732754 0.47643555675089916 0.07678959099732754
14 0.07577630609789507 0.21342810669524911 0.3137404954228638 0.21342810669524911 0.3137404954228638 0.23129213324683384 0.07577630609789507 0.23129213324683384
13 0.07444689721898463 0.23223234517060146 0.36425803282146046 0.23223234517060146 0.36425803282146046 0.2660799744262357 0.07444689721898463 0.2660799744262357
15 0.14274758217251787 0.2771586319365947 0.2678084821824752 0.2771586319365947 0.2678084821824752 0.2909333430549036 0.14274758217251787 0.2909333430549036
12 0.1324966887290787 0.29129583545275384 0.387743935470713 0.29129583545275384 0.387743935470713 0.30905796294741533 0.1324966887290787 0.30905796294741533
1 0.4963658842534025 0.21762612140997833 0.6480791072163017 0.21762612140997833 0.6480791072163017 0.2303133553347365 0.4963658842534025 0.2303133553347365
0 0.4958533395812305 0.23176332492613747 0.7792905432923225 0.23176332492613747 0.7792905432923225 0.2647501331305089 0.4958533395812305 0.2647501331305089
2 0.5629966916357568 0.27816235185096755 0.6854948682848543 0.27816235185096755 0.6854948682848543 0.2915745705714262 0.5629966916357568 0.2915745705714262
6 0.13175544444074339 0.39632650558278626 0.3741890743780788 0.39632650558278626 0.3741890743780788 0.42543464513016016 0.13175544444074339 0.42543464513016016
6 0.13570203841646747 0.4338082195205006 0.32852134408755745 0.4338082195205006 0.32852134408755745 0.47368238328402645 0.13570203841646747 0.47368238328402645
6 0.13682963669524578 0.4828534409496374 0.3719338778205222 0.4828534409496374 0.3719338778205222 0.5111640972217407 0.13682963669524578 0.5111640972217407
6 0.12442605562868443 0.5179427050615403 0.3138625664634395 0.5179427050615403 0.3138625664634395 0.5366835620303974 0.12442605562868443 0.5366835620303974
9 0.4018152322081473 0.39552902230751585 0.44635536421989025 0.39552902230751585 0.44635536421989025 0.41347239600110247 0.4018152322081473 0.41347239600110247
9 0.40463422790509307 0.4318145113323243 0.4435363685229446 0.4318145113323243 0.4435363685229446 0.4501566266635462 0.40463422790509307 0.4501566266635462
9 0.40407042876570387 0.48245469931200213 0.44128117196538796 0.48245469931200213 0.44128117196538796 0.49880310645504783 0.40407042876570387 0.49880310645504783
9 0.4023790313475365 0.5195376716120812 0.44635536421989025 0.5195376716120812 0.44635536421989025 0.534689853842221 0.4023790313475365 0.534689853842221
10 0.4604503427046191 0.3971239888580569 0.5089370686920862 0.3971239888580569 0.5089370686920862 0.41187742945056127 0.4604503427046191 0.41187742945056127
10 0.4621417401227867 0.4346057027957711 0.5095008678314754 0.4346057027957711 0.5095008678314754 0.4509541099388166 0.4621417401227867 0.4509541099388166
10 0.4610141418440083 0.4828534409496374 0.5044266755769731 0.4828534409496374 0.5044266755769731 0.4956131733539657 0.4610141418440083 0.4956131733539657
10 0.4621417401227867 0.5195376716120812 0.5032990772981948 0.5195376716120812 0.5032990772981948 0.534689853842221 0.4621417401227867 0.534689853842221
7 0.5579952935110296 0.3957572695969895 0.6200131988438363 0.3957572695969895 0.6200131988438363 0.41286328585154203 0.5579952935110296 0.41286328585154203
7 0.5679181583642787 0.43391684431868377 0.6206333778971647 0.43391684431868377 0.6206333778971647 0.44707531836064734 0.5679181583642787 0.44707531836064734
7 0.5728795907909033 0.4839190456781451 0.6262149893771172 0.4839190456781451 0.6262149893771172 0.4966389039187098 0.5728795907909033 0.4966389039187098
7 0.5734997698442313 0.5198855413928455 0.6243544522171328 0.5198855413928455 0.6243544522171328 0.5356757102432018 0.5734997698442313 0.5356757102432018
8 0.6590844792035045 0.3957572695969895 0.7235831007496236 0.3957572695969895 0.7235831007496236 0.4141791332557385 0.6590844792035045 0.4141791332557385
8 0.6603248373101607 0.4321623811130885 0.7260638169629358 0.4321623811130885 0.7260638169629358 0.4514614763746351 0.6603248373101607 0.4514614763746351
8 0.6733485974300502 0.4790942718627585 0.7198620264296552 0.4790942718627585 0.7198620264296552 0.49839336712430504 0.6733485974300502 0.49839336712430504
8 0.6770696717500186 0.5181310781872503 0.7248234588562797 0.5181310781872503 0.7248234588562797 0.5365529418459992 0.6770696717500186 0.5365529418459992
11 0.763894739215948 0.3940028063913944 0.8066870938955847 0.3940028063913944 0.8066870938955847 0.4102315910431494 0.763894739215948 0.4102315910431494
11 0.7676158135359166 0.4317237653116898 0.8073072729489129 0.4317237653116898 0.8073072729489129 0.4505842447718375 0.7676158135359166 0.4505842447718375
11 0.7682359925892445 0.48216458247255006 0.8122687053755373 0.48216458247255006 0.8122687053755373 0.4988319829257038 0.7682359925892445 0.4988319829257038
11 0.7676158135359166 0.518569693988649 0.8104081682155532 0.518569693988649 0.8104081682155532 0.5347984786404042 0.7676158135359166 0.5347984786404042
5 0.85320052289519 0.3940028063913944 0.9127377120146842 0.3940028063913944 0.9127377120146842 0.41330190165294095 0.85320052289519 0.41330190165294095
5 0.8500996276285494 0.43391684431868377 0.912737712014684 0.43391684431868377 0.912737712014684 0.4505842447718375 0.8500996276285494 0.4505842447718375
5 0.8587821343751426 0.48216458247255006 0.9121175329613561 0.48216458247255006 0.9121175329613561 0.4988319829257038 0.8587821343751426 0.4988319829257038
5 0.8674646411217354 0.518569693988649 0.9133578910680125 0.518569693988649 0.9133578910680125 0.5347984786404042 0.8674646411217354 0.5347984786404042
19 0.39448552691679295 0.6196625923537465 0.44292151098171495 0.6196625923537465 0.44292151098171495 0.6379967328522154 0.39448552691679295 0.6379967328522154
17 0.5561662061194201 0.6466813257199114 0.6482627955386382 0.6466813257199114 0.6482627955386382 0.6630855566922259 0.5561662061194201 0.6630855566922259
18 0.6844192343476645 0.6476462804829889 0.7621896876350042 0.6476462804829889 0.7621896876350042 0.6611556471660714 0.6844192343476645 0.6611556471660714
16 0.8283627926251088 0.6437864614306796 0.9163662002923616 0.6437864614306796 0.9163662002923616 0.6621206019291486 0.8283627926251088 0.6621206019291486
