4 0.21081423638932995 0.025602409638554216 0.32793325660562445 0.025602409638554216 0.32793325660562445 0.049698795180722885 0.21081423638932995 0.049698795180722885
3 0.4663466441339724 0.05572289156626506 0.6132777785871417 0.05572289156626506 0.6132777785871417 0.08132530120481928 0.4663466441339724 0.08132530120481928
14 0.08104267637539526 0.21237604919427536 0.21316460383139452 0.21237604919427536 0.21316460383139452 0.23064290444345165 0.08104267637539526 0.23064290444345165
13 0.07806248252300431 0.23275061851066425 0.3154845927634842 0.23275061851066425 0.3154845927634842 0.26366375816311644 0.07806248252300431 0.26366375816311644
9 0.14660694112799638 0.27490489985491723 0.2648212972728378 0.27490489985491723 0.2648212972728378 0.2917666123926185 0.14660694112799638 0.2917666123926185
12 0.13269936981683858 0.2917666123926185 0.39893002063043104 0.2917666123926185 0.39893002063043104 0.30933089628605726 0.13269936981683858 0.30933089628605726
1 0.5001242115328416 0.214247699306061 0.7219499739458087 0.214247699306061 0.7219499739458087 0.23124992611490966 0.5001242115328416 0.23124992611490966
0 0.4979387360410882 0.23279558309753232 0.7230427116916852 0.23279558309753232 0.7230427116916852 0.267572865206541 0.4979387360410882 0.267572865206541
2 0.564595738539566 0.27375549313703146 0.6880751038236315 0.27375549313703146 0.6880751038236315 0.295394690893748 0.564595738539566 0.295394690893748
6 0.1386291906666746 0.3944885195240083 0.3634053449935088 0.3944885195240083 0.3634053449935088 0.4369940865461301 0.1386291906666746 0.4369940865461301
6 0.1386291906666746 0.44379497726966943 0.36701137955490193 0.44379497726966943 0.36701137955490193 0.4854504329513488 0.1386291906666746 0.4854504329513488
6 0.1386291906666746 0.4922513236748883 0.3706174141162949 0.4922513236748883 0.3706174141162949 0.5330566680161252 0.1386291906666746 0.5330566680161252
6 0.1398312021871389 0.5415577814205496 0.34056712610468604 0.5415577814205496 0.34056712610468604 0.5730119010169196 0.1398312021871389 0.5730119010169196
6 0.1398312021871389 0.5789626804000167 0.36340534499350874 0.5789626804000167 0.36340534499350874 0.6214682474221384 0.1398312021871389 0.6214682474221384
6 0.1386291906666746 0.6291192494861204 0.3658093680344376 0.6291192494861204 0.3658093680344376 0.6707747051677997 0.1386291906666746 0.6707747051677997
9 0.40427373668929684 0.3944885195240083 0.44153609382369186 0.3944885195240083 0.44153609382369186 0.4140410803541844 0.40427373668929684 0.4140410803541844
9 0.4030717251688325 0.44379497726966943 0.4451421283850849 0.44379497726966943 0.4451421283850849 0.46079720407851815 0.4030717251688325 0.46079720407851815
9 0.4030717251688325 0.49395154635577315 0.4463441399055492 0.49395154635577315 0.4463441399055492 0.5101036618241794 0.4030717251688325 0.5101036618241794
9 0.4030717251688325 0.5415577814205496 0.4451421283850849 0.5415577814205496 0.4451421283850849 0.5611103422507255 0.4030717251688325 0.5611103422507255
9 0.4030717251688325 0.5781125690595742 0.4427381053441562 0.5781125690595742 0.4427381053441562 0.5976651298897502 0.4030717251688325 0.5976651298897502
9 0.4030717251688325 0.6291192494861204 0.4463441399055492 0.6291192494861204 0.4463441399055492 0.6461214762949691 0.4030717251688325 0.6461214762949691
10 0.4619702896715858 0.39703885354533563 0.5064447159287669 0.39703885354533563 0.5064447159287669 0.4140410803541843 0.4619702896715858 0.4140410803541843
10 0.4619702896715858 0.4454951999505543 0.5064447159287669 0.4454951999505543 0.5064447159287669 0.46164731541896065 0.4619702896715858 0.46164731541896065
10 0.4619702896715858 0.49395154635577315 0.5052427044083025 0.49395154635577315 0.5052427044083025 0.5109537731646219 0.4619702896715858 0.5109537731646219
10 0.4607682781511214 0.542407892760992 0.5088487389696956 0.542407892760992 0.5088487389696956 0.5585600082293982 0.4607682781511214 0.5585600082293982
10 0.4607682781511214 0.5806629030809015 0.5076467274492313 0.5806629030809015 0.5076467274492313 0.5968150185493079 0.4607682781511214 0.5968150185493079
10 0.4619702896715858 0.6299693608265629 0.5088487389696957 0.6299693608265629 0.5088487389696957 0.6461214762949692 0.4619702896715858 0.6461214762949692
7 0.5689493149929133 0.3944885195240083 0.6206358103728805 0.3944885195240083 0.6206358103728805 0.4140410803541844 0.5689493149929133 0.4140410803541844
7 0.5617372458701273 0.44379497726966943 0.6230398334138093 0.44379497726966943 0.6230398334138093 0.4633475380998455 0.5617372458701273 0.4633475380998455
7 0.5665452919519847 0.49310143501533077 0.6230398334138093 0.49310143501533077 0.6230398334138093 0.5126539958455069 0.5665452919519847 0.5126539958455069
7 0.5593332228291985 0.5441081154418769 0.6206358103728805 0.5441081154418769 0.6206358103728805 0.5594101195698407 0.5593332228291985 0.5594101195698407
7 0.5665452919519847 0.5823631257617864 0.6230398334138093 0.5823631257617864 0.6230398334138093 0.5951147958684229 0.5665452919519847 0.5951147958684229
7 0.5665452919519847 0.6291192494861204 0.6206358103728805 0.6291192494861204 0.6206358103728805 0.6469715876354115 0.5665452919519847 0.6469715876354115
8 0.6723223057528479 0.3961887422048932 0.7216047780918863 0.3961887422048932 0.7216047780918863 0.411490746332857 0.6723223057528479 0.411490746332857
8 0.6615042020686687 0.444645088610112 0.7288168472146723 0.444645088610112 0.7288168472146723 0.4624974267594031 0.6615042020686687 0.4624974267594031
8 0.6627062135891328 0.49310143501533077 0.7252108126532795 0.49310143501533077 0.7252108126532795 0.5101036618241794 0.6627062135891328 0.5101036618241794
8 0.6482820753435606 0.5441081154418769 0.7264128241737436 0.5441081154418769 0.7264128241737436 0.5611103422507255 0.6482820753435606 0.5611103422507255
8 0.6627062135891328 0.5781125690595742 0.720402766571422 0.5781125690595742 0.720402766571422 0.5985152412301927 0.6627062135891328 0.5985152412301927
8 0.6723223057528479 0.6299693608265629 0.720402766571422 0.6299693608265629 0.720402766571422 0.6461214762949692 0.6723223057528479 0.6461214762949692
11 0.769953174165622 0.3949300256502092 0.8096890921975014 0.3949300256502092 0.8096890921975014 0.41389945225512315 0.769953174165622 0.41389945225512315
11 0.769953174165622 0.4434074491961001 0.8126692860498924 0.4434074491961001 0.8126692860498924 0.46237687580101405 0.769953174165622 0.46237687580101405
11 0.766972980313231 0.4932900154534661 0.8116758880990955 0.4932900154534661 0.8116758880990955 0.51225944205838 0.766972980313231 0.51225944205838
11 0.7659795823624341 0.5424700103550946 0.8096890921975014 0.5424700103550946 0.8096890921975014 0.5607368656042708 0.7659795823624341 0.5607368656042708
11 0.7679663782640281 0.5775985781419721 0.8116758880990955 0.5775985781419721 0.8116758880990955 0.5986757188140984 0.7679663782640281 0.5986757188140984
11 0.7679663782640281 0.6309940011780257 0.8126692860498924 0.6309940011780257 0.8126692860498924 0.6478557137157271 0.7679663782640281 0.6478557137157271
5 0.8623391835897417 0.3956325970059467 0.9130024790803881 0.3956325970059467 0.9130024790803881 0.41319688089938544 0.8623391835897417 0.41319688089938544
5 0.8543919999833657 0.44551516326331275 0.9130024790803881 0.44551516326331275 0.9130024790803881 0.46237687580101405 0.8543919999833657 0.46237687580101405
5 0.8543919999833657 0.4932900154534661 0.9149892749819819 0.4932900154534661 0.9149892749819819 0.5108542993469048 0.8543919999833657 0.5108542993469048
5 0.8414778266230052 0.5438751530665696 0.9120090811295911 0.5438751530665696 0.9120090811295911 0.5593317228927958 0.8414778266230052 0.5593317228927958
5 0.8543919999833657 0.5790037208534472 0.9130024790803881 0.5790037208534472 0.9130024790803881 0.5958654333911483 0.8543919999833657 0.5958654333911483
5 0.863332581540539 0.6295888584665507 0.9120090811295911 0.6295888584665507 0.9120090811295911 0.6450454282927768 0.863332581540539 0.6450454282927768
17 0.5473858401823847 0.7799778090361292 0.6479177128030398 0.7799778090361292 0.6479177128030398 0.7954343788623554 0.5473858401823847 0.7954343788623554
4 0.39549529350552537 0.7521559833489222 0.4413902788323464 0.7521559833489222 0.4413902788323464 0.7707038671403936 0.39549529350552537 0.7707038671403936
18 0.6708652054664502 0.776886495070884 0.7713970780871054 0.776886495070884 0.7713970780871054 0.7977528643362891 0.6708652054664502 0.7977528643362891
16 0.8096428991927893 0.7799778090361292 0.9156384605428278 0.7799778090361292 0.9156384605428278 0.7962072073536666 0.8096428991927893 0.7962072073536666
