4 0.20865411652250185 0.028565739769395228 0.3264427306884302 0.028565739769395228 0.3264427306884302 0.0468134774306603 0.20865411652250185 0.0468134774306603
3 0.48461601256839126 0.05712741610876662 0.5979174414327606 0.05712741610876662 0.5979174414327606 0.07696191356666343 0.48461601256839126 0.07696191356666343
14 0.08076933542806522 0.21501001587362528 0.20080154224477326 0.21501001587362528 0.20080154224477326 0.2284974741449951 0.08076933542806522 0.2284974741449951
13 0.08525652072962436 0.23167099373825858 0.23445543200646707 0.23167099373825858 0.23445543200646707 0.26102604997594586 0.08525652072962436 0.26102604997594586
15 0.1447117259752835 0.2753068881456316 0.2580131548396527 0.2753068881456316 0.2580131548396527 0.2887943464170014 0.1447117259752835 0.2887943464170014
12 0.13573735537216516 0.2919678660102649 0.3814107506325301 0.2919678660102649 0.3814107506325301 0.3086288438748983 0.13573735537216516 0.3086288438748983
1 0.5014429574492382 0.21739015556857286 0.6147443863136073 0.21739015556857286 0.6147443863136073 0.2284974741449951 0.5014429574492382 0.2284974741449951
0 0.494712179496899 0.2316709937382585 0.7549689269873311 0.2316709937382585 0.7549689269873311 0.26102604997594553 0.494712179496899 0.26102604997594553
2 0.5642635516710667 0.2753068881456316 0.6753213878846562 0.2753068881456316 0.6753213878846562 0.2919678660102649 0.5642635516710667 0.2919678660102649
6 0.13845210247960846 0.3965137022571356 0.35020237686018607 0.3965137022571356 0.35020237686018607 0.43395329965866164 0.13845210247960846 0.43395329965866164
6 0.13845210247960846 0.4464331654591704 0.3488450033064644 0.4464331654591704 0.3488450033064644 0.4713928970601878 0.13845210247960846 0.4713928970601878
6 0.1370947289258868 0.4809927938298098 0.36377611239740265 0.4809927938298098 0.36377611239740265 0.5203523705852602 0.1370947289258868 0.5203523705852602
6 0.14252422314077343 0.5328322363857689 0.3529171239676294 0.5328322363857689 0.3529171239676294 0.5673918647564083 0.14252422314077343 0.5673918647564083
6 0.14252422314077343 0.5808317202338792 0.3746351008271758 0.5808317202338792 0.3746351008271758 0.6163513382814809 0.14252422314077343 0.6163513382814809
6 0.14388159669449502 0.6307511834359137 0.3461302561990209 0.6307511834359137 0.3461302561990209 0.6691507705144019 0.14388159669449502 0.6691507705144019
6 0.1398094760333301 0.6768306879300997 0.34070076198413457 0.6768306879300997 0.34070076198413457 0.7161902646855502 0.1398094760333301 0.7161902646855502
9 0.4031399454553305 0.3993936712880222 0.4438611520669801 0.3993936712880222 0.4438611520669801 0.40899356805764425 0.4031399454553305 0.40899356805764425
9 0.4031399454553305 0.4425932067513216 0.44793327272814504 0.4425932067513216 0.44793327272814504 0.4579530415827169 0.4031399454553305 0.4579530415827169
9 0.3990678247941656 0.48387276286069636 0.4425037785132584 0.48387276286069636 0.4425037785132584 0.5021125667229783 0.3990678247941656 0.5021125667229783
9 0.4044973190090522 0.5299522673548823 0.4425037785132584 0.5299522673548823 0.4425037785132584 0.5481920712171643 0.4044973190090522 0.5481920712171643
9 0.40856943967021714 0.5779517512029926 0.4438611520669801 0.5779517512029926 0.4438611520669801 0.5952315653883123 0.40856943967021714 0.5952315653883123
9 0.4058546925627738 0.6297911937589517 0.44114640495953683 0.6297911937589517 0.44114640495953683 0.6441910389133846 0.4058546925627738 0.6441910389133846
9 0.4044973190090522 0.677790677607062 0.43978903140581505 0.677790677607062 0.43978903140581505 0.6960304814693438 0.4044973190090522 0.6960304814693438
10 0.4601496347116399 0.3974736919340978 0.5049429619844543 0.3974736919340978 0.5049429619844543 0.40899356805764425 0.4601496347116399 0.40899356805764425
10 0.46693650248024815 0.4445131861052459 0.5022282148770111 0.4445131861052459 0.5022282148770111 0.4656329589984144 0.46693650248024815 0.4656329589984144
10 0.46286438181908324 0.4848327525376586 0.5090150826456193 0.4848327525376586 0.5090150826456193 0.5011525770460161 0.46286438181908324 0.5011525770460161
10 0.4642217553728049 0.5328322363857689 0.4981560942158461 0.5328322363857689 0.4981560942158461 0.5453121021862777 0.4642217553728049 0.5453121021862777
10 0.4574348876041966 0.5789117408799548 0.5076577090918977 0.5789117408799548 0.5076577090918977 0.5981115344191988 0.4574348876041966 0.5981115344191988
10 0.4655791289265265 0.6317111731128761 0.5035855884307328 0.6317111731128761 0.5035855884307328 0.6461110182673091 0.4655791289265265 0.6461110182673091
10 0.46286438181908324 0.677790677607062 0.5035855884307328 0.677790677607062 0.5035855884307328 0.6931505124384573 0.46286438181908324 0.6931505124384573
7 0.5619526512407638 0.39555371258017347 0.6203197140507947 0.39555371258017347 0.6203197140507947 0.41667348547334204 0.5619526512407638 0.41667348547334204
7 0.5633100247944853 0.4435531964282837 0.6176049669433514 0.4435531964282837 0.6176049669433514 0.45987302093664123 0.5633100247944853 0.45987302093664123
7 0.5619526512407638 0.4819527835067719 0.6243918347119596 0.4819527835067719 0.6243918347119596 0.4982726080151294 0.5619526512407638 0.4982726080151294
7 0.5619526512407638 0.5318722467088067 0.6162475933896298 0.5318722467088067 0.6162475933896298 0.547232081540202 0.5619526512407638 0.547232081540202
7 0.5646673983482063 0.5808317202338791 0.6203197140507947 0.5808317202338791 0.6203197140507947 0.5933115860343877 0.5646673983482063 0.5933115860343877
7 0.5619526512407638 0.6269112247280652 0.6176049669433514 0.6269112247280652 0.6176049669433514 0.645151028590347 0.5619526512407638 0.645151028590347
7 0.5633100247944853 0.677790677607062 0.6148902198359081 0.677790677607062 0.6148902198359081 0.6960304814693438 0.5633100247944853 0.6960304814693438
8 0.6637556677698878 0.3974736919340978 0.7194079834724755 0.3974736919340978 0.7194079834724755 0.4118735370885309 0.6637556677698878 0.4118735370885309
8 0.6488245586789495 0.4445131861052459 0.7248374776873621 0.4445131861052459 0.7248374776873621 0.4627529899675278 0.6488245586789495 0.4627529899675278
8 0.6610409206624442 0.48291277318373416 0.7194079834724754 0.48291277318373416 0.7194079834724754 0.4982726080151294 0.6610409206624442 0.4982726080151294
8 0.6678277884310526 0.5270722983239957 0.7221227305799186 0.5270722983239957 0.7221227305799186 0.5501120505710886 0.6678277884310526 0.5501120505710886
8 0.6528966793401145 0.5827516995878036 0.7180506099187537 0.5827516995878036 0.7180506099187537 0.5961915550652743 0.6528966793401145 0.5961915550652743
8 0.6637556677698878 0.6326711627898383 0.7207653570261969 0.6326711627898383 0.7207653570261969 0.6461110182673091 0.6637556677698878 0.6461110182673091
8 0.6664704148773309 0.677790677607062 0.7221227305799187 0.677790677607062 0.7221227305799187 0.6979504608232684 0.6664704148773309 0.6979504608232684
11 0.7628439371915681 0.393633733226249 0.8062798909106609 0.393633733226249 0.8062798909106609 0.40899356805764425 0.7628439371915681 0.40899356805764425
11 0.7696308049601764 0.4464331654591704 0.8049225173569393 0.4464331654591704 0.8049225173569393 0.4608330106136036 0.7696308049601764 0.4608330106136036
11 0.7669160578527332 0.4809927938298098 0.8117093851255476 0.4809927938298098 0.8117093851255476 0.4992325976920917 0.7669160578527332 0.4992325976920917
11 0.7696308049601764 0.5309122570318445 0.8117093851255477 0.5309122570318445 0.8117093851255477 0.5462720918632399 0.7696308049601764 0.5462720918632399
11 0.7669160578527332 0.5769917615260304 0.8117093851255476 0.5769917615260304 0.8117093851255476 0.5971515447422368 0.7669160578527332 0.5971515447422368
11 0.7737029256213414 0.6278712144050271 0.814424132232991 0.6278712144050271 0.814424132232991 0.6509109666521202 0.7737029256213414 0.6509109666521202
11 0.7709881785138981 0.6768306879300997 0.8103520115718258 0.6768306879300997 0.8103520115718258 0.6979504608232684 0.7709881785138981 0.6979504608232684
5 0.8578600859520836 0.39459372290321126 0.9121550281009496 0.39459372290321126 0.9121550281009496 0.4118735370885309 0.8578600859520836 0.4118735370885309
5 0.8429289768611455 0.44547317578220824 0.9067255338860634 0.44547317578220824 0.9067255338860634 0.4627529899675278 0.8429289768611455 0.4627529899675278
5 0.856502712398362 0.48291277318373416 0.9080829074397847 0.48291277318373416 0.9080829074397847 0.49635262866120505 0.856502712398362 0.49635262866120505
5 0.8578600859520836 0.5309122570318445 0.9040107867786199 0.5309122570318445 0.9040107867786199 0.5443521125093153 0.8578600859520836 0.5443521125093153
5 0.8429289768611455 0.5760317718490682 0.9094402809935065 0.5760317718490682 0.9094402809935065 0.5971515447422368 0.8429289768611455 0.5971515447422368
5 0.8429289768611455 0.6249912453741406 0.9148697752083932 0.6249912453741406 0.9148697752083932 0.6489909872981959 0.8429289768611455 0.6489909872981959
5 0.856502712398362 0.6787506672840241 0.9067255338860634 0.6787506672840241 0.9067255338860634 0.6960304814693438 0.856502712398362 0.6960304814693438
19 0.3963530776867222 0.8025893356121485 0.4316447900834853 0.8025893356121485 0.4316447900834853 0.8189091601205062 0.3963530776867222 0.8189091601205062
17 0.5510936628109906 0.8265890775362038 0.6515393057863927 0.8265890775362038 0.6515393057863927 0.8486688401063346 0.5510936628109906 0.8486688401063346
18 0.6800441504145474 0.8294690465670904 0.7574144429766815 0.8294690465670904 0.7574144429766815 0.8467488607524103 0.6800441504145474 0.8467488607524103
16 0.8212110000015991 0.8246690981822795 0.9121550281009496 0.8246690981822795 0.9121550281009496 0.8467488607524102 0.8212110000015991 0.8467488607524102
