4 0.20998204829526979 0.029808952436208777 0.32618570608973946 0.029808952436208777 0.32618570608973946 0.04783174713779808 0.20998204829526979 0.04783174713779808
3 0.4790852558193048 0.057924512170688086 0.5952889136137745 0.057924512170688086 0.5952889136137745 0.07811004223646809 0.4790852558193048 0.07811004223646809
14 0.07644977486478267 0.21292054660435608 0.2303686549258785 0.21292054660435608 0.2303686549258785 0.22805969415369115 0.07644977486478267 0.22805969415369115
13 0.0856237478485566 0.23022242951788183 0.3312823577473916 0.23022242951788183 0.3312823577473916 0.2597798128284883 0.0856237478485566 0.2597798128284883
15 0.1457642065900967 0.27347711522235607 0.25890991037248157 0.27347711522235607 0.25890991037248157 0.2900580755581484 0.1457642065900967 0.2900580755581484
12 0.13557093409354792 0.29222089723969796 0.3802102136608525 0.29222089723969796 0.3802102136608525 0.3109646037293508 0.13557093409354792 0.3109646037293508
1 0.5004911927814439 0.2150832819685468 0.7746910519631311 0.2150832819685468 0.7746910519631311 0.22805969415369112 0.5004911927814439 0.22805969415369112
0 0.5045685141075658 0.23166425309400898 0.6880479737830442 0.23166425309400898 0.6880479737830442 0.2597798128284883 0.5045685141075658 0.2597798128284883
2 0.563689673336331 0.27780260753007757 0.6758160098046789 0.27780260753007757 0.6758160098046789 0.28933719613909475 0.563689673336331 0.28933719613909475
6 0.14678356774038273 0.3974739643486306 0.3323016880789221 0.3974739643486306 0.3323016880789221 0.43135681838761847 0.14678356774038273 0.43135681838761847
6 0.142706246414261 0.4464959659369535 0.3312823577473916 0.4464959659369535 0.3312823577473916 0.49335523216108573 0.142706246414261 0.49335523216108573
9 0.4056934719491134 0.39675305256056703 0.4413700335526786 0.39675305256056703 0.4413700335526786 0.4097294647457113 0.4056934719491134 0.4097294647457113
9 0.40365481128605263 0.4421704952085721 0.44238936388420913 0.4421704952085721 0.44238936388420913 0.45658873096984354 0.40365481128605263 0.45658873096984354
10 0.45971797952022647 0.3974739643486306 0.5035491837760352 0.3974739643486306 0.5035491837760352 0.4097294647457113 0.45971797952022647 0.4097294647457113
10 0.4627759705148179 0.44289140699663565 0.5096651657652178 0.44289140699663565 0.5096651657652178 0.4601932899101614 0.4627759705148179 0.4601932899101614
7 0.5687863249939832 0.39675305256056703 0.617714180907444 0.39675305256056703 0.617714180907444 0.4133340236860292 0.5687863249939832 0.4133340236860292
7 0.5657283339993918 0.4421704952085721 0.6115981989182614 0.4421704952085721 0.6115981989182614 0.45875146633403424 0.5657283339993918 0.45875146633403424
8 0.6727580188100876 0.3931484936202492 0.729840517375792 0.3931484936202492 0.729840517375792 0.4097294647457113 0.6727580188100876 0.4097294647457113
8 0.6676613671524353 0.44361231878469926 0.7216858747235484 0.44361231878469926 0.7216858747235484 0.4580305545459707 0.6676613671524353 0.4580305545459707
11 0.769594400305479 0.3960321407725035 0.8083289529036356 0.3960321407725035 0.8083289529036356 0.4097294647457113 0.769594400305479 0.4097294647457113
11 0.769594400305479 0.44289140699663565 0.8093482832351662 0.44289140699663565 0.8093482832351662 0.4601932899101614 0.769594400305479 0.4601932899101614
5 0.8623534604747488 0.3953112289844399 0.9102619860566791 0.3953112289844399 0.9102619860566791 0.4118922001099021 0.8623534604747488 0.4118922001099021
5 0.8572568088170966 0.4421704952085721 0.9153586377143315 0.4421704952085721 0.9153586377143315 0.4609142016982249 0.8572568088170966 0.4609142016982249
19 0.39930791499622026 0.5805291922787196 0.4389017377912041 0.5805291922787196 0.4389017377912041 0.5954240639329256 0.39930791499622026 0.5954240639329256
17 0.5694771108384913 0.606148371523954 0.6452950693820777 0.606148371523954 0.6452950693820777 0.6246180123751695 0.5694771108384913 0.6246180123751695
18 0.6933131097930153 0.6073399612562904 0.7489129460583119 0.6073399612562904 0.7489129460583119 0.6222348329104964 0.6933131097930153 0.6222348329104964
16 0.8390520745490196 0.6073399612562904 0.9106579242846289 0.6073399612562904 0.9106579242846289 0.6210432431781598 0.8390520745490196 0.6210432431781598
