4 0.20867978421787753 0.0299475585458705 0.33368898234617045 0.0299475585458705 0.33368898234617045 0.049500119376046516 0.20867978421787753 0.049500119376046516
3 0.47672835328142854 0.056301010099586 0.6041415744506501 0.056301010099586 0.6041415744506501 0.07925401629153174 0.47672835328142854 0.07925401629153174
14 0.07525650544633421 0.214421719421879 0.3757593855624228 0.214421719421879 0.3757593855624228 0.2305738348902852 0.07525650544633421 0.2305738348902852
13 0.07525650544633422 0.23312416891161256 0.31806283258013374 0.23312416891161256 0.31806283258013374 0.26967895655063717 0.07525650544633422 0.26967895655063717
15 0.14256915059233805 0.2747796245932918 0.27599242936388135 0.2747796245932918 0.27599242936388135 0.2917818514021405 0.14256915059233805 0.2917818514021405
12 0.13175104690815886 0.29263196274258296 0.3973955929307812 0.29263196274258296 0.3973955929307812 0.30963418955143174 0.13175104690815886 0.30963418955143174
1 0.5019705952111799 0.21527183076232143 0.6558280698306173 0.21527183076232143 0.6558280698306173 0.22972372354984283 0.5019705952111799 0.22972372354984283
0 0.4947585260883938 0.2322740575711701 0.7519889914677655 0.2322740575711701 0.7519889914677655 0.2637281771675401 0.4947585260883938 0.2637281771675401
2 0.5644751942753263 0.27647984727417674 0.6894843924036191 0.27647984727417674 0.6894843924036191 0.2934820740830255 0.5644751942753263 0.2934820740830255
6 0.13175104690815886 0.3946453235956751 0.3769613970828871 0.3946453235956751 0.3769613970828871 0.4346005565964698 0.13175104690815886 0.4346005565964698
6 0.13175104690815886 0.44480189268177894 0.3769613970828871 0.44480189268177894 0.3769613970828871 0.4847571256825735 0.13175104690815886 0.4847571256825735
6 0.13175104690815886 0.4932582390869977 0.3745573740419584 0.4932582390869977 0.3745573740419584 0.5332134720877921 0.13175104690815886 0.5332134720877921
6 0.1329530584286232 0.5417145854922165 0.3745573740419584 0.5417145854922165 0.3745573740419584 0.5842201525143383 0.1329530584286232 0.5842201525143383
6 0.12733989846647328 0.59196296119478 0.3917824329686312 0.59196296119478 0.3917824329686312 0.6319181941955746 0.12733989846647328 0.6319181941955746
9 0.40139852513234603 0.3947371302121351 0.4470749629099915 0.3947371302121351 0.4470749629099915 0.4117393570209838 0.40139852513234603 0.4117393570209838
9 0.4001965136118817 0.4431934766173541 0.4470749629099915 0.4431934766173541 0.4470749629099915 0.46359614878797234 0.4001965136118817 0.46359614878797234
9 0.4050045596937391 0.4907997116821303 0.4458729513895272 0.4907997116821303 0.4458729513895272 0.5137527178740761 0.4050045596937391 0.5137527178740761
9 0.40139852513234603 0.540956280768234 0.44346892834859847 0.540956280768234 0.44346892834859847 0.5630591756197373 0.40139852513234603 0.5630591756197373
9 0.40139852513234603 0.5885625158330103 0.4458729513895272 0.5885625158330103 0.4458729513895272 0.6098152993440712 0.40139852513234603 0.6098152993440712
10 0.4602970896350994 0.3947371302121351 0.509579561974138 0.3947371302121351 0.509579561974138 0.41598991372319605 0.4602970896350994 0.41598991372319605
10 0.4602970896350994 0.4465939219791237 0.5107815734946023 0.4465939219791237 0.5107815734946023 0.461045814766645 0.4602970896350994 0.461045814766645
10 0.4602970896350994 0.49164982302257276 0.509579561974138 0.49164982302257276 0.509579561974138 0.5120524951931912 0.4602970896350994 0.5120524951931912
10 0.4614991011555638 0.5426565034491189 0.5035695043718162 0.5426565034491189 0.5035695043718162 0.562209064279295 0.4614991011555638 0.562209064279295
10 0.46270111267602815 0.5911128498543378 0.5083775504536735 0.5911128498543378 0.5083775504536735 0.6115155220249562 0.46270111267602815 0.6115155220249562
7 0.5756901955996774 0.3947371302121351 0.6273766909796445 0.3947371302121351 0.6273766909796445 0.4142896910423112 0.5756901955996774 0.4142896910423112
7 0.5792962301610705 0.44489369929823885 0.6213666333773229 0.44489369929823885 0.6213666333773229 0.4644462601284148 0.5792962301610705 0.4644462601284148
7 0.5756901955996774 0.49164982302257276 0.6237706564182515 0.49164982302257276 0.6237706564182515 0.5163030518954034 0.5756901955996774 0.5163030518954034
7 0.5672761149564269 0.540956280768234 0.624972667938716 0.540956280768234 0.624972667938716 0.5630591756197373 0.5672761149564269 0.5630591756197373
7 0.5720841610382844 0.5894126271734528 0.6189626103363941 0.5894126271734528 0.6189626103363941 0.6106654106845137 0.5720841610382844 0.6106654106845137
8 0.6742551402777545 0.39388701887169275 0.7259416356577216 0.39388701887169275 0.7259416356577216 0.4168400250636386 0.6742551402777545 0.4168400250636386
8 0.6814672094005405 0.44489369929823885 0.7247396241372573 0.44489369929823885 0.7247396241372573 0.46359614878797234 0.6814672094005405 0.46359614878797234
8 0.6754571517982189 0.49249993436301515 0.7307496817395791 0.49249993436301515 0.7307496817395791 0.509502161171864 0.6754571517982189 0.509502161171864
8 0.6706491057163614 0.5426565034491189 0.7235376126167931 0.5426565034491189 0.7235376126167931 0.5588086189175251 0.6706491057163614 0.5588086189175251
8 0.6730531287572901 0.5902627385138953 0.7247396241372573 0.5902627385138953 0.7247396241372573 0.6106654106845139 0.6730531287572901 0.6106654106845139
11 0.7620837180550442 0.3921546450657851 0.8149722249554758 0.3921546450657851 0.8149722249554758 0.412727339504492 0.7620837180550442 0.412727339504492
11 0.7673725687450873 0.44358638116255233 0.8123277996104542 0.44358638116255233 0.8123277996104542 0.4650941980757459 0.7673725687450873 0.4650941980757459
11 0.7660503560725764 0.4875371374634263 0.8083611615929218 0.4875371374634263 0.8083611615929218 0.5109151993255932 0.7660503560725764 0.5109151993255932
11 0.7696168327554309 0.5422122903971492 0.811005586937943 0.5422122903971492 0.811005586937943 0.5614069179700623 0.7696168327554309 0.5614069179700623
11 0.7675813202546515 0.592118322086723 0.812362595271796 0.592118322086723 0.812362595271796 0.6079538898343764 0.7675813202546515 0.6079538898343764
5 0.87229215431974 0.3947678944528494 0.9120280723516194 0.3947678944528494 0.9120280723516194 0.4145676326599985 0.87229215431974 0.4145676326599985
5 0.8686797981350236 0.44330918812198916 0.9138342504439776 0.44330918812198916 0.9138342504439776 0.4643863287941157 0.8686797981350236 0.4643863287941157
5 0.8587458186270538 0.4924891830236176 0.9120280723516193 0.4924891830236176 0.9120280723516193 0.5135663236957441 0.8587458186270538 0.5135663236957441
5 0.8614550857655908 0.5410304766927574 0.9129311613977985 0.5410304766927574 0.9129311613977985 0.5608302148999066 0.8614550857655908 0.5608302148999066
5 0.8614550857655908 0.5908491728268747 0.9102218942592613 0.5908491728268747 0.9102218942592613 0.6087328073365578 0.8614550857655908 0.6087328073365578
19 0.39887714205751074 0.7148250778127292 0.4447721273843315 0.7148250778127292 0.4447721273843315 0.7356914470781344 0.39887714205751074 0.7356914470781344
17 0.5616950661931368 0.7387827610433796 0.6480213481173951 0.7387827610433796 0.6480213481173951 0.7596491303087849 0.5616950661931368 0.7596491303087849
18 0.6917308579524625 0.7387827610433796 0.7638515491803235 0.7387827610433796 0.7638515491803235 0.7627404442740301 0.6917308579524625 0.7627404442740301
16 0.8392504536458151 0.7403284180260021 0.9179275713489365 0.7403284180260021 0.9179275713489365 0.7596491303087849 0.8392504536458151 0.7596491303087849
