4 0.2091160166526122 0.02616609783845279 0.33780279613114284 0.02616609783845279 0.33780279613114284 0.05005688282138795 0.2091160166526122 0.05005688282138795
3 0.4697067450966366 0.05574516496018203 0.6096536177795387 0.05574516496018203 0.6096536177795387 0.08191126279863482 0.4697067450966366 0.08191126279863482
14 0.07882065243059998 0.21046643913538116 0.2235932793439469 0.21046643913538116 0.2235932793439469 0.23094425483503989 0.07882065243059998 0.23094425483503989
1 0.49544410099234276 0.21160409556313997 0.6546939905970244 0.21160409556313997 0.6546939905970244 0.23094425483503989 0.49544410099234276 0.23094425483503989
13 0.07399489820015509 0.23208191126279867 0.3426285503615877 0.23208191126279867 0.3426285503615877 0.2696245733788396 0.07399489820015509 0.2696245733788396
15 0.1447726269133469 0.27645051194539255 0.2702422369049142 0.27645051194539255 0.2702422369049142 0.2923777019340159 0.1447726269133469 0.2923777019340159
12 0.13351253370897548 0.29124004550625715 0.38927750792255505 0.29124004550625715 0.38927750792255505 0.310580204778157 0.13351253370897548 0.310580204778157
0 0.4938355162488611 0.23094425483503986 0.7061687023884365 0.23094425483503986 0.7061687023884365 0.267349260523322 0.4938355162488611 0.267349260523322
2 0.5613960754750896 0.27303754266211605 0.6933000244405835 0.27303754266211605 0.6933000244405835 0.29465301478953365 0.5613960754750896 0.29465301478953365
6 0.13672970319593875 0.3970420932878271 0.3442371351050693 0.3970420932878271 0.3442371351050693 0.41183162684869173 0.13672970319593875 0.41183162684869173
6 0.13351253370897548 0.4220705346985211 0.3796259994616653 0.4220705346985211 0.3796259994616653 0.4596131968145621 0.13351253370897548 0.4596131968145621
6 0.13351253370897548 0.4675767918088738 0.3828431689486286 0.4675767918088738 0.3828431689486286 0.50967007963595 0.13351253370897548 0.50967007963595
6 0.1351211184524571 0.5187713310580205 0.3748002452312203 0.5187713310580205 0.3748002452312203 0.5597269624573381 0.1351211184524571 0.5597269624573381
6 0.13351253370897548 0.5665529010238909 0.37480024523122035 0.5665529010238909 0.37480024523122035 0.6075085324232082 0.13351253370897548 0.6075085324232082
6 0.13672970319593875 0.6177474402730376 0.36032298253988565 0.6177474402730376 0.36032298253988565 0.6621160409556315 0.13672970319593875 0.6621160409556315
6 0.1351211184524571 0.665529010238908 0.3748002452312203 0.665529010238908 0.3748002452312203 0.708759954493743 0.1351211184524571 0.708759954493743
9 0.3941032621529999 0.3947667804323094 0.4504037281748571 0.3947667804323094 0.4504037281748571 0.4118316268486917 0.3941032621529999 0.4118316268486917
9 0.39892901638344486 0.41979522184300344 0.45362089766182045 0.41979522184300344 0.45362089766182045 0.44254835039817986 0.39892901638344486 0.44254835039817986
9 0.39571184689648153 0.4675767918088738 0.45522948240530187 0.4675767918088738 0.45522948240530187 0.48805460750853247 0.39571184689648153 0.48805460750853247
9 0.39892901638344486 0.5164960182025029 0.4487951434313755 0.5164960182025029 0.4487951434313755 0.5392491467576793 0.39892901638344486 0.5392491467576793
9 0.402146185870408 0.565415244596132 0.44879514343137544 0.565415244596132 0.44879514343137544 0.5938566552901025 0.402146185870408 0.5938566552901025
9 0.402146185870408 0.6177474402730376 0.4423608044574489 0.6177474402730376 0.4423608044574489 0.6427758816837316 0.402146185870408 0.6427758816837316
9 0.39732043163996317 0.665529010238908 0.4504037281748571 0.665529010238908 0.4504037281748571 0.6882821387940842 0.39732043163996317 0.6882821387940842
10 0.46327240612271015 0.3924914675767918 0.5067041941967142 0.3924914675767918 0.5067041941967142 0.41296928327645055 0.46327240612271015 0.41296928327645055
10 0.45844665189226524 0.4209328782707623 0.5067041941967142 0.4209328782707623 0.5067041941967142 0.44141069397042104 0.45844665189226524 0.44141069397042104
10 0.46327240612271015 0.46416382252559735 0.5099213636836775 0.46416382252559735 0.5099213636836775 0.49601820250284423 0.46327240612271015 0.49601820250284423
10 0.4648809908661918 0.5164960182025029 0.5083127789401958 0.5164960182025029 0.5083127789401958 0.5426621160409557 0.4648809908661918 0.5426621160409557
10 0.4600552366357469 0.5676905574516496 0.516355702657604 0.5676905574516496 0.516355702657604 0.5904436860068261 0.4600552366357469 0.5904436860068261
10 0.45683806714878356 0.6188850967007963 0.5179642874010856 0.6188850967007963 0.5179642874010856 0.6405005688282139 0.45683806714878356 0.6405005688282139
10 0.4616638213792285 0.6632536973833904 0.5099213636836775 0.6632536973833904 0.5099213636836775 0.6916951080773608 0.4616638213792285 0.6916951080773608
7 0.559787490731608 0.39362912400455063 0.6289566347013181 0.39362912400455063 0.6289566347013181 0.41410693970420936 0.559787490731608 0.41410693970420936
7 0.5372673043228652 0.4220705346985211 0.6241308804708734 0.4220705346985211 0.6241308804708734 0.4402730375426621 0.5372673043228652 0.4402730375426621
7 0.5388758890663469 0.4653014789533561 0.6289566347013182 0.4653014789533561 0.6289566347013182 0.48691695108077365 0.5388758890663469 0.48691695108077365
7 0.5517445670141999 0.5187713310580205 0.6257394652143551 0.5187713310580205 0.6257394652143551 0.534698521046644 0.5517445670141999 0.534698521046644
7 0.5437016432967917 0.5665529010238909 0.6305652194447998 0.5665529010238909 0.6305652194447998 0.5904436860068261 0.5437016432967917 0.5904436860068261
7 0.5420930585533101 0.6166097838452788 0.6257394652143551 0.6166097838452788 0.6257394652143551 0.63481228668942 0.5420930585533101 0.63481228668942
7 0.546918812783755 0.664391353811149 0.6321738041882815 0.664391353811149 0.6321738041882815 0.6848691695108077 0.546918812783755 0.6848691695108077
8 0.6579111600839876 0.3947667804323094 0.7302974735406611 0.3947667804323094 0.7302974735406611 0.4129692832764505 0.6579111600839876 0.4129692832764505
8 0.6482596516230978 0.41751990898748587 0.7270803040536978 0.41751990898748587 0.7270803040536978 0.4425483503981799 0.6482596516230978 0.4425483503981799
8 0.6482596516230978 0.4698521046643914 0.7399489820015509 0.4698521046643914 0.7399489820015509 0.49374288964732654 0.6482596516230978 0.49374288964732654
8 0.651476821110061 0.5153583617747441 0.7319060582841426 0.5153583617747441 0.7319060582841426 0.5403868031854381 0.651476821110061 0.5403868031854381
8 0.6450424821361345 0.5642775881683733 0.7335146430276243 0.5642775881683733 0.7335146430276243 0.5927189988623437 0.6450424821361345 0.5927189988623437
8 0.6498682363665794 0.61547212741752 0.7270803040536977 0.61547212741752 0.7270803040536977 0.6359499431171787 0.6498682363665794 0.6359499431171787
8 0.6450424821361345 0.6621160409556315 0.7399489820015509 0.6621160409556315 0.7399489820015509 0.6894197952218432 0.6450424821361345 0.6894197952218432
11 0.7640777531537754 0.39590443686006827 0.8171610496886691 0.39590443686006827 0.8171610496886691 0.41410693970420936 0.7640777531537754 0.41410693970420936
11 0.7672949226407385 0.4220705346985211 0.8155524649451876 0.4220705346985211 0.8155524649451876 0.4402730375426621 0.7672949226407385 0.4402730375426621
11 0.7716892120646609 0.469678909414734 0.8078456508736874 0.469678909414734 0.8078456508736874 0.49090791420243524 0.7716892120646609 0.49090791420243524
11 0.7655494394367132 0.519856557094755 0.8133032265429743 0.519856557094755 0.8133032265429743 0.5391556523563016 0.7655494394367132 0.5391556523563016
11 0.7689604242300176 0.5676218178670825 0.8133032265429744 0.5676218178670825 0.8133032265429744 0.586920913128629 0.7689604242300176 0.586920913128629
11 0.7703248181473392 0.6163520334024876 0.8126210295843133 0.6163520334024876 0.8126210295843133 0.6342036965194181 0.7703248181473392 0.6342036965194181
11 0.7646847766294758 0.6626385395985899 0.8130269176807645 0.6626385395985899 0.8130269176807645 0.6875036483263285 0.7646847766294758 0.6875036483263285
5 0.8459874683975522 0.3945615861276577 0.9163033099266994 0.3945615861276577 0.9163033099266994 0.4139874523212035 0.8459874683975522 0.4139874523212035
5 0.8393953582541928 0.4186496602076541 0.9195993649983754 0.4186496602076541 0.9195993649983754 0.4466229075263596 0.8393953582541928 0.4466229075263596
5 0.836099303182516 0.4660487737199063 0.9141059398789138 0.4660487737199063 0.9141059398789138 0.4885827785044194 0.836099303182516 0.4885827785044194
5 0.8339019331347298 0.5196641644140927 0.9163033099266994 0.5196641644140927 0.9163033099266994 0.537535961312155 0.8339019331347298 0.537535961312155
5 0.836099303182516 0.5655092086308607 0.9108098848072347 0.5655092086308607 0.9108098848072347 0.5864891441198902 0.836099303182516 0.5864891441198902
5 0.8437900983497663 0.6160164607340798 0.9097111997833419 0.6160164607340798 0.9097111997833419 0.6408815694618186 0.8437900983497663 0.6408815694618186
5 0.8382966732303017 0.6634155742463317 0.9163033099266994 0.6634155742463317 0.9163033099266994 0.6906117869172959 0.8382966732303017 0.6906117869172959
19 0.3891542354628741 0.7867043777121911 0.45199901882954946 0.7867043777121911 0.45199901882954946 0.8140559973127035 0.3891542354628741 0.8140559973127035
17 0.5317635515641759 0.8149107354252194 0.6526189041923977 0.8149107354252194 0.6526189041923977 0.8362791882381198 0.5317635515641759 0.8362791882381198
18 0.6634958859289377 0.8166202116502516 0.7710571497680551 0.8166202116502516 0.7710571497680551 0.835424450125604 0.6634958859289377 0.835424450125604
16 0.8109394161353681 0.8140559973127034 0.9172921264482033 0.8140559973127034 0.9172921264482033 0.8354244501256037 0.8109394161353681 0.8354244501256037
