4 0.20686377774578543 0.029742373267342817 0.33239315516467743 0.029742373267342817 0.33239315516467743 0.048903410242003266 0.20686377774578543 0.048903410242003266
3 0.4814028477842255 0.05784522749684481 0.6042229580645802 0.05784522749684481 0.6042229580645802 0.07764496570399394 0.4814028477842255 0.07764496570399394
14 0.08043131128071439 0.21560443192154918 0.2953665042713352 0.21560443192154918 0.2953665042713352 0.22965585903630015 0.08043131128071439 0.22965585903630015
13 0.07862513318835623 0.23093326150127746 0.3269746208876029 0.23093326150127746 0.3269746208876029 0.2635070243582002 0.07862513318835623 0.2635070243582002
15 0.14455063355942896 0.2762810490079739 0.26285529860888834 0.2762810490079739 0.26285529860888834 0.29097117735521355 0.14455063355942896 0.29097117735521355
12 0.13281047595910095 0.29097117735521355 0.3929001212586757 0.29097117735521355 0.3929001212586757 0.310132214329874 0.13281047595910095 0.310132214329874
1 0.496329661238009 0.2139393531421865 0.6441078687945854 0.2139393531421865 0.6441078687945854 0.23135847766460507 0.496329661238009 0.23135847766460507
0 0.49386669111206605 0.2313584776646051 0.8033799369388956 0.2313584776646051 0.8033799369388956 0.26503545174128107 0.49386669111206605 0.26503545174128107
2 0.5628298546384685 0.2749062889706517 0.6958302414393871 0.2749062889706517 0.6958302414393871 0.295809238397554 0.5628298546384685 0.295809238397554
6 0.13836887452989893 0.39562170929905977 0.36498926628332673 0.39562170929905977 0.36498926628332673 0.424893516347752 0.13836887452989893 0.424893516347752
6 0.13701186619604608 0.4320915016875945 0.3643107621164003 0.4320915016875945 0.3643107621164003 0.4738398166586804 0.13701186619604608 0.4738398166586804
6 0.13701186619604608 0.4815176676878455 0.3568472162802096 0.4815176676878455 0.3568472162802096 0.513188803183152 0.13701186619604608 0.513188803183152
9 0.39995132583893345 0.39458977372777787 0.44490655670430035 0.39458977372777787 0.44490655670430035 0.4132922232175115 0.39995132583893345 0.4132922232175115
9 0.39730690049391176 0.43105955023275816 0.44490655670430024 0.43105955023275816 0.44490655670430024 0.4535024896204384 0.39730690049391176 0.4535024896204384
9 0.3986291131664227 0.4796859189060656 0.44755098204932187 0.4796859189060656 0.44755098204932187 0.5011937358192592 0.3986291131664227 0.5011937358192592
10 0.4581286834294083 0.39458977372777787 0.5070505523123074 0.39458977372777787 0.5070505523123074 0.41235710074302484 0.4581286834294083 0.41235710074302484
10 0.46077310877442973 0.4310595502327583 0.5110171903298398 0.4310595502327583 0.5110171903298398 0.452567367145952 0.46077310877442973 0.452567367145952
10 0.459450896101919 0.4806210413805523 0.5110171903298398 0.4806210413805523 0.5110171903298398 0.5011937358192592 0.459450896101919 0.5011937358192592
7 0.5559724211952067 0.39458977372777787 0.6260496928382787 0.39458977372777787 0.6260496928382787 0.4151624681664847 0.5559724211952067 0.4151624681664847
7 0.566550122575293 0.4310595502327583 0.6247274801657678 0.4310595502327583 0.6247274801657678 0.45069712219697866 0.566550122575293 0.45069712219697866
7 0.566550122575293 0.478750796431579 0.6247274801657678 0.478750796431579 0.6247274801657678 0.5011937358192593 0.566550122575293 0.5011937358192593
8 0.6577827969785375 0.39552489620226455 0.7305044939666309 0.39552489620226455 0.7305044939666309 0.4132922232175116 0.6577827969785375 0.4132922232175116
8 0.6617494349960699 0.431994672707245 0.7305044939666309 0.431994672707245 0.7305044939666309 0.45537273456941196 0.6617494349960699 0.45537273456941196
8 0.6630716476685808 0.4806210413805523 0.7344711319841635 0.4806210413805523 0.7344711319841635 0.5011937358192592 0.6630716476685808 0.5011937358192592
11 0.7622375981068898 0.3908492838298312 0.8204149556973647 0.3908492838298312 0.8204149556973647 0.4132922232175115 0.7622375981068898 0.4132922232175115
11 0.7648820234519116 0.431994672707245 0.8204149556973648 0.431994672707245 0.8204149556973648 0.45443761209492534 0.7648820234519116 0.45443761209492534
11 0.7622375981068898 0.4806210413805523 0.824381593714897 0.4806210413805523 0.824381593714897 0.502128858293746 0.7622375981068898 0.502128858293746
5 0.8468592091475806 0.39458977372777787 0.9142920554456311 0.39458977372777787 0.9142920554456311 0.4132922232175115 0.8468592091475806 0.4132922232175115
5 0.8455369964750696 0.431994672707245 0.9103254174280985 0.431994672707245 0.9103254174280985 0.45443761209492534 0.8455369964750696 0.45443761209492534
5 0.857436910527667 0.4806210413805524 0.9142920554456309 0.4806210413805524 0.9142920554456309 0.5058693481916928 0.857436910527667 0.5058693481916928
19 0.39466247514889025 0.5947059832679272 0.45151762006685425 0.5947059832679272 0.45151762006685425 0.6152786777066341 0.39466247514889025 0.6152786777066341
17 0.5572946338677175 0.6199542900790674 0.6485273082709619 0.6199542900790674 0.6485273082709619 0.6367864946198276 0.5572946338677175 0.6367864946198276
18 0.6829048377562423 0.6199542900790674 0.767526448796933 0.6199542900790674 0.767526448796933 0.6377216170943145 0.6829048377562423 0.6377216170943145
16 0.8323148697499617 0.6190191676045809 0.9129698427731199 0.6190191676045809 0.9129698427731199 0.6377216170943145 0.8323148697499617 0.6377216170943145
