4 0.20817814922266703 0.024734982332155476 0.3297541883687046 0.024734982332155476 0.3297541883687046 0.05182567726737338 0.20817814922266703 0.05182567726737338
3 0.4796424558090248 0.05653710247349823 0.5945567941799371 0.05653710247349823 0.5945567941799371 0.07773851590106005 0.4796424558090248 0.07773851590106005
14 0.08160583449528548 0.21319199057714958 0.2148398499977924 0.21319199057714958 0.2148398499977924 0.23085983510011776 0.08160583449528548 0.23085983510011776
13 0.08160583449528548 0.2332155477031802 0.3197616372060166 0.2332155477031802 0.3197616372060166 0.270906949352179 0.08160583449528548 0.270906949352179
15 0.14489199185897625 0.2744405182567727 0.2631371806174511 0.2744405182567727 0.2631371806174511 0.28975265017667845 0.14489199185897625 0.28975265017667845
12 0.1332340155025069 0.28975265017667845 0.38304779456970733 0.28975265017667845 0.38304779456970733 0.3085983510011779 0.1332340155025069 0.3085983510011779
1 0.4962967077468383 0.2143698468786808 0.6978131561943801 0.2143698468786808 0.6978131561943801 0.2273262661955241 0.4962967077468383 0.2273262661955241
0 0.49962755813440063 0.232037691401649 0.7544376127829451 0.232037691401649 0.7544376127829451 0.25912838633686686 0.49962755813440063 0.25912838633686686
2 0.5662445658856543 0.2756183745583039 0.6761626286752225 0.2756183745583039 0.6761626286752225 0.29210836277974095 0.5662445658856543 0.29210836277974095
6 0.13489944069628823 0.39693757361601884 0.366393542631894 0.39693757361601884 0.366393542631894 0.44051825677267376 0.13489944069628823 0.44051825677267376
6 0.13656486589006958 0.4428739693757361 0.33974673953139256 0.4428739693757361 0.33974673953139256 0.48763250883392223 0.13656486589006958 0.48763250883392223
6 0.14322656666519493 0.4911660777385159 0.356400991469206 0.4911660777385159 0.356400991469206 0.5323910482921084 0.14322656666519493 0.5323910482921084
6 0.14655741705275757 0.5465253239104829 0.3580664166629874 0.5465253239104829 0.3580664166629874 0.5806831566548881 0.14655741705275757 0.5806831566548881
6 0.13656486589006958 0.5901060070671379 0.34640844030651796 0.5901060070671379 0.34640844030651796 0.6336866902237926 0.13656486589006958 0.6336866902237926
9 0.396371196119958 0.392226148409894 0.46132277867743016 0.392226148409894 0.46132277867743016 0.4193168433451119 0.396371196119958 0.4193168433451119
9 0.40136747170130205 0.43934040047114253 0.4496648023209608 0.43934040047114253 0.4496648023209608 0.45700824499411075 0.40136747170130205 0.45700824499411075
9 0.3997020465075207 0.4946996466431096 0.4596573534836488 0.4946996466431096 0.4596573534836488 0.5147232037691402 0.3997020465075207 0.5147232037691402
9 0.40136747170130205 0.5382803297997645 0.4463339519333981 0.5382803297997645 0.4463339519333981 0.5571260306242638 0.40136747170130205 0.5571260306242638
9 0.40136747170130205 0.5865724381625441 0.4463339519333981 0.5865724381625441 0.4463339519333981 0.6089517078916371 0.40136747170130205 0.6089517078916371
10 0.4629882038712115 0.3957597173144876 0.514616384878433 0.3957597173144876 0.514616384878433 0.40989399293286216 0.4629882038712115 0.40989399293286216
10 0.4613227786774301 0.4440518256772673 0.5079546841033076 0.4440518256772673 0.5079546841033076 0.46054181389870436 0.4613227786774301 0.46054181389870436
10 0.4663190542587741 0.4958775029446408 0.5029584085219636 0.4958775029446408 0.5029584085219636 0.5100117785630152 0.4663190542587741 0.5100117785630152
10 0.4596573534836488 0.5429917550058893 0.5096201092970889 0.5429917550058893 0.5096201092970889 0.558303886925795 0.4596573534836488 0.558303886925795
10 0.4596573534836488 0.591283863368669 0.514616384878433 0.591283863368669 0.514616384878433 0.6124852767962309 0.4596573534836488 0.6124852767962309
7 0.574571691854561 0.392226148409894 0.6261998728617824 0.392226148409894 0.6261998728617824 0.4122497055359246 0.574571691854561 0.4122497055359246
7 0.5679099910794357 0.44051825677267376 0.6295307232493451 0.44051825677267376 0.6295307232493451 0.4664310954063604 0.5679099910794357 0.4664310954063604
7 0.5662445658856543 0.48998822143698467 0.6195381720866571 0.48998822143698467 0.6195381720866571 0.5100117785630152 0.5662445658856543 0.5100117785630152
7 0.5662445658856543 0.5394581861012956 0.6261998728617824 0.5394581861012956 0.6261998728617824 0.558303886925795 0.5662445658856543 0.558303886925795
7 0.579567967435905 0.5842167255594818 0.6345269988306891 0.5842167255594818 0.6345269988306891 0.6042402826855123 0.579567967435905 0.6042402826855123
8 0.6794934790627852 0.3957597173144876 0.7227945341011001 0.3957597173144876 0.7227945341011001 0.41460541813898705 0.6794934790627852 0.41460541813898705
8 0.6628392271249719 0.44051825677267376 0.7294562348762255 0.44051825677267376 0.7294562348762255 0.464075382803298 0.6628392271249719 0.464075382803298
8 0.6744972034814413 0.492343934040047 0.7261253844886626 0.492343934040047 0.7261253844886626 0.5147232037691402 0.6744972034814413 0.5147232037691402
8 0.6728317782876598 0.5429917550058893 0.7211291089073186 0.5429917550058893 0.7211291089073186 0.5618374558303887 0.6728317782876598 0.5618374558303887
8 0.6828243294503479 0.591283863368669 0.7194636837135373 0.591283863368669 0.7194636837135373 0.6089517078916371 0.6828243294503479 0.6089517078916371
11 0.7677610143331961 0.3910482921083628 0.8143929197590735 0.3910482921083628 0.8143929197590735 0.41224970553592466 0.7677610143331961 0.41224970553592466
11 0.769426439526978 0.4464459710430232 0.8177237701466368 0.4464459710430232 0.8177237701466368 0.4664695281690539 0.769426439526978 0.4664695281690539
11 0.7714371190249527 0.4922109268992214 0.8117669416013242 0.4922109268992214 0.8117669416013242 0.5126888975065905 0.7714371190249527 0.5126888975065905
11 0.7631643349067226 0.5375550046726815 0.811766941601324 0.5375550046726815 0.811766941601324 0.5602270435594116 0.7631643349067226 0.5602270435594116
11 0.7693689229953953 0.5894812872842246 0.8241761177786694 0.5894812872842246 0.8241761177786694 0.610690613984714 0.7693689229953953 0.610690613984714
5 0.8603695482959259 0.39713463479357936 0.9120744490348638 0.39713463479357936 0.9120744490348638 0.4117617566559859 0.8603695482959259 0.4117617566559859
5 0.8562331562368108 0.44540413693952063 0.9110403510200851 0.44540413693952063 0.9110403510200851 0.45856854661568663 0.8562331562368108 0.45856854661568663
5 0.8562331562368108 0.495867707364823 0.9069039589609701 0.495867707364823 0.9069039589609701 0.5097634731341092 0.8562331562368108 0.5097634731341092
5 0.866574136384598 0.5455999216970058 0.9141426450644207 0.5455999216970058 0.9141426450644207 0.5580329752800508 0.866574136384598 0.5580329752800508
5 0.8727787244732708 0.5916753555635855 0.9079380569757485 0.5916753555635855 0.9079380569757485 0.6099592578915936 0.8727787244732708 0.6099592578915936
19 0.39088904958637016 0.7130804670215593 0.43535526422185666 0.7130804670215593 0.43535526422185666 0.7357525059082892 0.39088904958637016 0.7357525059082892
17 0.5666857120987588 0.7423347107463723 0.650447651295838 0.7423347107463723 0.650447651295838 0.7562304765156583 0.5666857120987588 0.7562304765156583
18 0.6866410818130947 0.743797422932613 0.75695974681805 0.743797422932613 0.75695974681805 0.75988725698126 0.6866410818130947 0.75988725698126
16 0.8396875880003506 0.7408719985601315 0.9141426450644212 0.7408719985601315 0.9141426450644212 0.7584245447950193 0.8396875880003506 0.7584245447950193
