4 0.21000990369316405 0.028169014084507046 0.3331191575822602 0.028169014084507046 0.3331191575822602 0.05249679897567221 0.21000990369316405 0.05249679897567221
3 0.476143143718122 0.05377720870678617 0.602873258015721 0.05377720870678617 0.602873258015721 0.0793854033290653 0.476143143718122 0.0793854033290653
14 0.07835790540399667 0.21281622312120485 0.31986563421946207 0.21281622312120485 0.31986563421946207 0.23009409140549883 0.07835790540399667 0.23009409140549883
13 0.07626390775530768 0.22960043802594762 0.41200153076177837 0.22960043802594762 0.41200153076177837 0.2700800151491506 0.07626390775530768 0.2700800151491506
15 0.14606382937827456 0.27600385570376573 0.2668176937860072 0.27600385570376573 0.2668176937860072 0.29180076384940595 0.14606382937827456 0.29180076384940595
12 0.13280184426991085 0.29180076384940595 0.3903635550586586 0.29180076384940595 0.3903635550586586 0.31006593889280243 0.13280184426991085 0.31006593889280243
1 0.4945860899375838 0.21312064587765245 0.6322524753545613 0.21312064587765245 0.6322524753545613 0.23163758414462007 0.4945860899375838 0.23163758414462007
0 0.4945860899375838 0.23223490473387712 0.7961008113723138 0.23223490473387712 0.7961008113723138 0.2710607430355835 0.4945860899375838 0.2710607430355835
2 0.5646861512235293 0.2746446665711256 0.6812380603495595 0.2746446665711256 0.6812380603495595 0.2961482077843783 0.5646861512235293 0.2961482077843783
6 0.13568776518146144 0.3966663733913024 0.361839511239874 0.3966663733913024 0.361839511239874 0.42332365588707027 0.13568776518146144 0.42332365588707027
6 0.1370837636139208 0.4336903768576466 0.35765151594249606 0.4336903768576466 0.35765151594249606 0.47416995398084966 0.1370837636139208 0.47416995398084966
6 0.13429176674900212 0.4820684080536699 0.3422955331854434 0.4820684080536699 0.3422955331854434 0.5126749175858477 0.13429176674900212 0.5126749175858477
9 0.4051154626461136 0.39567906663219987 0.4428074203225159 0.39567906663219987 0.4428074203225159 0.4124632815369426 0.4051154626461136 0.4124632815369426
9 0.40371946421365423 0.4336903768576466 0.44420341875497504 0.4336903768576466 0.44420341875497504 0.44948728500328683 0.40371946421365423 0.44948728500328683
9 0.3988334697000466 0.48305571481277243 0.4476934148361234 0.48305571481277243 0.4476934148361234 0.499839929717515 0.3988334697000466 0.499839929717515
10 0.46025740072825744 0.3976536801504049 0.5084193466481045 0.3976536801504049 0.5084193466481045 0.4134505882960451 0.46025740072825744 0.4134505882960451
10 0.4588614022957981 0.43467768361674913 0.5077213474318749 0.43467768361674913 0.5077213474318749 0.45096824514194067 0.4588614022957981 0.45096824514194067
10 0.4616533991607167 0.48256206143322106 0.5098153450805639 0.48256206143322106 0.5098153450805639 0.5008272364766176 0.4616533991607167 0.5008272364766176
7 0.5747292721899231 0.39419810649354614 0.6214952196773109 0.39419810649354614 0.6214952196773109 0.4139442416755964 0.5747292721899231 0.4139442416755964
7 0.5684472792438561 0.4336903768576466 0.6221932188935405 0.4336903768576466 0.6221932188935405 0.4509682451419407 0.5684472792438561 0.4509682451419407
7 0.5670512808113967 0.48256206143322106 0.6214952196773108 0.48256206143322106 0.6214952196773108 0.49934627633796386 0.5670512808113967 0.49934627633796386
8 0.679007440385957 0.39530258730170126 0.7240601170698721 0.39530258730170126 0.7240601170698721 0.41415117088456743 0.679007440385957 0.41415117088456743
8 0.6745656271917683 0.4334485302670258 0.7240601170698721 0.4334485302670258 0.7240601170698721 0.4518483380502998 0.6745656271917683 0.4518483380502998
8 0.6612401876092018 0.4805699892241911 0.722791027585818 0.4805699892241911 0.722791027585818 0.49941857280705726 0.6612401876092018 0.49941857280705726
11 0.7697473384958138 0.3962001389008855 0.810992746727567 0.3962001389008855 0.810992746727567 0.41280484348579133 0.7697473384958138 0.41280484348579133
11 0.767209159527706 0.43120465126906554 0.8116272914695941 0.43120465126906554 0.8116272914695941 0.4491556832527475 0.767209159527706 0.4491556832527475
11 0.76847824901176 0.47967243762500705 0.812896380953648 0.47967243762500705 0.812896380953648 0.5007649002058334 0.76847824901176 0.5007649002058334
5 0.8734287370871738 0.396593492658079 0.9134050558348731 0.396593492658079 0.9134050558348731 0.41274942144339277 0.8734287370871738 0.41274942144339277
5 0.8607378422466343 0.43294433242503505 0.910866876866765 0.43294433242503505 0.910866876866765 0.4495490370099411 0.8607378422466343 0.4495490370099411
5 0.8531233053423107 0.48096334298138466 0.9121359663508191 0.48096334298138466 0.9121359663508191 0.49891437496506674 0.8531233053423107 0.49891437496506674
19 0.40053038238428146 0.5954305026696106 0.4410701768629007 0.5954305026696106 0.4410701768629007 0.612155479168807 0.40053038238428146 0.612155479168807
17 0.5643787184020339 0.6211152880076625 0.6530595188240133 0.6211152880076625 0.6530595188240133 0.639034905685373 0.5643787184020339 0.639034905685373
18 0.680930627528064 0.6211152880076625 0.7679222698467677 0.6211152880076625 0.7679222698467677 0.6366456233283452 0.680930627528064 0.6366456233283452
16 0.8344851716691531 0.6180112403436683 0.9134815328912066 0.6180112403436683 0.9134815328912066 0.6372765621885073 0.8344851716691531 0.6372765621885073
