4 0.20923421498718572 0.028458020083337542 0.33352220620319994 0.028458020083337542 0.33352220620319994 0.05090095947101784 0.20923421498718572 0.05090095947101784
3 0.47896560017938683 0.05744681679242459 0.5939981026878256 0.05744681679242459 0.5939981026878256 0.07895463370561821 0.47896560017938683 0.07895463370561821
14 0.07810310256521237 0.2118936286608896 0.18136791228830504 0.2118936286608896 0.18136791228830504 0.23143768837766118 0.07810310256521237 0.23143768837766118
13 0.07810310256521237 0.23246632309959658 0.3049947971680639 0.23246632309959658 0.3049947971680639 0.26538263420152763 0.07810310256521237 0.26538263420152763
15 0.1464614977340202 0.2756689814208811 0.2657250807944934 0.2756689814208811 0.2657250807944934 0.29109850224991124 0.1464614977340202 0.29109850224991124
12 0.13482602621592527 0.29212713697184667 0.3966241353730616 0.29212713697184667 0.3966241353730616 0.30961392724474757 0.13482602621592527 0.30961392724474757
1 0.4984345111563924 0.21497953282669557 0.6060626226987708 0.21497953282669557 0.6060626226987708 0.23143768837766118 0.4984345111563924 0.23143768837766118
0 0.49698007721663057 0.2334949578215319 0.7398705451568626 0.2334949578215319 0.7398705451568626 0.26538263420152763 0.49698007721663057 0.26538263420152763
2 0.5624296045059147 0.27669761614281646 0.7006008287832922 0.27669761614281646 0.7006008287832922 0.29418440641571736 0.5624296045059147 0.29418440641571736
6 0.1421957773954414 0.39565631017275105 0.3115701280063277 0.39565631017275105 0.3115701280063277 0.41420419396422237 0.1421957773954414 0.41420419396422237
6 0.1389175641578113 0.4219324788773344 0.3585578510790245 0.4219324788773344 0.3585578510790245 0.4621195604255223 0.1389175641578113 0.4621195604255223
6 0.1367320886660579 0.46907501684732467 0.3738561795212987 0.46907501684732467 0.3738561795212987 0.5100349268868236 0.1367320886660579 0.5100349268868236
6 0.136732088666058 0.5208545257651824 0.3683924907919153 0.5208545257651824 0.3683924907919153 0.5618144358046816 0.136732088666058 0.5618144358046816
9 0.3978964099305858 0.39565631017275105 0.4437913952574065 0.39565631017275105 0.4437913952574065 0.41111287999897717 0.3978964099305858 0.41111287999897717
9 0.4011746231682159 0.42425096435126947 0.44379139525740663 0.42425096435126947 0.44379139525740663 0.44048036266880675 0.4011746231682159 0.44048036266880675
9 0.4022673609140925 0.46907501684732494 0.4525332972244201 0.46907501684732494 0.4525332972244201 0.48994138611273014 0.4022673609140925 0.48994138611273014
9 0.4000818854223391 0.5200816972738711 0.4437913952574065 0.5200816972738711 0.4437913952574065 0.537856752574031 0.4000818854223391 0.537856752574031
10 0.4623679369373102 0.39565631017275105 0.5071701845182544 0.39565631017275105 0.5071701845182544 0.41420419396422237 0.4623679369373102 0.41420419396422237
10 0.46018246144555675 0.4227053073686468 0.5049847090265009 0.4227053073686468 0.5049847090265009 0.4389347056861841 0.46018246144555675 0.4389347056861841
10 0.4623679369373102 0.47293915930388153 0.5049847090265009 0.47293915930388153 0.5049847090265009 0.48530441516486245 0.4623679369373102 0.48530441516486245
10 0.4590897236996802 0.5200816972738711 0.5137266109935145 0.5200816972738711 0.5137266109935145 0.5386295810653422 0.4590897236996802 0.5386295810653422
7 0.5683634982873488 0.39720196715537365 0.6208149100894297 0.39720196715537365 0.6208149100894297 0.41420419396422237 0.5683634982873488 0.41420419396422237
7 0.5421377923863083 0.4219324788773353 0.6219076478353064 0.4219324788773353 0.6219076478353064 0.43816187719487276 0.5421377923863083 0.43816187719487276
7 0.5454160056239383 0.4706206738299476 0.6240931233270597 0.4706206738299476 0.6240931233270597 0.48762290063879626 0.5454160056239383 0.48762290063879626
7 0.5443232678780616 0.5193088687825599 0.6219076478353064 0.5193088687825599 0.6219076478353064 0.5378567525740311 0.5443232678780616 0.5378567525740311
8 0.6606576581369381 0.39573962108411437 0.7251291851436624 0.39573962108411437 0.7251291851436624 0.4119690194016517 0.6606576581369381 0.4119690194016517
8 0.6398956409652812 0.4212429612973873 0.7284073983812928 0.4212429612973873 0.7284073983812928 0.4374723596149247 0.6398956409652812 0.4374723596149247
8 0.6453593296946646 0.471476813232622 0.722943709651909 0.471476813232622 0.722943709651909 0.48616055456753693 0.6453593296946646 0.48616055456753693
8 0.6475448051864179 0.5209378366765456 0.7295001361271694 0.5209378366765456 0.7295001361271694 0.5379400634853942 0.6475448051864179 0.5379400634853942
11 0.7677459572328533 0.3949667925928029 0.8114554670679208 0.3949667925928029 0.8114554670679208 0.4111961909103403 0.7677459572328533 0.4111961909103403
11 0.7732096459622367 0.4212429612973873 0.810362729322044 0.4212429612973873 0.810362729322044 0.4421093305627925 0.7732096459622367 0.4421093305627925
11 0.7710241704704809 0.47147681323262114 0.8136409425596717 0.47147681323262114 0.8136409425596717 0.4923431824980267 0.7710241704704809 0.4923431824980267
11 0.7655604817411 0.519392179693923 0.8169191557973041 0.519392179693923 0.8169191557973041 0.537167234994083 0.7655604817411 0.537167234994083
5 0.8529795014112349 0.3972852780667368 0.9119873396885758 0.3972852780667368 0.9119873396885758 0.41196901940165165 0.8529795014112349 0.41196901940165165
5 0.8322174842395776 0.4212429612973873 0.9152655529262058 0.4212429612973873 0.9152655529262058 0.4390180165975473 0.8322174842395776 0.4390180165975473
5 0.8354956974772079 0.47070398474131087 0.9130800774344525 0.47070398474131087 0.9130800774344525 0.48693338305884815 0.8354956974772079 0.48693338305884815
5 0.8387739107148379 0.5209378366765456 0.9141728151803292 0.5209378366765456 0.9141728151803292 0.5379400634853942 0.8387739107148379 0.5379400634853942
19 0.3896586971595201 0.6422719098124205 0.4421101089616011 0.6422719098124205 0.4421101089616011 0.6623654505865143 0.3896586971595201 0.6623654505865143
17 0.5393637683446261 0.6716393924822499 0.6497302806781712 0.6716393924822499 0.6497302806781712 0.6855503053258536 0.5393637683446261 0.6855503053258536
18 0.6617503958828148 0.6708665639909387 0.7655604817411 0.6708665639909387 0.7655604817411 0.687095962308476 0.6617503958828148 0.687095962308476
16 0.8081772538302907 0.6700937354996275 0.9141728151803292 0.6700937354996275 0.9141728151803292 0.6870959623084761 0.8081772538302907 0.6870959623084761
