4 0.21048770903709899 0.030679143193188523 0.32736886084427613 0.030679143193188523 0.32736886084427613 0.04649295269182354 0.21048770903709899 0.04649295269182354
3 0.4838879684817132 0.05511866696380628 0.5977200467634858 0.05511866696380628 0.5977200467634858 0.07668295264376312 0.4838879684817132 0.07668295264376312
14 0.08242662097010496 0.21541319051815214 0.1789806159412512 0.21541319051815214 0.1789806159412512 0.2305081904941219 0.08242662097010496 0.2305081904941219
13 0.07734483176109731 0.2326646190621176 0.3050089883246422 0.2326646190621176 0.3050089883246422 0.2599793809233963 0.07734483176109731 0.2599793809233963
15 0.14645716500360198 0.2757931904220312 0.26435467465258056 0.2757931904220312 0.26435467465258056 0.290888190398001 0.14645716500360198 0.290888190398001
12 0.1362935865855866 0.2930446189659967 0.3842848999851623 0.2930446189659967 0.3842848999851623 0.30670199989663616 0.1362935865855866 0.30670199989663616
1 0.5031987674759425 0.21325676195015647 0.733911997564892 0.21325676195015647 0.733911997564892 0.2305081904941219 0.5031987674759425 0.2305081904941219
0 0.5011660517923394 0.23266461906211755 0.7471246495083119 0.23266461906211755 0.7471246495083119 0.2578229523554004 0.5011660517923394 0.2578229523554004
2 0.5672293115094394 0.27651199994469644 0.6729305270567996 0.27651199994469644 0.6729305270567996 0.2916069999206662 0.5672293115094394 0.2916069999206662
6 0.13773681472094468 0.39340884961822975 0.3492612087566811 0.39340884961822975 0.3492612087566811 0.4351573066946262 0.13773681472094468 0.4351573066946262
9 0.40337210025419507 0.3977576472303543 0.4414956829001709 0.3977576472303543 0.4414956829001709 0.4116737995891531 0.40337210025419507 0.4116737995891531
10 0.46240216370602855 0.3968878877079295 0.5017555393405841 0.3968878877079295 0.5017555393405841 0.4125435591115782 0.46240216370602855 0.4125435591115782
7 0.5706239467010564 0.3977576472303543 0.6185858732556713 0.3977576472303543 0.6185858732556713 0.4108040400667282 0.5706239467010564 0.4108040400667282
8 0.6653180068217059 0.39601812818550447 0.7206586913077998 0.39601812818550447 0.7206586913077998 0.414283078156428 0.6653180068217059 0.414283078156428
11 0.7735397898167339 0.3942786091406546 0.8141229584398694 0.3942786091406546 0.8141229584398694 0.4151528376788529 0.7735397898167339 0.4151528376788529
5 0.8522465410858451 0.3977576472303543 0.9125063975262585 0.3977576472303543 0.9125063975262585 0.4116737995891531 0.8522465410858451 0.4116737995891531
6 0.13896660770952454 0.44472466144130046 0.36032934565389996 0.44472466144130046 0.36032934565389996 0.484733599472847 0.13896660770952454 0.484733599472847
9 0.40460189324277496 0.44646418048615016 0.4414956829001709 0.44646418048615016 0.4414956829001709 0.4586408138000992 0.40460189324277496 0.4586408138000992
10 0.45871278474028904 0.4482036995310001 0.5066747112949036 0.4482036995310001 0.5066747112949036 0.460380332844949 0.45871278474028904 0.460380332844949
7 0.5730835326782162 0.4482036995310001 0.6185858732556712 0.4482036995310001 0.6185858732556712 0.46211985188979887 0.5730835326782162 0.46211985188979887
8 0.6628584208445462 0.44298514239645054 0.7206586913077999 0.44298514239645054 0.7206586913077999 0.4612500923673741 0.6628584208445462 0.4612500923673741
11 0.7698504108509944 0.4482036995310001 0.8092037864855498 0.4482036995310001 0.8092037864855498 0.46211985188979887 0.7698504108509944 0.46211985188979887
5 0.854706127063005 0.44559442096372526 0.9125063975262585 0.44559442096372526 0.9125063975262585 0.4595105733225241 0.854706127063005 0.4595105733225241
6 0.13773681472094468 0.4934311946970963 0.34311224381378186 0.4934311946970963 0.34311224381378186 0.5308308541613681 0.13773681472094468 0.5308308541613681
6 0.1401964006981044 0.543007487475317 0.35172079473384077 0.543007487475317 0.35172079473384077 0.5830164255068636 0.1401964006981044 0.5830164255068636
6 0.14142619368668427 0.5943232992983876 0.36032934565389996 0.5943232992983876 0.36032934565389996 0.6325927182850845 0.14142619368668427 0.6325927182850845
6 0.1463453656410037 0.6421600730317586 0.3480314157681012 0.6421600730317586 0.3480314157681012 0.6691226182269312 0.1463453656410037 0.6691226182269312
9 0.40460189324277496 0.4951707137419461 0.44026588991159105 0.4951707137419461 0.44026588991159105 0.509086866100745 0.40460189324277496 0.509086866100745
9 0.40460189324277496 0.543007487475317 0.44518506186591045 0.543007487475317 0.44518506186591045 0.5586631588789658 0.40460189324277496 0.5586631588789658
9 0.4009125142770354 0.5934535397759626 0.4414956829001709 0.5934535397759626 0.4414956829001709 0.6064999326123366 0.4009125142770354 0.6064999326123366
9 0.40460189324277496 0.6404205539869088 0.44026588991159105 0.6404205539869088 0.44026588991159105 0.6560762253905573 0.40460189324277496 0.6560762253905573
10 0.4648617496831883 0.49604047326437095 0.5054449183063237 0.49604047326437095 0.5054449183063237 0.507347347055895 0.4648617496831883 0.507347347055895
10 0.46117237071744877 0.5464865255650168 0.5091342972720633 0.5464865255650168 0.5091342972720633 0.556053880311691 0.46117237071744877 0.556053880311691
10 0.4599425777288689 0.5943232992983876 0.5054449183063238 0.5943232992983876 0.5054449183063238 0.6073696921347616 0.4599425777288689 0.6073696921347616
10 0.4574829917517091 0.6421600730317586 0.5066747112949036 0.6421600730317586 0.5066747112949036 0.6578157444354071 0.4574829917517091 0.6578157444354071
7 0.5595558098038377 0.4934311946970963 0.6148964942899315 0.4934311946970963 0.6148964942899315 0.509086866100745 0.5595558098038377 0.509086866100745
7 0.5632451887695773 0.5412679684304672 0.6161262872785114 0.5412679684304672 0.6161262872785114 0.5595329184013907 0.5632451887695773 0.5595329184013907
7 0.5816920835982753 0.5917140207311128 0.6148964942899314 0.5917140207311128 0.6148964942899314 0.6064999326123366 0.5816920835982753 0.6064999326123366
7 0.5620153957809975 0.6412903135093337 0.618585873255671 0.6412903135093337 0.618585873255671 0.6569459849129823 0.5620153957809975 0.6569459849129823
8 0.6665477998102858 0.4943009542195212 0.71942889831922 0.4943009542195212 0.71942889831922 0.5108263851455949 0.6665477998102858 0.5108263851455949
8 0.6677775927988656 0.543007487475317 0.71819910533064 0.543007487475317 0.71819910533064 0.5604026779238156 0.6677775927988656 0.5604026779238156
8 0.682535108661824 0.5934535397759626 0.7169693123420604 0.5934535397759626 0.7169693123420604 0.6073696921347616 0.682535108661824 0.6073696921347616
8 0.6628584208445462 0.6412903135093337 0.7181991053306402 0.6412903135093337 0.7181991053306402 0.6569459849129823 0.6628584208445462 0.6569459849129823
11 0.7698504108509944 0.4925614351746713 0.80797399349697 0.4925614351746713 0.80797399349697 0.5134356637128695 0.7698504108509944 0.5134356637128695
11 0.772309996828154 0.5403982089080422 0.8055144075198102 0.5403982089080422 0.8055144075198102 0.5577933993565408 0.772309996828154 0.5577933993565408
11 0.7698504108509944 0.5908442612086879 0.8178123374056089 0.5908442612086879 0.8178123374056089 0.6108487302244613 0.7698504108509944 0.6108487302244613
11 0.772309996828154 0.6430298325541836 0.80797399349697 0.6430298325541836 0.80797399349697 0.659555263480257 0.772309996828154 0.659555263480257
5 0.854706127063005 0.4951707137419461 0.908817018560519 0.4951707137419461 0.908817018560519 0.5116961446680198 0.854706127063005 0.5116961446680198
5 0.854706127063005 0.5395284493856173 0.9112766045376789 0.5395284493856173 0.9112766045376789 0.5612724374462404 0.854706127063005 0.5612724374462404
5 0.8694636429259631 0.5925837802535378 0.9137361905148381 0.5925837802535378 0.9137361905148381 0.6099789707020362 0.8694636429259631 0.6099789707020362
5 0.8583955060287445 0.6412903135093337 0.9125063975262585 0.6412903135093337 0.9125063975262585 0.6578157444354074 0.8583955060287445 0.6578157444354074
19 0.3957697435975197 0.7549578634368528 0.43713550775884236 0.7549578634368528 0.43713550775884236 0.769980982460556 0.3957697435975197 0.769980982460556
8 0.5511708576089751 0.7810506491096005 0.6406103476875107 0.7810506491096005 0.6406103476875107 0.7960737681333038 0.5511708576089751 0.7960737681333038
18 0.6819761118488333 0.7794692681597372 0.7501737230337168 0.7794692681597372 0.7501737230337168 0.7960737681333038 0.6819761118488333 0.7960737681333038
16 0.8239613023485084 0.7794692681597372 0.9111648051750806 0.7794692681597372 0.9111648051750806 0.7944923871834404 0.8239613023485084 0.7944923871834404
