4 0.2118724380004126 0.024554101402872477 0.3301268220006429 0.024554101402872477 0.3301268220006429 0.047785851585357864 0.2118724380004126 0.047785851585357864
3 0.48615691200094685 0.057078551658351996 0.5978416080011645 0.057078551658351996 0.5978416080011645 0.08147188934996166 0.48615691200094685 0.08147188934996166
14 0.07964753910267526 0.2159047974742675 0.20304513489555256 0.2159047974742675 0.20304513489555256 0.2278054959490056 0.07964753910267526 0.2278054959490056
13 0.08413472440423457 0.23256577533890085 0.2849362666490077 0.23256577533890085 0.2849362666490077 0.26271421147490387 0.08413472440423457 0.26271421147490387
15 0.14807711495145287 0.2769950496445897 0.25913495116504254 0.2769950496445897 0.25913495116504254 0.2896891280176437 0.14807711495145287 0.2896891280176437
12 0.13573735537216516 0.29127588781427544 0.3780453616563608 0.29127588781427544 0.3780453616563608 0.306350105882277 0.13573735537216516 0.306350105882277
1 0.5036865501000177 0.21749155727089936 0.6293277385436747 0.21749155727089936 0.6293277385436747 0.23097901554226913 0.5036865501000177 0.23097901554226913
0 0.5048083464254076 0.23177239544058503 0.7089752776463502 0.23177239544058503 0.7089752776463502 0.2627142114749041 0.5048083464254076 0.2627142114749041
2 0.5642635516710667 0.275408289847958 0.6798085731862155 0.275408289847958 0.6798085731862155 0.2904825079159596 0.5642635516710667 0.2904825079159596
6 0.138859314545725 0.396127634728628 0.3404292872733903 0.396127634728628 0.3404292872733903 0.4225273508450887 0.138859314545725 0.4225273508450887
6 0.1463248690911941 0.43203124864701453 0.3717846163643605 0.43203124864701453 0.3717846163643605 0.47110282849937635 0.1463248690911941 0.47110282849937635
6 0.14333864727300644 0.482718703590619 0.35983972909160994 0.482718703590619 0.35983972909160994 0.5207342947983223 0.14333864727300644 0.5207342947983223
6 0.1433386472730064 0.5334061585342234 0.34789484181885943 0.5334061585342234 0.34789484181885943 0.5587498860060256 0.1433386472730064 0.5587498860060256
6 0.14184553636391264 0.5671977951632932 0.3553603963643285 0.5671977951632932 0.3553603963643285 0.6052133863709965 0.14184553636391264 0.6052133863709965
6 0.14035242545481888 0.615773272817581 0.367305283637079 0.615773272817581 0.367305283637079 0.6548448526699427 0.14035242545481888 0.6548448526699427
6 0.14333864727300644 0.6696286936951605 0.3568535072734223 0.6696286936951605 0.3568535072734223 0.6918044552329874 0.14333864727300644 0.6918044552329874
9 0.40015372363714297 0.39718362337328644 0.4464401618190512 0.39718362337328644 0.4464401618190512 0.40985548710918757 0.40015372363714297 0.40985548710918757
9 0.40015372363714297 0.42991927135769764 0.4464401618190512 0.42991927135769764 0.4464401618190512 0.44575910102757405 0.40015372363714297 0.44575910102757405
9 0.4031399454553306 0.4816627149459606 0.44345394000086363 0.4816627149459606 0.44345394000086363 0.4996145219051539 0.4031399454553306 0.4996145219051539
9 0.3986606127280492 0.5302381926002483 0.4509194945463329 0.5302381926002483 0.4509194945463329 0.5460780222701246 0.3986606127280492 0.5460780222701246
9 0.40015372363714297 0.5671977951632932 0.44345394000086374 0.5671977951632932 0.44345394000086374 0.5819816361885112 0.40015372363714297 0.5819816361885112
9 0.40463305636442454 0.6189412387515562 0.4509194945463328 0.6189412387515562 0.4509194945463328 0.6347810684214326 0.40463305636442454 0.6347810684214326
9 0.40164683454623684 0.6675167164058438 0.4479332727281451 0.6675167164058438 0.4479332727281451 0.6823005574310615 0.40164683454623684 0.6823005574310615
10 0.4643574927281772 0.396127634728628 0.5091508200009918 0.396127634728628 0.5091508200009918 0.41091147575384596 0.4643574927281772 0.41091147575384596
10 0.4643574927281772 0.43203124864701453 0.5076577090918979 0.43203124864701453 0.5076577090918979 0.44681508967223255 0.4643574927281772 0.44681508967223255
10 0.46137127090998953 0.4806067263013022 0.5031783763646165 0.4806067263013022 0.5031783763646165 0.49644655597117865 0.46137127090998953 0.49644655597117865
10 0.46137127090998953 0.5312941812449067 0.506164598182804 0.5312941812449067 0.506164598182804 0.547134010914783 0.46137127090998953 0.547134010914783
10 0.4628643818190834 0.5682537838079517 0.5076577090918979 0.5682537838079517 0.5076577090918979 0.5830376248331696 0.4628643818190834 0.5830376248331696
10 0.4643574927281772 0.6210532160408729 0.506164598182804 0.6210532160408729 0.506164598182804 0.6337250797767742 0.4643574927281772 0.6337250797767742
10 0.4628643818190834 0.6675167164058438 0.5121370418191794 0.6675167164058438 0.5121370418191794 0.6823005574310615 0.4628643818190834 0.6823005574310615
7 0.5793270327284011 0.396127634728628 0.6256134709103095 0.396127634728628 0.6256134709103095 0.4119674643985044 0.5793270327284011 0.4119674643985044
7 0.571861478182932 0.42780729406838086 0.621134138183028 0.42780729406838086 0.621134138183028 0.4520950328955246 0.571861478182932 0.4520950328955246
7 0.5793270327284011 0.4816627149459606 0.621134138183028 0.4816627149459606 0.621134138183028 0.5006705105498123 0.5793270327284011 0.5006705105498123
7 0.5733545890920257 0.5291822039555898 0.6271065818194033 0.5291822039555898 0.6271065818194033 0.5503019768487584 0.5733545890920257 0.5503019768487584
7 0.5778339218193073 0.5682537838079517 0.6181479163648403 0.5682537838079517 0.6181479163648403 0.5830376248331696 0.5778339218193073 0.5830376248331696
7 0.5733545890920257 0.6189412387515562 0.6196410272739341 0.6189412387515562 0.6196410272739341 0.6305571138427988 0.5733545890920257 0.6305571138427988
7 0.5763408109102135 0.6611807845378932 0.6285996927284971 0.6611807845378932 0.6285996927284971 0.6801885801417448 0.5763408109102135 0.6801885801417448
8 0.677872352728593 0.39401565743931116 0.718186347274126 0.39401565743931116 0.718186347274126 0.410911475753846 0.677872352728593 0.410911475753846
8 0.6704067981831239 0.4309752600023561 0.7196794581832199 0.4309752600023561 0.7196794581832199 0.4489270669615494 0.6704067981831239 0.4489270669615494
8 0.6748861309104054 0.4742707944333516 0.7241587909105015 0.4742707944333516 0.7241587909105015 0.49539056732652004 0.6748861309104054 0.49539056732652004
8 0.6718999090922178 0.5323501698895652 0.7211725690923135 0.5323501698895652 0.7211725690923135 0.5460780222701247 0.6718999090922178 0.5460780222701247
8 0.6718999090922178 0.5650858178739763 0.7256519018195952 0.5650858178739763 0.7256519018195952 0.5840936134778281 0.6718999090922178 0.5840936134778281
8 0.6733930200013115 0.6147172841729225 0.7211725690923138 0.6147172841729225 0.7211725690923138 0.6368930457107493 0.6733930200013115 0.6368930457107493
8 0.6733930200013115 0.6675167164058438 0.7211725690923138 0.6675167164058438 0.7211725690923138 0.6791325914970864 0.6733930200013115 0.6791325914970864
11 0.767459007274222 0.39084769150533594 0.8077730018197553 0.39084769150533594 0.8077730018197553 0.4119674643985044 0.767459007274222 0.4119674643985044
11 0.7644727854560345 0.43203124864701453 0.8107592236379426 0.43203124864701453 0.8107592236379426 0.4531510215401831 0.7644727854560345 0.4531510215401831
11 0.767459007274222 0.4795507376566438 0.8062798909106614 0.4795507376566438 0.8062798909106614 0.5038384764837875 0.767459007274222 0.5038384764837875
11 0.767459007274222 0.5312941812449067 0.8137454454561305 0.5312941812449067 0.8137454454561305 0.5492459882040999 0.767459007274222 0.5492459882040999
11 0.767459007274222 0.5640298292293179 0.8137454454561305 0.5640298292293179 0.8137454454561305 0.584093613477828 0.767459007274222 0.584093613477828
11 0.7689521181833159 0.6115493182389474 0.8092661127288494 0.6115493182389474 0.8092661127288494 0.6400610116447247 0.7689521181833159 0.6400610116447247
11 0.767459007274222 0.665404739116527 0.8062798909106614 0.665404739116527 0.8062798909106614 0.6812445687864035 0.767459007274222 0.6812445687864035
5 0.8674974381835078 0.39401565743931116 0.9107976545472285 0.39401565743931116 0.9107976545472285 0.41196746439850446 0.8674974381835078 0.41196746439850446
5 0.8645112163653204 0.4320312486470149 0.9122907654563224 0.4320312486470149 0.9122907654563224 0.4520950328955248 0.8645112163653204 0.4520950328955248
5 0.866004327274414 0.4816627149459606 0.9107976545472285 0.4816627149459606 0.9107976545472285 0.49433457868186176 0.866004327274414 0.49433457868186176
5 0.8689905490926016 0.5281262153109313 0.9152769872745099 0.5281262153109313 0.9152769872745099 0.5429100563361494 0.8689905490926016 0.5429100563361494
5 0.8600318836380386 0.5661418065186348 0.9078114327290407 0.5661418065186348 0.9078114327290407 0.5830376248331696 0.8600318836380386 0.5830376248331696
5 0.8630181054562265 0.6157732728175808 0.9182632090926977 0.6157732728175808 0.9182632090926977 0.635837057066091 0.8630181054562265 0.635837057066091
5 0.8585387727289451 0.66329276182721 0.9152769872745101 0.66329276182721 0.9152769872745101 0.6823005574310615 0.8585387727289451 0.6823005574310615
19 0.4027248808149363 0.7789437579114026 0.43637877057663016 0.7789437579114026 0.43637877057663016 0.7916378362844565 0.4027248808149363 0.7916378362844565
17 0.5687507369726259 0.8043319146575105 0.6461546834245218 0.8043319146575105 0.6461546834245218 0.8209928925221437 0.5687507369726259 0.8209928925221437
18 0.6887829437893339 0.8075054342507739 0.7549689269873318 0.8075054342507739 0.7549689269873318 0.8186127528271961 0.6887829437893339 0.8186127528271961
16 0.8368600587407868 0.8051252945558264 0.9131422088672927 0.8051252945558264 0.9131422088672927 0.820199512623828 0.8368600587407868 0.820199512623828
