4 0.2052858818825621 0.023931842113660295 0.32935976653685783 0.023931842113660295 0.32935976653685783 0.052650052650052646 0.2052858818825621 0.052650052650052646
3 0.47824842812201285 0.054245508790963334 0.6113458680238937 0.054245508790963334 0.6113458680238937 0.08455917546826636 0.47824842812201285 0.08455917546826636
14 0.08436505093319985 0.21258722760525803 0.19917109962580176 0.21258722760525803 0.19917109962580176 0.22981051504906108 0.08436505093319985 0.22981051504906108
13 0.08436505093319985 0.23165586727518284 0.3400694321121767 0.23165586727518284 0.3400694321121767 0.2630268551192526 0.08436505093319985 0.2630268551192526
15 0.14872601762450696 0.27471408588469043 0.25744386676522846 0.27471408588469043 0.25744386676522846 0.2894769036936645 0.14872601762450696 0.2894769036936645
12 0.13741936131387195 0.290707138511079 0.38790528573409416 0.290707138511079 0.38790528573409416 0.30916066077229654 0.13741936131387195 0.30916066077229654
1 0.5007115972745212 0.21461227091512008 0.6016994224445105 0.21461227091512008 0.6016994224445105 0.23015720918584498 0.5007115972745212 0.23015720918584498
0 0.5013056433049329 0.23183774305295043 0.7525871141690826 0.23183774305295043 0.7525871141690826 0.26418801999472924 0.5013056433049329 0.26418801999472924
2 0.5636804764981616 0.2755316235976906 0.6872420508237954 0.2755316235976906 0.6872420508237954 0.2923369622687446 0.5636804764981616 0.2923369622687446
6 0.1380087737852464 0.39480331348082814 0.3572414613086847 0.39480331348082814 0.3572414613086847 0.4380140405387756 0.1380087737852464 0.4380140405387756
9 0.40468197729736327 0.3942949519860288 0.4413405578340693 0.3942949519860288 0.4413405578340693 0.41157924280920777 0.40468197729736327 0.41157924280920777
10 0.4657796115252066 0.39378659049122927 0.5017193963651145 0.39378659049122927 0.5017193963651145 0.4136126887884053 0.4657796115252066 0.4136126887884053
7 0.5694413776179029 0.39378659049122927 0.6247886462713612 0.39378659049122927 0.6247886462713612 0.4156461347676028 0.5694413776179029 0.4156461347676028
8 0.674385549350434 0.39378659049122927 0.723982452429507 0.39378659049122927 0.723982452429507 0.4115792428092077 0.674385549350434 0.4115792428092077
11 0.7714229684181854 0.39378659049122927 0.8116755274388823 0.39378659049122927 0.8116755274388823 0.4136126887884053 0.7714229684181854 0.4136126887884053
5 0.8663040003955425 0.39480331348082814 0.910869333597028 0.39480331348082814 0.910869333597028 0.4131043272936059 0.8663040003955425 0.4131043272936059
19 0.3998055931735376 0.5183351567170779 0.442933334981427 0.5183351567170779 0.442933334981427 0.5386696165090531 0.3998055931735376 0.5386696165090531
17 0.57447294749549 0.5407030624882506 0.651384087052893 0.5407030624882506 0.651384087052893 0.5656127757334203 0.57447294749549 0.5656127757334203
18 0.696668215951177 0.5417197854778494 0.7620786243598093 0.5417197854778494 0.7620786243598093 0.566629498723019 0.696668215951177 0.566629498723019
16 0.8433025380980013 0.54121142398305 0.9173384948682115 0.54121142398305 0.9173384948682115 0.5656127757334203 0.8433025380980013 0.5656127757334203
