4 0.21101191617988835 0.0282021151586369 0.33396374135557133 0.0282021151586369 0.33396374135557133 0.048178613396004696 0.21101191617988835 0.048178613396004696
3 0.48017672264557293 0.05287896592244419 0.5998055255192104 0.05287896592244419 0.5998055255192104 0.08108108108108109 0.48017672264557293 0.08108108108108109
14 0.07943841306713474 0.21678221020821248 0.1815735155820223 0.21678221020821248 0.1815735155820223 0.22962382629028197 0.07943841306713474 0.22962382629028197
13 0.08170808201191 0.23524203332618737 0.27916928020735915 0.23524203332618737 0.27916928020735915 0.2657408715211023 0.08170808201191 0.2657408715211023
15 0.14639364693800544 0.27537208358265447 0.25533775628721883 0.27537208358265447 0.25533775628721883 0.28821369966472393 0.14639364693800544 0.28821369966472393
12 0.13391046774174112 0.2930293056954999 0.3926527274461224 0.2930293056954999 0.3926527274461224 0.3066735227826987 0.13391046774174112 0.3066735227826987
1 0.5004620023229488 0.21597960920308307 0.6218892908684263 0.21597960920308307 0.6218892908684263 0.22962382629028194 0.5004620023229488 0.22962382629028194
2 0.5640127327766518 0.2761746845877814 0.6763613455430304 0.2761746845877814 0.6763613455430304 0.29704231072114345 0.5640127327766518 0.29704231072114345
6 0.1418543090484549 0.39335443133666775 0.36428186563643217 0.39335443133666775 0.36428186563643217 0.4214454665161947 0.1418543090484549 0.4214454665161947
6 0.1418543090484549 0.43107667857774684 0.358607693274494 0.43107667857774684 0.358607693274494 0.47120672883421394 0.1418543090484549 0.47120672883421394
6 0.14298914352084252 0.4808379408957661 0.3688212035259827 0.4808379408957661 0.3688212035259827 0.5177575871317158 0.14298914352084252 0.5177575871317158
6 0.13731497115890434 0.5314018042189146 0.3676863690535951 0.5314018042189146 0.3676863690535951 0.5578876373881829 0.13731497115890434 0.5578876373881829
6 0.14071947457606726 0.5691240514599938 0.3699560379983704 0.5691240514599938 0.3699560379983704 0.5932020816138741 0.14071947457606726 0.5932020816138741
9 0.4028662376976119 0.3989726383725732 0.4448551131759545 0.3989726383725732 0.4448551131759545 0.41020905244438394 0.4028662376976119 0.41020905244438394
9 0.4085404100595501 0.4342870825982643 0.4493944510655051 0.4342870825982643 0.4493944510655051 0.44712869868033367 0.4085404100595501 0.44712869868033367
9 0.4051359066423872 0.4840483449162834 0.45166412001028045 0.4840483449162834 0.45166412001028045 0.49367955697783555 0.4051359066423872 0.49367955697783555
9 0.4051359066423872 0.532204405224044 0.45052928553789273 0.532204405224044 0.45052928553789273 0.5450460213061135 0.4051359066423872 0.5450460213061135
9 0.40173140322522427 0.5667162484446058 0.4459899476483422 0.5667162484446058 0.4459899476483422 0.5835708695523217 0.40173140322522427 0.5835708695523217
10 0.4630124647341568 0.39415703234179716 0.5095406781020501 0.39415703234179716 0.5095406781020501 0.41582725948028937 0.4630124647341568 0.41582725948028937
10 0.465282133678932 0.4342870825982643 0.5084058436296623 0.4342870825982643 0.5084058436296623 0.447931299685463 0.465282133678932 0.447931299685463
10 0.4596079613169939 0.4864561479316716 0.5106755125744377 0.4864561479316716 0.5106755125744377 0.4984951630086117 0.4596079613169939 0.4984951630086117
10 0.4630124647341568 0.5338096072343026 0.5050013402124994 0.5338096072343026 0.5050013402124994 0.5498616273368895 0.4630124647341568 0.5498616273368895
10 0.465282133678932 0.5675188494497351 0.50954067810205 0.5675188494497351 0.50954067810205 0.5851760715625807 0.465282133678932 0.5851760715625807
7 0.5696869051385949 0.39415703234179716 0.6105409461445499 0.39415703234179716 0.6105409461445499 0.410209052444384 0.5696869051385949 0.410209052444384
7 0.5685520706662073 0.4358922846085229 0.6150802840341005 0.4358922846085229 0.6150802840341005 0.447931299685463 0.5685520706662073 0.447931299685463
7 0.5685520706662073 0.48003533989063674 0.6184847874512633 0.48003533989063674 0.6184847874512633 0.49688996099835286 0.5685520706662073 0.49688996099835286
7 0.5742262430281455 0.5305992032137853 0.6150802840341004 0.5305992032137853 0.6150802840341004 0.5434408192958547 0.5742262430281455 0.5434408192958547
7 0.578765580917696 0.5699266524651231 0.6264286287579769 0.5699266524651231 0.6264286287579769 0.5835708695523218 0.578765580917696 0.5835708695523218
8 0.6740916765982574 0.3957622343520557 0.719485055493763 0.3957622343520557 0.719485055493763 0.4134194564649012 0.6740916765982574 0.4134194564649012
8 0.6672826697639319 0.43268188058800555 0.7194850554937633 0.43268188058800555 0.7194850554937633 0.44873390069059244 0.6672826697639319 0.44873390069059244
8 0.6672826697639319 0.4808379408957661 0.7274288968004767 0.4808379408957661 0.7274288968004767 0.4928769559727063 0.6672826697639319 0.4928769559727063
8 0.6650130008191566 0.5305992032137853 0.7194850554937633 0.5305992032137853 0.7194850554937633 0.5450460213061135 0.6650130008191566 0.5450460213061135
8 0.676361345543033 0.5691240514599938 0.7194850554937632 0.5691240514599938 0.7194850554937632 0.5827682685471925 0.676361345543033 0.5827682685471925
11 0.7682829378064318 0.3957622343520558 0.8080021443399992 0.3957622343520558 0.8080021443399992 0.41582725948028937 0.7682829378064318 0.41582725948028937
11 0.7648784343892688 0.43107667857774684 0.8057324753952239 0.43107667857774684 0.8057324753952239 0.4511417037059804 0.7648784343892688 0.4511417037059804
11 0.7682829378064318 0.48003533989063674 0.8125414822295496 0.48003533989063674 0.8125414822295496 0.5025081680342582 0.7682829378064318 0.5025081680342582
11 0.7716874412235946 0.5305992032137853 0.8057324753952239 0.5305992032137853 0.8057324753952239 0.5482564253266309 0.7716874412235946 0.5482564253266309
11 0.7648784343892688 0.5659136474394764 0.8125414822295496 0.5659136474394764 0.8125414822295496 0.5891890765882272 0.7648784343892688 0.5891890765882272
5 0.859069695597443 0.39415703234179716 0.9169462536892125 0.39415703234179716 0.9169462536892125 0.4134194564649013 0.859069695597443 0.4134194564649013
5 0.8556651921802799 0.4278662745572295 0.9101372468548867 0.4278662745572295 0.9101372468548867 0.44793129968546297 0.8556651921802799 0.44793129968546297
5 0.8545303577078922 0.4840483449162834 0.9135417502720493 0.4840483449162834 0.9135417502720493 0.49929776401374093 0.8545303577078922 0.49929776401374093
5 0.848856185345954 0.5314018042189146 0.9169462536892125 0.5314018042189146 0.9169462536892125 0.5466512233163722 0.848856185345954 0.5466512233163722
5 0.8624741990146056 0.5659136474394764 0.9101372468548866 0.5659136474394764 0.9101372468548866 0.5835708695523218 0.8624741990146056 0.5835708695523218
19 0.3960572308632861 0.6798829901678429 0.4539337889550556 0.6798829901678429 0.4539337889550556 0.6975402122806885 0.3960572308632861 0.6975402122806885
17 0.5492598846356174 0.7047636213268526 0.6502601526781172 0.7047636213268526 0.6502601526781172 0.7200130404243101 0.5492598846356174 0.7200130404243101
18 0.676361345543033 0.7071714243422407 0.7557997586101677 0.7071714243422407 0.7557997586101677 0.7216182424345688 0.676361345543033 0.7216182424345688
16 0.8261594958982014 0.705566222331982 0.912406915799662 0.705566222331982 0.912406915799662 0.7216182424345686 0.8261594958982014 0.7216182424345686
