4 0.20736656263826606 0.02880542558523954 0.3355148982910772 0.02880542558523954 0.3355148982910772 0.049882566257366034 0.20736656263826606 0.049882566257366034
3 0.4735972134518585 0.058313422526216636 0.6017455491046699 0.058313422526216636 0.6017455491046699 0.07798542048686802 0.4735972134518585 0.07798542048686802
14 0.08021162493625172 0.21287912078847757 0.18948539952392027 0.21287912078847757 0.18948539952392027 0.23044340468191632 0.08021162493625172 0.23044340468191632
13 0.07921822698545475 0.22974083332617878 0.3841913978801297 0.22974083332617878 0.3841913978801297 0.2669771151802689 0.07921822698545475 0.2669771151802689
15 0.14378909378725888 0.27470540009338196 0.2719374294400702 0.27470540009338196 0.2719374294400702 0.29226968398682074 0.14378909378725888 0.29226968398682074
12 0.13186831837769505 0.2922696839868207 0.39909236714208446 0.2922696839868207 0.39909236714208446 0.3091313965245219 0.13186831837769505 0.3091313965245219
1 0.4974387642709862 0.21498683485569023 0.6305540896777825 0.21498683485569023 0.6305540896777825 0.23044340468191632 0.4974387642709862 0.23044340468191632
0 0.4969819512607457 0.231633280878454 0.7537279280257068 0.231633280878454 0.7537279280257068 0.26594367766503607 0.4969819512607457 0.26594367766503607
2 0.5634075092028431 0.27597287057188313 0.6910341430017045 0.27597287057188313 0.6910341430017045 0.2944476996108119 0.5634075092028431 0.2944476996108119
6 0.1351120520860371 0.393022355971471 0.3731991642605215 0.393022355971471 0.3731991642605215 0.4243767801118244 0.1351120520860371 0.4243767801118244
9 0.39572986185438025 0.3935757007095409 0.4499152046251249 0.3935757007095409 0.4499152046251249 0.4127367376842014 0.39572986185438025 0.4127367376842014
10 0.46075227317927386 0.39549180440700693 0.5050036364420488 0.39549180440700693 0.5050036364420488 0.41401414014917876 0.46075227317927386 0.41401414014917876
7 0.5691229587207634 0.39549180440700693 0.6224052124453291 0.39549180440700693 0.6224052124453291 0.4159302438466448 0.5691229587207634 0.4159302438466448
8 0.6612380414310295 0.39549180440700693 0.7280666308482815 0.39549180440700693 0.7280666308482815 0.4127367376842014 0.6612380414310295 0.4127367376842014
11 0.7650932817416235 0.39421440194202956 0.8075384669120403 0.39421440194202956 0.8075384669120403 0.4146528413816674 0.7650932817416235 0.4146528413816674
5 0.8554021863595316 0.39549180440700693 0.9104906181764553 0.39549180440700693 0.9104906181764553 0.411459335219224 0.8554021863595316 0.411459335219224
19 0.39572986185438025 0.507903221325015 0.44269049225569235 0.507903221325015 0.44269049225569235 0.5251481546022094 0.39572986185438025 0.5251481546022094
17 0.564607513489868 0.5334512706245622 0.6413700824150899 0.5334512706245622 0.6413700824150899 0.5513349051342451 0.564607513489868 0.5513349051342451
18 0.6883307128164019 0.5347286730895395 0.757868569372191 0.5347286730895395 0.757868569372191 0.5513349051342452 0.6883307128164019 0.5513349051342452
16 0.8346311382974128 0.5334512706245622 0.9159091524535298 0.5334512706245622 0.9159091524535298 0.5526123075992226 0.8346311382974128 0.5526123075992226
