4 0.20809039253305944 0.027585834679052925 0.33241285206995597 0.027585834679052925 0.33241285206995597 0.04763910783636503 0.20809039253305944 0.04763910783636503
3 0.4770922055661101 0.05895120350463455 0.6006876331758898 0.05895120350463455 0.6006876331758898 0.07643354420588107 0.4770922055661101 0.07643354420588107
14 0.08089732536742776 0.2154627534437933 0.2314018860311087 0.2154627534437933 0.2314018860311087 0.2302949656592261 0.08089732536742776 0.2302949656592261
13 0.07966368142756153 0.23203993180221819 0.3350279769798725 0.23203993180221819 0.3350279769798725 0.264321805447572 0.07966368142756153 0.264321805447572
15 0.14566363221040518 0.2774090515200126 0.26224298452776457 0.2774090515200126 0.26224298452776457 0.2904962975924533 0.14566363221040518 0.2904962975924533
12 0.13271037084180973 0.29224126373544546 0.3856073785143882 0.29224126373544546 0.3856073785143882 0.30794595902237426 0.13271037084180973 0.30794595902237426
1 0.4991083067167726 0.21433272530768832 0.7121586151316716 0.21433272530768832 0.7121586151316716 0.23112802443398722 0.4991083067167726 0.23112802443398722
0 0.4991083067167726 0.23160789012331004 0.7650819401519333 0.23160789012331004 0.7650819401519333 0.2661582197545535 0.4991083067167726 0.2661582197545535
2 0.5642447067417098 0.27623539923033286 0.6802689192861295 0.27623539923033286 0.6802689192861295 0.29255083266730897 0.5642447067417098 0.29255083266730897
6 0.13607142768876807 0.3940988437288178 0.3660843402768279 0.3940988437288178 0.3660843402768279 0.42433038215615587 0.13607142768876807 0.42433038215615587
6 0.1347144193549152 0.4310485018066754 0.3715123736122393 0.4310485018066754 0.3715123736122393 0.48623305607880046 0.1347144193549152 0.48623305607880046
6 0.13335741102106236 0.4939109071079656 0.36540583610990157 0.4939109071079656 0.36540583610990157 0.5236625798459809 0.13335741102106236 0.5236625798459809
9 0.4013665569570023 0.3955384407967864 0.4447908236402938 0.3955384407967864 0.4447908236402938 0.4118538742337624 0.4013665569570023 0.4118538742337624
9 0.4027235652908552 0.43296796456396686 0.4454693278072202 0.43296796456396686 0.4454693278072202 0.44976326369026576 0.4027235652908552 0.44976326369026576
9 0.40068805279007585 0.49295117572932 0.443433815306441 0.49295117572932 0.443433815306441 0.5111860719235873 0.40068805279007585 0.5111860719235873
10 0.4617534278134546 0.3960183064861092 0.5072132069975254 0.3960183064861092 0.5072132069975254 0.412813605612408 0.4617534278134546 0.412813605612408
10 0.4631104361473074 0.43248809887464396 0.5072132069975254 0.43248809887464396 0.5072132069975254 0.4492833980009428 0.4631104361473074 0.4492833980009428
10 0.4603964194796017 0.4948706384866114 0.5085702153313783 0.4948706384866114 0.5085702153313783 0.5111860719235873 0.4603964194796017 0.5111860719235873
7 0.5595317151515299 0.39393243425487934 0.6211059683001036 0.39393243425487934 0.6211059683001036 0.41483538368178174 0.5595317151515299 0.41483538368178174
7 0.5677416155713397 0.43225450820420014 0.6202849782581225 0.43225450820420014 0.6202849782581225 0.45373809511518315 0.5677416155713397 0.45373809511518315
7 0.5702045856972826 0.4908988940963428 0.6219269583420844 0.4908988940963428 0.6219269583420844 0.511801843523245 0.5702045856972826 0.511801843523245
8 0.6613344803571715 0.3950937092230406 0.72701368371565 0.3950937092230406 0.72701368371565 0.4148353836817817 0.6613344803571715 0.4148353836817817
8 0.6613344803571715 0.43283514568828074 0.7261926936736689 0.43283514568828074 0.7261926936736689 0.4514155451788606 0.6613344803571715 0.4514155451788606
8 0.6736493309868863 0.49322144403266527 0.7270136837156501 0.49322144403266527 0.7270136837156501 0.5129631184914063 0.6736493309868863 0.5129631184914063
11 0.7680631858146991 0.39567434670712115 0.812396648081672 0.39567434670712115 0.812396648081672 0.4136741087136203 0.7680631858146991 0.4136741087136203
11 0.7623162555208322 0.43225450820420014 0.811575658039691 0.43225450820420014 0.811575658039691 0.4490929952425382 0.7623162555208322 0.4490929952425382
11 0.766421205730737 0.4908988940963428 0.8123966480816721 0.4908988940963428 0.8123966480816721 0.5129631184914063 0.766421205730737 0.5129631184914063
5 0.8534461501807212 0.39567434670712115 0.9109154531193898 0.39567434670712115 0.9109154531193898 0.414254746197701 0.8534461501807212 0.414254746197701
5 0.8509831800547779 0.4334157831723615 0.9141994132873135 0.4334157831723615 0.9141994132873135 0.4502542702106995 0.8509831800547779 0.4502542702106995
5 0.8493411999708161 0.49554399396898763 0.9125574332033517 0.49554399396898763 0.9125574332033517 0.5118018435232451 0.8493411999708161 0.5118018435232451
19 0.394580030819004 0.6050790079016204 0.44226313245725934 0.6050790079016204 0.44226313245725934 0.6247510058622718 0.394580030819004 0.6247510058622718
17 0.5654444783560857 0.6331818621311226 0.6459097123706419 0.6331818621311226 0.6459097123706419 0.6500435746688236 0.5654444783560857 0.6500435746688236
18 0.6856456304025211 0.632479290775385 0.7591570787614982 0.632479290775385 0.7591570787614982 0.6486384319573486 0.6856456304025211 0.6486384319573486
16 0.8207477517109115 0.632479290775385 0.9141271590858281 0.632479290775385 0.9141271590858281 0.6507461460245612 0.8207477517109115 0.6507461460245612
