4 0.26875 0.03828125 0.115625 0.01796875
3 0.53828125 0.0671875 0.1125 0.01328125
12 0.19296875 0.24609375 0.221875 0.03046875
13 0.1421875 0.2234375 0.1203125 0.01640625
11 0.25859375 0.29921875 0.2515625 0.015625
14 0.20390625 0.28359375 0.11796875 0.01171875
0 0.63125 0.24609375 0.27109375 0.0328125
1 0.56484375 0.22265625 0.134375 0.01796875
2 0.6203125 0.28359375 0.11484375 0.0125
6 0.2515625 0.41640625 0.221875 0.04140625
9 0.41015625 0.40234375 0.0140625 0.01328125
7 0.5953125 0.403125 0.04453125 0.01484375
8 0.69375 0.40390625 0.05234375 0.01328125
10 0.78828125 0.403125 0.0328125 0.01171875
5 0.8828125 0.403125 0.05390625 0.01171875
16 0.60390625 0.60390625 0.07578125 0.0125
17 0.72265625 0.60390625 0.06328125 0.01328125
15 0.86796875 0.60390625 0.0890625 0.0125