4 0.21233677093996742 0.026776307642566236 0.334009327304969 0.026776307642566236 0.334009327304969 0.05053687125120076 0.21233677093996742 0.05053687125120076
3 0.47178758968965734 0.05911823647294589 0.607798426356946 0.05911823647294589 0.607798426356946 0.07915831663326653 0.47178758968965734 0.07915831663326653
14 0.07933192266197384 0.214633818360362 0.2583860666955877 0.214633818360362 0.2583860666955877 0.2320566664097326 0.07933192266197384 0.2320566664097326
13 0.07752936416499114 0.23290656143653113 0.25958777236024294 0.23290656143653113 0.25958777236024294 0.2618029923476825 0.07752936416499114 0.2618029923476825
15 0.14302232288869557 0.2775260503434559 0.2698022705098114 0.2775260503434559 0.2698022705098114 0.2902744757454344 0.14302232288869557 0.2902744757454344
12 0.13220697190679942 0.2923992133124308 0.3983847766279102 0.2923992133124308 0.3983847766279102 0.307697323794805 0.13220697190679942 0.307697323794805
1 0.4975254939619581 0.21590866090055985 0.651944671870142 0.21590866090055985 0.651944671870142 0.23163171889633336 0.4975254939619581 0.23163171889633336
0 0.49865652435083213 0.2328810468058671 0.7507004672389933 0.2328810468058671 0.7507004672389933 0.2642354709462206 0.49865652435083213 0.2642354709462206
6 0.14017327389545114 0.39615866712487213 0.36557235814841127 0.39615866712487213 0.36557235814841127 0.43733114326877065 0.14017327389545114 0.43733114326877065
2 0.56081383711766 0.277507305494792 0.6934305606532802 0.277507305494792 0.6934305606532802 0.29190327617447676 0.56081383711766 0.29190327617447676
6 0.1412273167237418 0.4474123987701945 0.3539383730551777 0.4474123987701945 0.3539383730551777 0.4827785000732869 0.1412273167237418 0.4827785000732869
6 0.14272002589097996 0.5207838626676546 0.36214827347498757 0.5207838626676546 0.36214827347498757 0.5603727820367879 0.14272002589097996 0.5603727820367879
6 0.14197367130736088 0.49439124975489934 0.3591628551405112 0.49439124975489934 0.3591628551405112 0.5096989652442974 0.14197367130736088 0.5096989652442974
6 0.14042854050275458 0.5718986579142065 0.3463328430315846 0.5718986579142065 0.3463328430315846 0.5974467072137535 0.14042854050275458 0.5974467072137535
9 0.402454631266704 0.39664208042352345 0.44070045237238803 0.39664208042352345 0.44070045237238803 0.4105529932671269 0.402454631266704 0.4105529932671269
9 0.40354736901258065 0.4461031038674469 0.4428859278641414 0.4461031038674469 0.4428859278641414 0.46155967369367307 0.40354736901258065 0.46155967369367307
9 0.40573284450433406 0.4963369558026819 0.44397866561001803 0.4963369558026819 0.44397866561001803 0.5102478686462852 0.40573284450433406 0.5102478686462852
9 0.40464010675845735 0.519521810542021 0.44725687884764814 0.519521810542021 0.44725687884764814 0.5388425228248036 0.40464010675845735 0.5388425228248036
9 0.4013618935208273 0.5682100054946332 0.4483496165935248 0.5682100054946332 0.4483496165935248 0.582893746829548 0.4013618935208273 0.582893746829548
10 0.4625552072899218 0.39818773740614605 0.502986503887359 0.39818773740614605 0.502986503887359 0.4113258217584382 0.4625552072899218 0.4113258217584382
10 0.4625552072899218 0.44455744688482435 0.5051719793791124 0.44455744688482435 0.5051719793791124 0.4631053306762956 0.4625552072899218 0.4631053306762956
10 0.458184256306415 0.4940184703287479 0.5117284058543727 0.4940184703287479 0.5117284058543727 0.5110206971375966 0.458184256306415 0.5110206971375966
10 0.4592769940522917 0.5210674675246435 0.5051719793791124 0.5210674675246435 0.5051719793791124 0.5365240373508697 0.4592769940522917 0.5365240373508697
10 0.4625552072899218 0.5705284909685671 0.502986503887359 0.5705284909685671 0.502986503887359 0.5836665753208593 0.4625552072899218 0.5836665753208593
7 0.5696435063858369 0.39355076645827824 0.6188167049502878 0.39355076645827824 0.6188167049502878 0.4128714787410607 0.5696435063858369 0.4128714787410607
7 0.5630870799105768 0.44687593235875833 0.6220949181879181 0.44687593235875833 0.6220949181879181 0.46155967369367307 0.5630870799105768 0.46155967369367307
7 0.5696435063858369 0.49324564183743663 0.6188167049502878 0.49324564183743663 0.6188167049502878 0.5087022116636628 0.5696435063858369 0.5087022116636628
7 0.5619943421647001 0.5202946390333323 0.6242803936796713 0.5202946390333323 0.6242803936796713 0.5365240373508697 0.5619943421647001 0.5365240373508697
7 0.5685507686399602 0.5697556624772557 0.6177239672044113 0.5697556624772557 0.6177239672044113 0.5836665753208592 0.5685507686399602 0.5836665753208592
8 0.6679899035147387 0.39664208042352345 0.7215340530626964 0.39664208042352345 0.7215340530626964 0.4144171357236834 0.6679899035147387 0.4144171357236834
8 0.663618952531232 0.44455744688482435 0.7193485775709428 0.44455744688482435 0.7193485775709428 0.46233250218498434 0.663618952531232 0.46233250218498434
8 0.663618952531232 0.4955641273113705 0.7248122663003264 0.4955641273113705 0.7248122663003264 0.5102478686462852 0.663618952531232 0.5102478686462852
8 0.6647116902771087 0.5202946390333323 0.7204413153168198 0.5202946390333323 0.7204413153168198 0.5342055518769357 0.6647116902771087 0.5342055518769357
8 0.6668971657688619 0.5682100054946332 0.7248122663003264 0.5682100054946332 0.7248122663003264 0.582893746829548 0.6668971657688619 0.582893746829548
11 0.7690411400522946 0.39650388704142114 0.8085979329841053 0.39650388704142114 0.8085979329841053 0.41128375027256425 0.7690411400522946 0.41128375027256425
11 0.7682947854686755 0.44559414705914624 0.8115833513185816 0.44559414705914624 0.8115833513185816 0.4609018625485444 0.7682947854686755 0.4609018625485444
11 0.7705338492195327 0.49362870256036123 0.8078515784004865 0.49362870256036123 0.8078515784004865 0.5094642703080144 0.7705338492195327 0.5094642703080144
11 0.7697874946359136 0.5194934632148616 0.8130760604858198 0.5194934632148616 0.8130760604858198 0.5363847354790251 0.7697874946359136 0.5363847354790251
11 0.7705338492195327 0.5706951322656071 0.8108369967349627 0.5706951322656071 0.8108369967349627 0.5838914387219847 0.7705338492195327 0.5838914387219847
5 0.8526328534176308 0.39703173929967633 0.9093558017726804 0.39703173929967633 0.9093558017726804 0.4133951593055847 0.8526328534176308 0.4133951593055847
5 0.8571109809193451 0.444010590284381 0.9123412201071566 0.444010590284381 0.9123412201071566 0.4603740102902894 0.8571109809193451 0.4603740102902894
5 0.8563646263357261 0.49626796385163674 0.9086094471890612 0.49626796385163674 0.9086094471890612 0.5094642703080144 0.8563646263357261 0.5094642703080144
5 0.855618271752107 0.522132724506137 0.9115948655235375 0.522132724506137 0.9115948655235375 0.5342733264460046 0.855618271752107 0.5342733264460046
5 0.8645745267555358 0.5680558709743315 0.9138339292743946 0.5680558709743315 0.9138339292743946 0.5833635864637297 0.8645745267555358 0.5833635864637297
19 0.3972190576619052 0.6793887838087245 0.43908954980293524 0.6793887838087245 0.43908954980293524 0.6968079083311431 0.3972190576619052 0.6968079083311431
17 0.5532071656382916 0.7084206580127552 0.6385901300043137 0.7084206580127552 0.6385901300043137 0.7229365951147708 0.5532071656382916 0.7229365951147708
18 0.6703618249629707 0.7078570709881311 0.7589500740211936 0.7078570709881311 0.7589500740211936 0.722819030579918 0.6703618249629707 0.722819030579918
16 0.8210460745340701 0.708401725032513 0.9164122778105808 0.708401725032513 0.9164122778105808 0.7231557235030015 0.8210460745340701 0.7231557235030015
