4 0.20817814922266703 0.028268551236749116 0.3297541883687046 0.028268551236749116 0.3297541883687046 0.048292108362779744 0.20817814922266703 0.048292108362779744
3 0.48130788100280625 0.048292108362779744 0.6078801957301878 0.048292108362779744 0.6078801957301878 0.08127208480565369 0.48130788100280625 0.08127208480565369
14 0.07660955891394147 0.21201413427561838 0.20318187364132304 0.21201413427561838 0.20318187364132304 0.232037691401649 0.07660955891394147 0.232037691401649
13 0.07520712834754614 0.23133664902757076 0.3421924339813342 0.23133664902757076 0.3421924339813342 0.26192063110351155 0.07520712834754614 0.26192063110351155
15 0.1447737220690261 0.277212622141482 0.260404681903378 0.277212622141482 0.260404681903378 0.2898451364771966 0.1447737220690261 0.2898451364771966
12 0.13537283102558287 0.29117487482832455 0.3816761763637958 0.29117487482832455 0.3816761763637958 0.30713173504185887 0.13537283102558287 0.30713173504185887
1 0.5001274035111806 0.21338518128734468 0.6449011255802064 0.21338518128734468 0.6449011255802064 0.2286771723253151 0.5001274035111806 0.2286771723253151
0 0.501067492615525 0.23266638737869869 0.6928456699017672 0.23266638737869869 0.6928456699017672 0.26125576192794775 0.501067492615525 0.26125576192794775
2 0.5621732843979059 0.2765477529659181 0.674983976919225 0.2765477529659181 0.674983976919225 0.29117487482832455 0.5621732843979059 0.29117487482832455
6 0.1447737220690261 0.3968890737429895 0.36569466158994235 0.3968890737429895 0.36569466158994235 0.43212714004787783 0.1447737220690261 0.43212714004787783
6 0.1410133656516488 0.44409478520802836 0.2763861966772316 0.44409478520802836 0.2763861966772316 0.4580570378948709 0.1410133656516488 0.4580570378948709
6 0.1447737220690261 0.47135442140614975 0.36099421606822063 0.47135442140614975 0.36099421606822063 0.4952897117264512 0.1447737220690261 0.4952897117264512
9 0.4032982257637152 0.39755394291855345 0.4484225027722428 0.39755394291855345 0.4484225027722428 0.40952158807870415 0.4032982257637152 0.40952158807870415
9 0.4004779584506823 0.4440947852080285 0.4456022354592098 0.4440947852080285 0.4456022354592098 0.458057037894871 0.4004779584506823 0.458057037894871
9 0.4023581366593709 0.468694944703894 0.4437220572505212 0.468694944703894 0.4437220572505212 0.48797615079524803 0.4023581366593709 0.48797615079524803
10 0.46252383933740765 0.39622420456742563 0.5038877599285578 0.39622420456742563 0.5038877599285578 0.40819184972757633 0.46252383933740765 0.40819184972757633
10 0.4644040175460962 0.4467542619102843 0.5020075817198693 0.4467542619102843 0.5020075817198693 0.458057037894871 0.4644040175460962 0.458057037894871
10 0.46064366112871896 0.468694944703894 0.5076481163459352 0.468694944703894 0.5076481163459352 0.48398693574186447 0.46064366112871896 0.48398693574186447
7 0.5734543536500378 0.3968890737429895 0.6251592543889758 0.3968890737429895 0.6251592543889758 0.40819184972757633 0.5734543536500378 0.40819184972757633
7 0.5696939972326606 0.44210017768133675 0.6176385415542212 0.44210017768133675 0.6176385415542212 0.458721907070435 0.5696939972326606 0.458721907070435
7 0.5790948882761038 0.47135442140614975 0.6260993434933201 0.47135442140614975 0.6260993434933201 0.4846518049174283 0.5790948882761038 0.4846518049174283
8 0.6731037987105363 0.39422959704073385 0.7182280757190638 0.39422959704073385 0.7182280757190638 0.41351080313208777 0.6731037987105363 0.41351080313208777
8 0.6712236205018476 0.44143530850577295 0.7201082539277524 0.44143530850577295 0.7201082539277524 0.4587219070704351 0.6712236205018476 0.4587219070704351
8 0.6693434422931588 0.4706895522305858 0.7201082539277524 0.4706895522305858 0.7201082539277524 0.4853166740929923 0.6693434422931588 0.4853166740929923
11 0.7680527982493129 0.39755394291855345 0.8047162733187417 0.39755394291855345 0.8047162733187417 0.40952158807870415 0.7680527982493129 0.40952158807870415
11 0.7708730655623459 0.44210017768133675 0.8094167188404632 0.44210017768133675 0.8094167188404632 0.46071651459712676 0.7708730655623459 0.46071651459712676
11 0.7727532437710345 0.468694944703894 0.8075365406317744 0.468694944703894 0.8075365406317744 0.4859815432685562 0.7727532437710345 0.4859815432685562
5 0.8630017977880897 0.39755394291855345 0.9118864312139947 0.39755394291855345 0.9118864312139947 0.41018645725426806 0.8630017977880897 0.41018645725426806
5 0.8658220651011227 0.4440947852080285 0.9118864312139947 0.4440947852080285 0.9118864312139947 0.46071651459712687 0.8658220651011227 0.46071651459712687
5 0.8686423324141556 0.47135442140614975 0.9118864312139947 0.47135442140614975 0.9118864312139947 0.48265719739073654 0.8686423324141556 0.48265719739073654
19 0.39859778024199355 0.5797280970230704 0.4418418790418324 0.5797280970230704 0.4418418790418324 0.60166877981668 0.39859778024199355 0.60166877981668
17 0.5687539081283163 0.6076526023967556 0.6514817493106168 0.6076526023967556 0.6514817493106168 0.6236094626102899 0.5687539081283163 0.6236094626102899
18 0.6881452243800454 0.6069877332211915 0.7605320854145584 0.6069877332211915 0.7605320854145584 0.6222797242591618 0.6881452243800454 0.6222797242591618
16 0.843259926596859 0.6089823407478832 0.9194071440487492 0.6089823407478832 0.9194071440487492 0.6249392009614174 0.843259926596859 0.6249392009614174
