4 0.20947347992894144 0.02554278416347382 0.3358798902308889 0.02554278416347382 0.3358798902308889 0.04853128991060025 0.20947347992894144 0.04853128991060025
3 0.48395597087031295 0.05747126436781609 0.5977217401420657 0.05747126436781609 0.5977217401420657 0.07790549169859513 0.48395597087031295 0.07790549169859513
14 0.08017033057486879 0.21537764175991825 0.19487557278198875 0.21537764175991825 0.19487557278198875 0.22846219071327212 0.08017033057486879 0.22846219071327212
13 0.08387049967832427 0.23369601029461368 0.34658250602366353 0.23369601029461368 0.34658250602366353 0.26248201799199217 0.08387049967832427 0.26248201799199217
15 0.14800676413821928 0.27643887020890284 0.2577784475407319 0.27643887020890284 0.2577784475407319 0.2886511158986998 0.14800676413821928 0.2886511158986998
12 0.13690625682785287 0.2930126322164844 0.38235080735706656 0.2930126322164844 0.38235080735706656 0.3078417876969521 0.13690625682785287 0.3078417876969521
1 0.4982894392653383 0.2127607319692475 0.758534666208374 0.2127607319692475 0.758534666208374 0.22846219071327217 0.4982894392653383 0.22846219071327217
0 0.500756218667642 0.23195140376749984 0.7289333133807301 0.23195140376749984 0.7289333133807301 0.2607374114648783 0.500756218667642 0.2607374114648783
2 0.5673592625298407 0.2738219604182321 0.6820645047369605 0.2738219604182321 0.6820645047369605 0.29039572242581363 0.5673592625298407 0.29039572242581363
6 0.14183981563246018 0.3933275075255304 0.321914712000627 0.3933275075255304 0.321914712000627 0.41600739237801054 0.14183981563246018 0.41600739237801054
6 0.14307320533361198 0.4221135152229089 0.33794877811560076 0.4221135152229089 0.33794877811560076 0.4482826131296166 0.14307320533361198 0.4482826131296166
6 0.14677337443706748 0.4604948588194135 0.34534911632251175 0.4604948588194135 0.34534911632251175 0.47445171103632416 0.14677337443706748 0.47445171103632416
6 0.14060638864061437 0.4866639567261209 0.35768297604333604 0.4866639567261209 0.35768297604333604 0.508471538315044 0.14060638864061437 0.508471538315044
6 0.1393730362301565 0.5206837840048412 0.3712503000467001 0.5206837840048412 0.3712503000467001 0.556448217810675 0.1393730362301565 0.556448217810675
9 0.40208504257549577 0.3959444173162013 0.44525368211580973 0.3959444173162013 0.44525368211580973 0.4107735727966688 0.40208504257549577 0.4107735727966688
9 0.39961826317319216 0.420368908695795 0.450187240920417 0.420368908695795 0.450187240920417 0.4334534576491489 0.39961826317319216 0.4334534576491489
9 0.40085165287434393 0.4587502522922996 0.4538874100238726 0.4587502522922996 0.4538874100238726 0.4674732849278688 0.40085165287434393 0.4674732849278688
9 0.3983848734720403 0.4849193501990074 0.44772046151811334 0.4849193501990074 0.44772046151811334 0.4945146860981334 0.3983848734720403 0.4945146860981334
9 0.40455182197779943 0.5198114807412842 0.44525368211580973 0.5198114807412842 0.44525368211580973 0.5328960296946382 0.40455182197779943 0.5328960296946382
10 0.46375452763308705 0.3959444173162013 0.5056897774722492 0.3959444173162013 0.5056897774722492 0.4090289662695551 0.46375452763308705 0.4090289662695551
10 0.46622130703539083 0.4221135152229089 0.5093899465757048 0.4221135152229089 0.5093899465757048 0.43083654785847814 0.46622130703539083 0.43083654785847814
10 0.46252113793193533 0.4587502522922996 0.5044563877710975 0.4587502522922996 0.5044563877710975 0.4718348012456535 0.46252113793193533 0.4718348012456535
10 0.4674546967365426 0.4849193501990074 0.5118567259780085 0.4849193501990074 0.5118567259780085 0.49800389915236115 0.4674546967365426 0.49800389915236115
10 0.46375452763308705 0.5241729970590688 0.5056897774722492 0.5241729970590688 0.5056897774722492 0.5337683329581949 0.46375452763308705 0.5337683329581949
7 0.5735262110355998 0.3941998107890874 0.6166948505759138 0.3941998107890874 0.6166948505759138 0.4064120564788843 0.5735262110355998 0.4064120564788843
7 0.5772263801390553 0.4177519989051243 0.6216284093805211 0.4177519989051243 0.6216284093805211 0.43432576091270586 0.5772263801390553 0.43432576091270586
7 0.5796931595413589 0.45700564576518576 0.6240951887828248 0.45700564576518576 0.6240951887828248 0.4744517110363242 0.5796931595413589 0.4744517110363242
7 0.5772263801390553 0.48579165346256425 0.6179282402770655 0.48579165346256425 0.6179282402770655 0.5006208089430318 0.5772263801390553 0.5006208089430318
7 0.5722927915018927 0.5163222676870566 0.6216283795479658 0.5163222676870566 0.6216283795479658 0.5355129394853089 0.5722927915018927 0.5355129394853089
8 0.6783643356335051 0.39768902384331506 0.7276999236795781 0.39768902384331506 0.7276999236795781 0.41164587606022585 0.6783643356335051 0.41164587606022585
8 0.6709639974265942 0.42124121195935194 0.7252331442772746 0.42124121195935194 0.7252331442772746 0.43432576091270586 0.6709639974265942 0.43432576091270586
8 0.6857646738404162 0.4604948588194135 0.7215329751738191 0.4604948588194135 0.7215329751738191 0.4718348012456534 0.6857646738404162 0.4718348012456534
8 0.6734307768288978 0.4866639567261211 0.7190661957715156 0.4866639567261211 0.7190661957715156 0.4962592926252473 0.6734307768288978 0.4962592926252473
8 0.6734307768288978 0.5206837840048412 0.7190661957715156 0.5206837840048412 0.7190661957715156 0.5355129394853089 0.6734307768288978 0.5355129394853089
11 0.772101952921044 0.3950721140526443 0.8066368645532952 0.3950721140526443 0.8066368645532952 0.40466744995177045 0.772101952921044 0.40466744995177045
11 0.7634682250129812 0.41949660543223805 0.8128038130590544 0.41949660543223805 0.8128038130590544 0.4378149739669334 0.7634682250129812 0.4378149739669334
11 0.7684017838175885 0.4543887359745151 0.8177373718636617 0.4543887359745151 0.8177373718636617 0.4727071045092105 0.7684017838175885 0.4727071045092105
11 0.7684017838175885 0.48579165346256425 0.807870254254447 0.48579165346256425 0.807870254254447 0.49887620241591807 0.7684017838175885 0.49887620241591807
11 0.7696351735187403 0.5180668742141704 0.8152705924613579 0.5180668742141704 0.8152705924613579 0.5390021525395365 0.7696351735187403 0.5390021525395365
5 0.8683063496108866 0.3941998107890874 0.9139417685535042 0.3941998107890874 0.9139417685535042 0.41339048258733957 0.8683063496108866 0.41339048258733957
5 0.8633727908062793 0.42124121195935194 0.9077748200477452 0.42124121195935194 0.9077748200477452 0.4378149739669335 0.8633727908062793 0.4378149739669335
5 0.8732399084154939 0.4604948588194135 0.9139417685535044 0.4604948588194135 0.9139417685535044 0.4735794077727673 0.8732399084154939 0.4735794077727673
5 0.8683063496108866 0.48317474367189345 0.9188753273581115 0.48317474367189345 0.9188753273581115 0.5041100219972596 0.8683063496108866 0.5041100219972596
5 0.864606180507431 0.5198114807412842 0.907774820047745 0.5198114807412842 0.907774820047745 0.5346406362217518 0.864606180507431 0.5346406362217518
19 0.3959180940697366 0.646295453957038 0.4390867336100506 0.646295453957038 0.4390867336100506 0.6611246094375057 0.3959180940697366 0.6611246094375057
17 0.5710594316332962 0.6707199453366318 0.6425960343001021 0.6707199453366318 0.6425960343001021 0.6881660106077702 0.5710594316332962 0.6881660106077702
18 0.6890697861747881 0.6712211834813787 0.7503368233817265 0.6712211834813787 0.7503368233817265 0.6858452392873265 0.6890697861747881 0.6858452392873265
16 0.8384081893667001 0.6717628151778954 0.9134603099451994 0.6717628151778954 0.9134603099451994 0.6858452392873265 0.8384081893667001 0.6858452392873265
