4 0.2105757890530417 0.02875846127852928 0.3267555347374786 0.02875846127852928 0.3267555347374786 0.046218955626207765 0.2105757890530417 0.046218955626207765
3 0.4806936977693573 0.05751692255705856 0.5968734434537941 0.05751692255705856 0.5968734434537941 0.07497741690473704 0.4806936977693573 0.07497741690473704
13 0.08132582197910578 0.23109477813103882 0.2773791428215929 0.23109477813103882 0.2773791428215929 0.26396159102078653 0.08132582197910578 0.26396159102078653
15 0.14667692892660147 0.27525955795163737 0.25704768732681643 0.27525955795163737 0.25704768732681643 0.2906658764937066 0.14667692892660147 0.2906658764937066
12 0.1350589543581578 0.29272005229931586 0.3921066416849742 0.29272005229931586 0.3921066416849742 0.3070992829385805 0.1350589543581578 0.3070992829385805
0 0.5010251532641338 0.23212186603384347 0.7232189168856192 0.23212186603384347 0.7232189168856192 0.2619074152151774 0.5010251532641338 0.2619074152151774
2 0.562019519748463 0.27525955795163737 0.6781992654329 0.27525955795163737 0.6781992654329 0.2947742281049251 0.562019519748463 0.2947742281049251
6 0.14086794164237962 0.39645593048258226 0.35870496480069863 0.39645593048258226 0.35870496480069863 0.43548527078915766 0.14086794164237962 0.43548527078915766
9 0.40227236943236244 0.39645593048258226 0.4400307867798045 0.39645593048258226 0.4400307867798045 0.4098080732190422 0.40227236943236244 0.4098080732190422
10 0.4618144890956364 0.39645593048258226 0.5053818937273002 0.39645593048258226 0.5053818937273002 0.4108351611218468 0.4618144890956364 0.4108351611218468
7 0.5765419879590177 0.3954288425797775 0.6201093925906814 0.3954288425797775 0.6201093925906814 0.4108351611218468 0.5765419879590177 0.4108351611218468
8 0.6796515122539553 0.39645593048258226 0.7203144232435081 0.39645593048258226 0.7203144232435081 0.4108351611218468 0.6796515122539553 0.4108351611218468
11 0.7696908151593937 0.3933746667741683 0.8059969856857804 0.3933746667741683 0.8059969856857804 0.41186224902465135 0.7696908151593937 0.41186224902465135
5 0.8692977861050085 0.3944017546769729 0.908508450273506 0.3944017546769729 0.908508450273506 0.41186224902465135 0.8692977861050085 0.41186224902465135
14 0.08218000909294913 0.21363428378336033 0.37408162012509666 0.21363428378336033 0.37408162012509666 0.23314895393664808 0.08218000909294913 0.23314895393664808
1 0.5018793403779771 0.2126071958805557 0.7647360149890153 0.2126071958805557 0.7647360149890153 0.23212186603384347 0.5018793403779771 0.23212186603384347
19 0.39586532244092854 0.5217606546247454 0.4452417143568142 0.5217606546247454 0.4452417143568142 0.53613988526401 0.39586532244092854 0.53613988526401
17 0.5846574091781382 0.5453836763892517 0.6427472820203567 0.5453836763892517 0.6427472820203567 0.56284417073693 0.5846574091781382 0.56284417073693
18 0.6964804143994088 0.544356588486447 0.7574747808837381 0.544356588486447 0.7574747808837381 0.5607899949313209 0.6964804143994088 0.5607899949313209
16 0.8533230710733986 0.5453836763892517 0.912865190736672 0.5453836763892517 0.912865190736672 0.5638712586397346 0.8533230710733986 0.5638712586397346
