4 0.21433493848193388 0.03055229142185664 0.32897920790250323 0.03055229142185664 0.32897920790250323 0.04700352526439482 0.21433493848193388 0.04700352526439482
3 0.48017672264557293 0.057579318448883664 0.5948209920661421 0.057579318448883664 0.5948209920661421 0.07755581668625147 0.48017672264557293 0.07755581668625147
14 0.08141404640011443 0.21151586368977676 0.18775076006557 0.21151586368977676 0.18775076006557 0.23149236192714454 0.08141404640011443 0.23149236192714454
13 0.07310649064500072 0.22796709753231495 0.3389482748086397 0.22796709753231495 0.3389482748086397 0.26556991774383076 0.07310649064500072 0.26556991774383076
15 0.1495360035920469 0.27262044653349 0.259195739559548 0.27262044653349 0.259195739559548 0.29142185663924797 0.1495360035920469 0.29142185663924797
12 0.129597869779774 0.28672150411280845 0.38879360933932194 0.28672150411280845 0.38879360933932194 0.31139835487661577 0.129597869779774 0.31139835487661577
1 0.5001148564578458 0.2126909518213866 0.6612814381070519 0.2126909518213866 0.6612814381070519 0.23031727379553465 0.5001148564578458 0.23031727379553465
0 0.49346881185375474 0.23149236192714454 0.7078037503356885 0.23149236192714454 0.7078037503356885 0.25969447708578147 0.49346881185375474 0.25969447708578147
2 0.5665753024987555 0.2702702702702703 0.6795580607683019 0.2702702702702703 0.6795580607683019 0.2937720329024677 0.5665753024987555 0.2937720329024677
6 0.1345824032328422 0.3948296122209165 0.37882454243318553 0.3948296122209165 0.37882454243318553 0.4242068155111633 0.1345824032328422 0.4242068155111633
6 0.13956693668591044 0.43008225616921275 0.37217849782909457 0.43008225616921275 0.37217849782909457 0.47121034077555823 0.13956693668591044 0.47121034077555823
9 0.3987626762454584 0.3948296122209165 0.4519310330781863 0.3948296122209165 0.4519310330781863 0.41010575793184484 0.3987626762454584 0.41010575793184484
9 0.40707023200057213 0.43008225616921275 0.4519310330781863 0.43008225616921275 0.4519310330781863 0.4512338425381904 0.40707023200057213 0.4512338425381904
10 0.46023858883329993 0.40070505287896585 0.511745434515005 0.40070505287896585 0.511745434515005 0.41010575793184484 0.46023858883329993 0.41010575793184484
10 0.4619000999843227 0.43478260869565216 0.5067609010619367 0.43478260869565216 0.5067609010619367 0.44653349001175086 0.4619000999843227 0.44653349001175086
7 0.5665753024987555 0.3913043478260869 0.621405170482506 0.3913043478260869 0.621405170482506 0.41010575793184484 0.5665753024987555 0.41010575793184484
7 0.5782058805559147 0.42773207990599293 0.6313742373886425 0.42773207990599293 0.6313742373886425 0.44770857814336074 0.5782058805559147 0.44770857814336074
8 0.6612814381070519 0.3948296122209165 0.7327264176010299 0.3948296122209165 0.7327264176010299 0.4136310223266745 0.6612814381070519 0.4136310223266745
8 0.6845425942213703 0.4324324324324324 0.7310649064500071 0.4324324324324324 0.7310649064500071 0.44653349001175086 0.6845425942213703 0.44653349001175086
11 0.7676181517725076 0.39600470035252644 0.804171397095008 0.39600470035252644 0.804171397095008 0.4136310223266745 0.7676181517725076 0.4136310223266745
11 0.764295129470462 0.4336075205640422 0.8058329082460305 0.4336075205640422 0.8058329082460305 0.44653349001175086 0.764295129470462 0.44653349001175086
5 0.8523552204746675 0.3948296122209165 0.9105081107604635 0.3948296122209165 0.9105081107604635 0.41010575793184484 0.8523552204746675 0.41010575793184484
5 0.8656473096828492 0.43478260869565216 0.9138311330625088 0.43478260869565216 0.9138311330625088 0.44653349001175086 0.8656473096828492 0.44653349001175086
19 0.38713209818829925 0.5569917743830788 0.4486080107761407 0.5569917743830788 0.4486080107761407 0.5746180963572268 0.38713209818829925 0.5746180963572268
17 0.5599292578946645 0.5828437132784959 0.6446663265968244 0.5828437132784959 0.6446663265968244 0.5969447708578144 0.5599292578946645 0.5969447708578144
18 0.6862041053723931 0.5804935370152762 0.7593105960173937 0.5804935370152762 0.7593105960173937 0.6016451233842539 0.6862041053723931 0.6016451233842539
16 0.8324170866623943 0.5828437132784959 0.918815666515577 0.5828437132784959 0.918815666515577 0.5981198589894242 0.8324170866623943 0.5981198589894242
