4 0.21139287661442133 0.027490696755733186 0.33118217336259337 0.027490696755733186 0.33118217336259337 0.04642807571948689 0.21139287661442133 0.04642807571948689
3 0.4854989732911209 0.057890173513337834 0.5954232691306199 0.057890173513337834 0.5954232691306199 0.07632920039909803 0.4854989732911209 0.07632920039909803
14 0.0803292931134801 0.21188096561333516 0.2910175268058533 0.21188096561333516 0.2910175268058533 0.2318150487330759 0.0803292931134801 0.2318150487330759
13 0.08173857895757625 0.23131669665508242 0.32484038706416074 0.23131669665508242 0.32484038706416074 0.26171617341268705 0.08173857895757625 0.26171617341268705
15 0.14727037070804685 0.2756700315965056 0.257899309469594 0.2756700315965056 0.257899309469594 0.2911189460143047 0.14727037070804685 0.2911189460143047
12 0.1331775122670854 0.2916172980922982 0.3988278938792081 0.2916172980922982 0.3988278938792081 0.30756456458809084 0.1331775122670854 0.30756456458809084
1 0.4995918317320823 0.2128776697693222 0.7589004270457727 0.2128776697693222 0.7589004270457727 0.23081834457708889 0.4995918317320823 0.23081834457708889
0 0.4988871888100343 0.23281175288906297 0.6947779211393982 0.23281175288906297 0.6947779211393982 0.26071946925670003 0.4988871888100343 0.26071946925670003
2 0.5623050517943606 0.2756700315965056 0.6806850626984366 0.2756700315965056 0.6806850626984366 0.2911189460143047 0.5623050517943606 0.2911189460143047
6 0.1406819593868966 0.3957252896796623 0.3401945563355881 0.3957252896796623 0.3401945563355881 0.42587559039827133 0.1406819593868966 0.42587559039827133
6 0.14409243112961004 0.4319056505419931 0.3683309482129677 0.4319056505419931 0.3683309482129677 0.47110104147618326 0.14409243112961004 0.47110104147618326
9 0.40414090151145066 0.39753430772278003 0.43995085480993357 0.39753430772278003 0.43995085480993357 0.4083884159814789 0.40414090151145066 0.4083884159814789
9 0.40243566564009364 0.4319056505419926 0.4433613265526461 0.4319056505419926 0.4433613265526461 0.44939282495878563 0.40243566564009364 0.44939282495878563
10 0.46552939288027856 0.3981373137371523 0.5030445820501179 0.3981373137371523 0.5030445820501179 0.41080044003896743 0.46552939288027856 0.41080044003896743
10 0.462118921137566 0.4325086565563652 0.5064550537928307 0.4325086565563652 0.5064550537928307 0.4481868129300413 0.462118921137566 0.4481868129300413
7 0.5729592527757275 0.39632829569403566 0.6241163289164176 0.39632829569403566 0.6241163289164176 0.41321246409645607 0.5729592527757275 0.41321246409645607
7 0.5456754788340262 0.4343176745994818 0.621558475109383 0.4343176745994818 0.621558475109383 0.45059883698753006 0.5456754788340262 0.45059883698753006
8 0.6624841360219349 0.3957252896796637 0.7196095377123721 0.3957252896796637 0.7196095377123721 0.4108004400389675 0.6624841360219349 0.4108004400389675
8 0.6548105746008315 0.43130264452762085 0.7230200094550848 0.43130264452762085 0.7230200094550848 0.4463777948869248 0.6548105746008315 0.4463777948869248
11 0.7656509062389929 0.39632829569403566 0.811692274765614 0.39632829569403566 0.811692274765614 0.41260945808208405 0.7656509062389929 0.41260945808208405
11 0.7656509062389929 0.42889062047013227 0.8082818030229013 0.42889062047013227 0.8082818030229013 0.4536138670593907 0.7656509062389929 0.4536138670593907
5 0.853470553613844 0.3939162716365472 0.9105959553042812 0.3939162716365472 0.9105959553042812 0.41019743402459546 0.853470553613844 0.41019743402459546
5 0.8423865204500282 0.4300966324988766 0.9114485732399594 0.4300966324988766 0.9114485732399594 0.4493928249587857 0.8423865204500282 0.4493928249587857
19 0.3998778118330598 0.557933907545774 0.4408034727456118 0.557933907545774 0.4408034727456118 0.5718030458763337 0.3998778118330598 0.5718030458763337
17 0.5533490402551297 0.5808481360919161 0.6479896311154062 0.5808481360919161 0.6479896311154062 0.5983353105087086 0.5533490402551297 0.5983353105087086
18 0.6769786409284637 0.5814511421062882 0.7520090192681423 0.5814511421062882 0.7520090192681423 0.6001443285518251 0.6769786409284637 0.6001443285518251
16 0.8261867796721429 0.5814511421062882 0.9123011911756376 0.5814511421062882 0.9123011911756376 0.6001443285518251 0.8261867796721429 0.6001443285518251
