4 0.21202803587409716 0.02875846127852928 0.33111227520064485 0.02875846127852928 0.33111227520064485 0.048273131431816996 0.21202803587409716 0.048273131431816996
3 0.4806936977693573 0.05751692255705854 0.5968734434537941 0.05751692255705854 0.5968734434537941 0.07600450480754166 0.4806936977693573 0.07600450480754166
14 0.08277806880016123 0.2126071958805557 0.18879208673720982 0.2126071958805557 0.18879208673720982 0.23109477813103882 0.08277806880016123 0.23109477813103882
13 0.08277806880016123 0.23109477813103882 0.2309072445478182 0.23109477813103882 0.2309072445478182 0.2598532394095681 0.08277806880016123 0.2598532394095681
15 0.14232018846343508 0.27525955795163737 0.2730224023584265 0.27525955795163737 0.2730224023584265 0.2906658764937066 0.14232018846343508 0.2906658764937066
12 0.1379634480002687 0.29169296439651127 0.3746796798323087 0.29169296439651127 0.3746796798323087 0.3101805466469943 0.1379634480002687 0.3101805466469943
1 0.5024774000851892 0.21363428378336033 0.6694857845065669 0.21363428378336033 0.6694857845065669 0.22904060232542958 0.5024774000851892 0.22904060232542958
0 0.5039296469062446 0.23006769022823423 0.7057919550329537 0.23006769022823423 0.7057919550329537 0.26293450311798194 0.5039296469062446 0.26293450311798194
2 0.5678285070326848 0.27628664585444196 0.6781992654328999 0.27628664585444196 0.6781992654328999 0.29169296439651127 0.5678285070326848 0.29169296439651127
6 0.1350589543581578 0.3954288425797775 0.2846403769268701 0.3954288425797775 0.2846403769268701 0.4098080732190421 0.1350589543581578 0.4098080732190421
6 0.1379634480002687 0.4231602159555022 0.3659661989059759 0.4231602159555022 0.3659661989059759 0.46013538045646846 0.1379634480002687 0.46013538045646846
9 0.40517686307447337 0.3954288425797775 0.4429352804219154 0.3954288425797775 0.4429352804219154 0.4118622490246514 0.40517686307447337 0.4118622490246514
9 0.40227236943236244 0.42213312805269754 0.4429352804219155 0.42213312805269754 0.4429352804219155 0.4354852707891576 0.40227236943236244 0.4354852707891576
10 0.46326673591669176 0.39645593048258226 0.5053818937273001 0.39645593048258226 0.5053818937273001 0.41186224902465146 0.46326673591669176 0.41186224902465146
10 0.4603622422745809 0.4231602159555022 0.5053818937273002 0.4231602159555022 0.5053818937273002 0.4354852707891576 0.4603622422745809 0.4354852707891576
7 0.5707330006747958 0.39234757887136373 0.6201093925906814 0.39234757887136373 0.6201093925906814 0.4118622490246514 0.5707330006747958 0.4118622490246514
7 0.5707330006747958 0.42213312805269754 0.6215616394117369 0.42213312805269754 0.6215616394117369 0.43753944659476685 0.5707330006747958 0.43753944659476685
8 0.6694857845065669 0.3933746667741683 0.7275756573487855 0.3933746667741683 0.7275756573487855 0.41186224902465135 0.6694857845065669 0.41186224902465135
8 0.6709380313276224 0.4231602159555022 0.7232189168856192 0.4231602159555022 0.7232189168856192 0.43651235869196225 0.6709380313276224 0.43651235869196225
11 0.7711430619804492 0.3944017546769729 0.8103537261489466 0.3944017546769729 0.8103537261489466 0.41288933692745605 0.7711430619804492 0.41288933692745605
11 0.7740475556225603 0.4200789522470883 0.8089014793278912 0.4200789522470883 0.8089014793278912 0.4385665344975715 0.7740475556225603 0.4385665344975715
5 0.8669913521701098 0.39645593048258226 0.9105587568017736 0.39645593048258226 0.9105587568017736 0.41597060063586994 0.8669913521701098 0.41597060063586994
5 0.8640868585279988 0.4231602159555022 0.9105587568017736 0.4231602159555022 0.9105587568017736 0.43651235869196225 0.8640868585279988 0.43651235869196225
19 0.3964633821481406 0.5453836763892517 0.4371262931376936 0.5453836763892517 0.4371262931376936 0.5607899949313209 0.3964633821481406 0.5607899949313209
17 0.5663762602116295 0.5700337860565624 0.643345341727569 0.5700337860565624 0.643345341727569 0.5885213683070455 0.5663762602116295 0.5885213683070455
18 0.6869127463592326 0.5731150497649763 0.7624295810541165 0.5731150497649763 0.7624295810541165 0.587494280404241 0.6869127463592326 0.587494280404241
16 0.8379464157490004 0.5700337860565624 0.9134632504438843 0.5700337860565624 0.9134632504438843 0.5895484562098502 0.8379464157490004 0.5895484562098502
