4 0.21202174909132207 0.028343073138998517 0.32699128909154607 0.028343073138998517 0.32699128909154607 0.04418290280887492 0.21202174909132207 0.04418290280887492
3 0.47779549091002155 0.05368680061080076 0.6151616945466528 0.05368680061080076 0.6151616945466528 0.079030528082603 0.47779549091002155 0.079030528082603
14 0.07913487818197232 0.21102910866490635 0.28219796181873147 0.21102910866490635 0.28219796181873147 0.230036904268758 0.07913487818197232 0.230036904268758
13 0.07764176727287851 0.23320487020273326 0.2986221818187635 0.23320487020273326 0.2986221818187635 0.2606605749638524 0.07764176727287851 0.2606605749638524
15 0.1463248690911941 0.27333243869975354 0.2702530745459809 0.27333243869975354 0.2702530745459809 0.28917226836962995 0.1463248690911941 0.28917226836962995
12 0.13736620363663118 0.2933962229482636 0.3897019472734864 0.2933962229482636 0.3897019472734864 0.3081800639734816 0.13736620363663118 0.3081800639734816
1 0.5001921545464287 0.21525306324354004 0.7346105672741581 0.21525306324354004 0.7346105672741581 0.2279249269794412 0.5001921545464287 0.2279249269794412
0 0.5031783763646165 0.23320487020273334 0.695789683637719 0.23320487020273334 0.695789683637719 0.26488452954248615 0.5031783763646165 0.26488452954248615
2 0.5658890345465568 0.27544441598907043 0.6853379072740622 0.27544441598907043 0.6853379072740622 0.2912842456589468 0.5658890345465568 0.2912842456589468
6 0.14184553636391264 0.3968831101247895 0.36730528363707904 0.3968831101247895 0.36730528363707904 0.4232828262412502 0.14184553636391264 0.4232828262412502
6 0.14483175818210028 0.4306747467538591 0.36133284000070387 0.4306747467538591 0.36133284000070387 0.4708023152508793 0.14483175818210028 0.4708023152508793
6 0.14035242545481882 0.4813622016974637 0.3717846163643605 0.4813622016974637 0.3717846163643605 0.519377792905167 0.14035242545481882 0.519377792905167
6 0.14035242545481882 0.5309936679964097 0.35536039636432853 0.5309936679964097 0.35536039636432853 0.569009259204113 0.14035242545481882 0.569009259204113
9 0.4031399454553306 0.3937151441908142 0.44196082909176987 0.3937151441908142 0.44196082909176987 0.41377892843932434 0.4031399454553306 0.41377892843932434
9 0.3986606127280492 0.4296187581092007 0.43748149636448846 0.4296187581092007 0.43748149636448846 0.4496825423577108 0.3986606127280492 0.4496825423577108
9 0.40463305636442454 0.47713824711882985 0.4389746072735822 0.47713824711882985 0.4389746072735822 0.5035379632352905 0.40463305636442454 0.5035379632352905
9 0.40164683454623684 0.5299376793517513 0.44345394000086374 0.5299376793517513 0.44345394000086374 0.5478894863109445 0.40164683454623684 0.5478894863109445
10 0.4673437145463648 0.3989950874141063 0.5001921545464287 0.3989950874141063 0.5001921545464287 0.410610962505349 0.4673437145463648 0.410610962505349
10 0.46137127090998953 0.432786724043176 0.5031783763646165 0.432786724043176 0.5031783763646165 0.4496825423577108 0.46137127090998953 0.4496825423577108
10 0.45987816000089576 0.4792502244081468 0.506164598182804 0.4792502244081468 0.506164598182804 0.4993140086566569 0.45987816000089576 0.4993140086566569
10 0.46137127090998953 0.5288816907070928 0.5046714872737103 0.5288816907070928 0.5046714872737103 0.5500014636002614 0.46137127090998953 0.5500014636002614
7 0.5763408109102135 0.3916031669014973 0.622627249092122 0.3916031669014973 0.622627249092122 0.4095549738606905 0.5763408109102135 0.4095549738606905
7 0.5629028127283691 0.4306747467538591 0.622627249092122 0.4306747467538591 0.622627249092122 0.45390649693634444 0.5629028127283691 0.45390649693634444
7 0.5688752563647443 0.48241819034212197 0.6151616945466528 0.48241819034212197 0.6151616945466528 0.5035379632352905 0.5688752563647443 0.5035379632352905
7 0.5599165909101814 0.5278257020624344 0.621134138183028 0.5278257020624344 0.621134138183028 0.554225418178895 0.5599165909101814 0.554225418178895
8 0.6823516854558745 0.3894911896121805 0.7256519018195952 0.3894911896121805 0.7256519018195952 0.4137789284393243 0.6823516854558745 0.4137789284393243
8 0.6659274654558425 0.4348987013324928 0.7196794581832199 0.4348987013324928 0.7196794581832199 0.45179451964702755 0.6659274654558425 0.45179451964702755
8 0.6733930200013115 0.4792502244081468 0.7166932363650321 0.4792502244081468 0.7166932363650321 0.5003699973013153 0.6733930200013115 0.5003699973013153
8 0.6704067981831241 0.534161633930385 0.7166932363650326 0.534161633930385 0.7166932363650326 0.5468334976662861 0.6704067981831241 0.5468334976662861
11 0.7734314509105974 0.39582712148013105 0.8137454454561304 0.39582712148013105 0.8137454454561304 0.41272293979466584 0.7734314509105974 0.41272293979466584
11 0.7740394645189583 0.43250752644441404 0.8138122433282329 0.43250752644441404 0.8138122433282329 0.45198139667580356 0.7740394645189583 0.45198139667580356
11 0.7719998348364314 0.4808315747963809 0.8107527988044425 0.4808315747963809 0.8107527988044425 0.49669917276269826 0.7719998348364314 0.49669917276269826
11 0.7709800199951679 0.5284343686953332 0.809732983963179 0.5284343686953332 0.809732983963179 0.5471869844737083 0.7709800199951679 0.5471869844737083
5 0.8627633557088783 0.39788731269972144 0.9127342829307874 0.39788731269972144 0.9127342829307874 0.4108698928539812 0.8627633557088783 0.4108698928539812
5 0.8566444666612976 0.4339500353504429 0.909674838406997 0.4339500353504429 0.909674838406997 0.45198139667580367 0.8566444666612976 0.45198139667580367
5 0.8637831705501418 0.4815528292493953 0.9076352087244701 0.4815528292493953 0.9076352087244701 0.4974204272157128 0.8637831705501418 0.4974204272157128
5 0.8546048369787707 0.5305981320543764 0.9086550235657336 0.5305981320543764 0.9086550235657336 0.546465730020694 0.8546048369787707 0.546465730020694
19 0.4004812881641567 0.6553111505978593 0.4408659558781892 0.6553111505978593 0.4408659558781892 0.6703853686658607 0.4004812881641567 0.6703853686658607
17 0.5508019957663891 0.6822860671405989 0.6472764797499115 0.6822860671405989 0.6472764797499115 0.6965669053102845 0.5508019957663891 0.6965669053102845
18 0.6786867768608257 0.6791125475473356 0.7538471306619422 0.6791125475473356 0.7538471306619422 0.6949801455136531 0.6786867768608257 0.6949801455136531
16 0.8256420954868888 0.6791125475473356 0.9108986162165132 0.6791125475473356 0.9108986162165132 0.6965669053102846 0.8256420954868888 0.6965669053102846
