4 0.20785370097053021 0.030352217740491187 0.3267749726700872 0.030352217740491187 0.3267749726700872 0.04863612006849929 0.20785370097053021 0.04863612006849929
3 0.4839578709164583 0.056681037092822836 0.5977086525421216 0.056681037092822836 0.5977086525421216 0.07423358332771061 0.4839578709164583 0.07423358332771061
14 0.0837619391970794 0.2124598849274518 0.35262742303955613 0.2124598849274518 0.35262742303955613 0.23074378725545996 0.0837619391970794 0.23074378725545996
13 0.08065964515274315 0.23220649944170055 0.33091136472920224 0.23220649944170055 0.33091136472920224 0.2621920992596338 0.08065964515274315 0.2621920992596338
15 0.14580782008380483 0.27608786502892 0.2585245036946893 0.27608786502892 0.2585245036946893 0.28778956251884513 0.14580782008380483 0.28778956251884513
12 0.13650093795079601 0.2907149868913265 0.38261626546814004 0.2907149868913265 0.38261626546814004 0.3053421087537329 0.13650093795079601 0.3053421087537329
1 0.5015375371676971 0.21538530929993313 0.6204588088672541 0.21538530929993313 0.6204588088672541 0.2292810750692193 0.5015375371676971 0.2292810750692193
0 0.5025716351824759 0.2329378555348209 0.6545840433549531 0.2329378555348209 0.6545840433549531 0.2651175236321151 0.5025716351824759 0.2651175236321151
2 0.5646175160692013 0.27462515284267935 0.6763001016653072 0.27462515284267935 0.6763001016653072 0.2907149868913265 0.5646175160692013 0.2907149868913265
6 0.14063733000991105 0.3960302643006531 0.36813889326123755 0.3960302643006531 0.36813889326123755 0.4464938347259554 0.14063733000991105 0.4464938347259554
9 0.39916183370460023 0.39676162039377355 0.44362804834008684 0.39676162039377355 0.44362804834008684 0.40919467397681897 0.39916183370460023 0.40919467397681897
10 0.4632759106208832 0.3989556886731344 0.5067080272415908 0.3989556886731344 0.5067080272415908 0.4091946739768189 0.4632759106208832 0.4091946739768189
7 0.5687539081283164 0.3931048399281718 0.6204588088672541 0.3931048399281718 0.6204588088672541 0.41212009834930025 0.5687539081283164 0.41212009834930025
8 0.6680273175470771 0.39676162039377355 0.7280050024042448 0.39676162039377355 0.7280050024042448 0.41212009834930025 0.6680273175470771 0.41212009834930025
11 0.7704030210101739 0.39676162039377355 0.8045282554978729 0.39676162039377355 0.8045282554978729 0.41212009834930025 0.7704030210101739 0.41212009834930025
5 0.8562331562368108 0.3974929764868938 0.9079380569757486 0.3974929764868938 0.9079380569757486 0.41212009834930025 0.8562331562368108 0.41212009834930025
19 0.3929572456159277 0.531331141527913 0.4405257542957505 0.531331141527913 0.4405257542957505 0.5459582633903195 0.3929572456159277 0.5459582633903195
17 0.5687539081283164 0.5576599608802447 0.655618141369732 0.5576599608802447 0.655618141369732 0.5715557266495308 0.5687539081283164 0.5715557266495308
18 0.6866410818130947 0.5554658926008836 0.7548915507884925 0.5554658926008836 0.7548915507884925 0.5722870827426512 0.6866410818130947 0.5722870827426512
16 0.8334829999116782 0.554003180414643 0.9120744490348637 0.554003180414643 0.9120744490348637 0.5722870827426512 0.8334829999116782 0.5722870827426512
