4 0.21304003928986115 0.02557059816613644 0.3240451123935256 0.02557059816613644 0.3240451123935256 0.0485676842053644 0.21304003928986115 0.0485676842053644
3 0.47765819335516235 0.054118704973453904 0.5886632664588269 0.054118704973453904 0.5886632664588269 0.07790879397955179 0.47765819335516235 0.07790879397955179
14 0.08409475235126097 0.2127192983474398 0.20519119573707675 0.2127192983474398 0.20519119573707675 0.22857935768483845 0.08409475235126097 0.22857935768483845
13 0.08409475235126097 0.22857935768483845 0.2567693105125169 0.22857935768483845 0.2567693105125169 0.25950647339276567 0.08409475235126097 0.25950647339276567
15 0.1457642374088524 0.2737805267964244 0.2578905738772004 0.2737805267964244 0.2578905738772004 0.28964058613382304 0.1457642374088524 0.28964058613382304
12 0.13567286712670107 0.2920195950344328 0.3733807004395987 0.2920195950344328 0.3733807004395987 0.3078796543718314 0.13567286712670107 0.3078796543718314
1 0.5000834606488319 0.2127192983474398 0.5886632664588269 0.2127192983474398 0.5886632664588269 0.2277863547179685 0.5000834606488319 0.2277863547179685
0 0.4989621972841486 0.23095836658544822 0.6873344425509732 0.23095836658544822 0.6873344425509732 0.2666435000945951 0.4989621972841486 0.2666435000945951
2 0.5651167086799691 0.2753665208615276 0.6738792550542664 0.2753665208615276 0.6738792550542664 0.29360558909953594 0.5651167086799691 0.29360558909953594
6 0.13455160376201755 0.39748898962813345 0.34647037968719524 0.39748898962813345 0.34647037968719524 0.4339671261041503 0.13455160376201755 0.4339671261041503
9 0.40253354792136925 0.3927309718269138 0.44177776568529104 0.3927309718269138 0.44177776568529104 0.4093840341311824 0.40253354792136925 0.4093840341311824
10 0.4608392428849102 0.3966959866612635 0.5056897774722493 0.3966959866612635 0.5056897774722493 0.41017703709805237 0.4608392428849102 0.41017703709805237
7 0.5718443159885747 0.39114496589317405 0.6178161139405973 0.39114496589317405 0.6178161139405973 0.40859103116431245 0.5718443159885747 0.40859103116431245
8 0.6839706524569226 0.3927309718269138 0.7243361335855278 0.3927309718269138 0.7243361335855278 0.40859103116431245 0.6839706524569226 0.40859103116431245
11 0.771429194902234 0.3935239747937837 0.8084308859367889 0.3935239747937837 0.8084308859367889 0.4093840341311824 0.771429194902234 0.4093840341311824
5 0.8723428977237472 0.3951099807275236 0.9127083788523523 0.3951099807275236 0.9127083788523523 0.4101770370980523 0.8723428977237472 0.4101770370980523
19 0.4047751728939561 0.5211973219048378 0.4316854936463597 0.5211973219048378 0.4316854936463597 0.5330923664078867 0.4047751728939561 0.5330923664078867
17 0.5864207397294599 0.5418155295984606 0.6480902247870513 0.5418155295984606 0.6480902247870513 0.5592615948695991 0.5864207397294599 0.5592615948695991
18 0.6951832861037575 0.5457805444328102 0.7501251909732479 0.5457805444328102 0.7501251909732479 0.5576755889358592 0.6951832861037575 0.5576755889358592
16 0.857766473982862 0.5434015355322005 0.913829642217036 0.5434015355322005 0.913829642217036 0.5576755889358592 0.857766473982862 0.5576755889358592
