4 0.2091552382902164 0.02934206990320173 0.33640869479726837 0.02934206990320173 0.33640869479726837 0.04850310687786218 0.2091552382902164 0.04850310687786218
3 0.4817239322279021 0.058954581591313324 0.6007674883151441 0.058954581591313324 0.6007674883151441 0.07695434359781253 0.4817239322279021 0.07695434359781253
14 0.08000696436574226 0.21566540393581912 0.3315216942681204 0.21566540393581912 0.3315216942681204 0.23086130470977528 0.08000696436574226 0.23086130470977528
13 0.07958566666071316 0.23235109890330033 0.26706314539866666 0.23235109890330033 0.26706314539866666 0.26333881812862275 0.07958566666071316 0.26333881812862275
15 0.14572940635028328 0.2785347189025789 0.2632714660534047 0.2785347189025789 0.2632714660534047 0.2901551136120748 0.14572940635028328 0.2901551136120748
12 0.13261672353562046 0.2930182357039662 0.36392496226053983 0.2930182357039662 0.36392496226053983 0.30828668945514703 0.13261672353562046 0.30828668945514703
1 0.4977587429914844 0.21550493747748292 0.7137159465894056 0.21550493747748292 0.7137159465894056 0.23090940943853255 0.4977587429914844 0.23090940943853255
0 0.49636846056488837 0.23222042832883466 0.701666832225573 0.23222042832883466 0.701666832225573 0.26466814586381165 0.49636846056488837 0.26466814586381165
2 0.5631020170414992 0.2758118064313794 0.6808125958266319 0.2758118064313794 0.6808125958266319 0.29449382561818443 0.5631020170414992 0.29449382561818443
6 0.13866360212478535 0.39582332556230676 0.3631867991804405 0.39582332556230676 0.3631867991804405 0.4346488222438808 0.13866360212478535 0.4346488222438808
6 0.13804678015485222 0.4438098944945894 0.3588690453909086 0.4438098944945894 0.3588690453909086 0.47434680199695095 0.13804678015485222 0.47434680199695095
6 0.13804678015485222 0.48263539117616344 0.3619531552405743 0.48263539117616344 0.3619531552405743 0.5223333709292336 0.13804678015485222 0.5223333709292336
6 0.13699388161939768 0.5320593239232717 0.36687109337407237 0.5320593239232717 0.36687109337407237 0.5610911981273027 0.13699388161939768 0.5610911981273027
6 0.13720026334829952 0.5693195965883958 0.34445244524582735 0.5693195965883958 0.34445244524582735 0.6094538178772141 0.13720026334829952 0.6094538178772141
6 0.13834863835617078 0.6193785877522267 0.3446139051018056 0.6193785877522267 0.3446139051018056 0.6462510663543048 0.13834863835617078 0.6462510663543048
6 0.13970564669002364 0.6539289173834704 0.35275595510492286 0.6539289173834704 0.35275595510492286 0.6841604558108083 0.13970564669002364 0.6841604558108083
9 0.4022933563322869 0.39789563498875097 0.4447385415027035 0.39789563498875097 0.4447385415027035 0.41386316580096794 0.4022933563322869 0.41386316580096794
9 0.4050026234708241 0.44579822742540215 0.4438354524565245 0.44579822742540215 0.4438354524565245 0.46112705700513046 0.4050026234708241 0.46112705700513046
9 0.40590571251700325 0.48348160014223435 0.4429323634103454 0.48348160014223435 0.4429323634103454 0.49817172848947394 0.40590571251700325 0.49817172848947394
9 0.40319644537846594 0.5313841925788855 0.4438354524565245 0.5313841925788855 0.4438354524565245 0.5473517233911025 0.40319644537846594 0.5473517233911025
9 0.40409953442464497 0.5677901628307404 0.4411261853179872 0.5677901628307404 0.4411261853179872 0.5850350961079347 0.40409953442464497 0.5850350961079347
9 0.4053058942119884 0.6193427748233149 0.44302889072029483 0.6193427748233149 0.44302889072029483 0.6319613316424728 0.4053058942119884 0.6319613316424728
9 0.40224727287347706 0.6561168546962888 0.44251912049720954 0.6561168546962888 0.44251912049720954 0.6694564719051126 0.40224727287347706 0.6694564719051126
10 0.4613846039960321 0.39903051842545934 0.5054195244295573 0.39903051842545934 0.5054195244295573 0.41328252939834725 0.4613846039960321 0.41328252939834725
10 0.4636236677468893 0.4475929261849293 0.5054195244295573 0.4475929261849293 0.5054195244295573 0.46237278941607246 0.4636236677468893 0.46237278941607246
10 0.4621309585796512 0.48507043652104204 0.5098976519312719 0.48507043652104204 0.5098976519312719 0.5019617087852056 0.4621309585796512 0.5019617087852056
10 0.460638249412413 0.5315214352474916 0.5076585881804146 0.5315214352474916 0.5076585881804146 0.5489405597699102 0.460638249412413 0.5489405597699102
10 0.4643700223305084 0.5700546501001146 0.5054195244295574 0.5700546501001146 0.5054195244295574 0.5853623655895128 0.4643700223305084 0.5853623655895128
10 0.4613846039960328 0.6191449101178395 0.5128830702657488 0.6191449101178395 0.5128830702657488 0.6349804778654923 0.4613846039960328 0.6349804778654923
10 0.4584283025958425 0.6549159171033798 0.5107879244272698 0.6549159171033798 0.5107879244272698 0.6734313420982161 0.4584283025958425 0.6734313420982161
7 0.5660564141382207 0.39672860189760767 0.6285970735479811 0.39672860189760767 0.6285970735479811 0.4142153921705086 0.5660564141382207 0.4142153921705086
7 0.5660564141382207 0.4430171643846983 0.6227793377889336 0.4430171643846983 0.6227793377889336 0.4646184935453406 0.5660564141382207 0.4646184935453406
7 0.5733285838370301 0.4831339185401769 0.6242337717286955 0.4831339185401769 0.6242337717286955 0.5006207088130779 0.5733285838370301 0.5006207088130779
7 0.5660564141382207 0.5325083851930735 0.6242337717286955 0.5325083851930735 0.6242337717286955 0.5479379060221038 0.5660564141382207 0.5479379060221038
7 0.5733285838370301 0.5674819657388753 0.6242337717286955 0.5674819657388753 0.6242337717286955 0.590111929621453 0.5733285838370301 0.590111929621453
7 0.5660564141382207 0.616856432391772 0.6227793377889336 0.616856432391772 0.6227793377889336 0.6384577615524142 0.5660564141382207 0.6384577615524142
7 0.5689652820177445 0.6538872823814444 0.61987046990941 0.6538872823814444 0.61987046990941 0.6734313420982161 0.5689652820177445 0.6734313420982161
8 0.6605946202227423 0.39364269773180177 0.7216808456927408 0.39364269773180177 0.7216808456927408 0.4173012963363148 0.6605946202227423 0.4173012963363148
8 0.6693212238613134 0.44507443382856904 0.7260441475120264 0.44507443382856904 0.7260441475120264 0.4666757629892113 0.6693212238613134 0.4666757629892113
8 0.6693212238613134 0.4821052838182415 0.7289530153915503 0.4821052838182415 0.7289530153915503 0.5006207088130777 0.6693212238613134 0.5006207088130777
8 0.6605946202227423 0.5294224810272675 0.730407449331312 0.5294224810272675 0.730407449331312 0.5499951754659744 0.6605946202227423 0.5499951754659744
8 0.6664123559817898 0.56645333101694 0.7274985814517883 0.56645333101694 0.7274985814517883 0.587026025455647 0.6664123559817898 0.587026025455647
8 0.6722300917408373 0.616856432391772 0.7245897135722645 0.616856432391772 0.7245897135722645 0.637429126830479 0.6722300917408373 0.637429126830479
8 0.6635034881022661 0.6528586476595092 0.7274985814517883 0.6528586476595092 0.7274985814517883 0.6734313420982161 0.6635034881022661 0.6734313420982161
11 0.7667682978253587 0.39364269773180177 0.8162190517772624 0.39364269773180177 0.8162190517772624 0.4142153921705086 0.7667682978253587 0.4142153921705086
11 0.7638594299458349 0.4430171643846983 0.819127919656786 0.4430171643846983 0.819127919656786 0.46358985882340537 0.7638594299458349 0.46358985882340537
11 0.762404996006073 0.4821052838182415 0.8176734857170241 0.4821052838182415 0.8176734857170241 0.5026779782569485 0.762404996006073 0.5026779782569485
11 0.7594961281265493 0.5294224810272675 0.8147646178375003 0.5294224810272675 0.8147646178375003 0.5499951754659744 0.7594961281265493 0.5499951754659744
11 0.7638594299458349 0.5685106004608107 0.8162190517772624 0.5685106004608107 0.8162190517772624 0.5901119296214531 0.7638594299458349 0.5901119296214531
11 0.7667682978253587 0.6147991629479013 0.8104013160182146 0.6147991629479013 0.8104013160182146 0.6364004921085437 0.7667682978253587 0.6364004921085437
11 0.7580416941867874 0.6497727434937032 0.8191279196567859 0.6497727434937032 0.8191279196567859 0.6754886115420867 0.7580416941867874 0.6754886115420867
5 0.8511254663315472 0.39261406300986645 0.9122116918015455 0.39261406300986645 0.9122116918015455 0.4173012963363148 0.8511254663315472 0.4173012963363148
5 0.8627609378496421 0.4430171643846983 0.9136661257413075 0.4430171643846983 0.9136661257413075 0.4605039546575993 0.8627609378496421 0.4605039546575993
5 0.864215371789404 0.4831339185401769 0.9136661257413075 0.4831339185401769 0.9136661257413075 0.4985634393692071 0.864215371789404 0.4985634393692071
5 0.8496710323917854 0.5304511157492029 0.9151205596810696 0.5304511157492029 0.9151205596810696 0.5499951754659744 0.8496710323917854 0.5499951754659744
5 0.8554887681508327 0.5643960615730693 0.9122116918015457 0.5643960615730693 0.9122116918015457 0.5901119296214531 0.8554887681508327 0.5901119296214531
5 0.8569432020905946 0.616856432391772 0.9151205596810694 0.616856432391772 0.9151205596810694 0.6384577615524142 0.8569432020905946 0.6384577615524142
5 0.8467621645122614 0.6549159171033798 0.9151205596810693 0.6549159171033798 0.9151205596810693 0.6734313420982161 0.8467621645122614 0.6734313420982161
19 0.39497046644337713 0.7667624248866849 0.44644654207558465 0.7667624248866849 0.44644654207558465 0.7852847606288565 0.39497046644337713 0.7852847606288565
17 0.5611388509403277 0.7916717729537432 0.6433199541426239 0.7916717729537432 0.6433199541426239 0.8101941086959151 0.5611388509403277 0.8101941086959151
18 0.6866682283592198 0.7961426815811643 0.7571091739611879 0.7961426815811643 0.7571091739611879 0.8101941086959152 0.6866682283592198 0.8101941086959152
16 0.8329686538402306 0.7929491754187208 0.9142466679963476 0.7929491754187208 0.9142466679963476 0.8095554074634264 0.8329686538402306 0.8095554074634264
