4 0.21029294404638668 0.030813261840683507 0.3310417957891506 0.030813261840683507 0.3310417957891506 0.047125332869197956 0.21029294404638668 0.047125332869197956
3 0.48570886431358984 0.05672066876832412 0.6010308013712857 0.05672066876832412 0.6010308013712857 0.08070900851613949 0.48570886431358984 0.08070900851613949
14 0.08004699160475362 0.21408417751399297 0.3337552531316847 0.21408417751399297 0.3337552531316847 0.22847718136268216 0.08004699160475362 0.22847718136268216
13 0.08547390628982168 0.22943671495259477 0.3229014237615485 0.22943671495259477 0.3229014237615485 0.26877759213901203 0.08547390628982168 0.26877759213901203
15 0.14924015383937117 0.2764538608583129 0.2645620908970671 0.2764538608583129 0.2645620908970671 0.29084686470700216 0.14924015383937117 0.29084686470700216
12 0.13567286712670107 0.2927659318868274 0.38395421396856405 0.2927659318868274 0.38395421396856405 0.3071589357355166 0.13567286712670107 0.3071589357355166
1 0.49927615102625994 0.2150437111039056 0.6254519174540919 0.2150437111039056 0.6254519174540919 0.2275176477727696 0.49927615102625994 0.2275176477727696
0 0.49927615102625994 0.23231531572233263 0.7801189859785312 0.23231531572233263 0.7801189859785312 0.26589899136927414 0.49927615102625994 0.26589899136927414
2 0.561685612476874 0.27549432726840023 0.681077735548371 0.27549432726840023 0.681077735548371 0.29564453265656515 0.561685612476874 0.29564453265656515
6 0.12888919915850802 0.39063828625266156 0.35274942991756475 0.39063828625266156 0.35274942991756475 0.4357363649785546 0.12888919915850802 0.4357363649785546
6 0.1410997818117691 0.44821037345267106 0.34732253984435474 0.44821037345267106 0.34732253984435474 0.4865917170491756 0.1410997818117691 0.4865917170491756
6 0.1410997818117691 0.505782388847428 0.3636032838995589 0.505782388847428 0.3636032838995589 0.5460827996237578 0.1410997818117691 0.5460827996237578
9 0.4056618727088362 0.3925574252377394 0.44500700417557953 0.3925574252377394 0.44500700417557953 0.41174809703599163 0.4056618727088362 0.41174809703599163
9 0.40023495802376824 0.438615037553545 0.45857429088824964 0.438615037553545 0.45857429088824964 0.4654819780710981 0.40023495802376824 0.4654819780710981
9 0.3907378573248991 0.505782388847428 0.44636373284684655 0.505782388847428 0.44636373284684655 0.5259325942355928 0.3907378573248991 0.5259325942355928
10 0.45857429088824964 0.3954360260074772 0.51284343773893 0.3954360260074772 0.51284343773893 0.41270763062590426 0.45857429088824964 0.41270763062590426
10 0.4667146629158516 0.44341270550310796 0.5087732517251289 0.44341270550310796 0.5087732517251289 0.4635629108912729 0.4667146629158516 0.4635629108912729
10 0.46264447690205057 0.5038633216676027 0.5019896083687939 0.5038633216676027 0.5019896083687939 0.5211349262860298 0.46264447690205057 0.5211349262860298
7 0.5806798713022806 0.3915978916478268 0.6186682740977569 0.3915978916478268 0.6186682740977569 0.4098290298561664 0.5806798713022806 0.4098290298561664
7 0.5671125845896104 0.43957457114345755 0.6186682740977569 0.43957457114345755 0.6186682740977569 0.4597247765316224 0.5671125845896104 0.4597247765316224
7 0.5684693132608775 0.5077014560272531 0.6159548167552229 0.5077014560272531 0.6159548167552229 0.5268921278255054 0.5684693132608775 0.5268921278255054
8 0.6729374209484372 0.39351695882765214 0.7244931104565837 0.39351695882765214 0.7244931104565837 0.4127076306259043 0.6729374209484372 0.4127076306259043
8 0.6702239636059032 0.43957457114345755 0.7204229244427826 0.43957457114345755 0.7204229244427826 0.4597247765316224 0.6702239636059032 0.4597247765316224
8 0.6756508782909713 0.5038633216676027 0.7177094671002486 0.5038633216676027 0.7177094671002486 0.5182563255162921 0.6756508782909713 0.5182563255162921
11 0.7665516992658611 0.3925574252377394 0.8113237454176723 0.3925574252377394 0.8113237454176723 0.41174809703599163 0.7665516992658611 0.41174809703599163
11 0.7584113272382589 0.4414936383232827 0.8113237454176724 0.4414936383232827 0.8113237454176724 0.4626033773013603 0.7584113272382589 0.4626033773013603
11 0.770621885279662 0.5019442544877775 0.8140372027602064 0.5019442544877775 0.8140372027602064 0.5249730606456802 0.770621885279662 0.5249730606456802
5 0.8655928922683528 0.39639555959738987 0.9157918531052323 0.39639555959738987 0.9157918531052323 0.41174809703599163 0.8655928922683528 0.41174809703599163
5 0.8560957915694837 0.4405341047333702 0.9266456824753682 0.4405341047333702 0.9266456824753682 0.46548197807109803 0.8560957915694837 0.46548197807109803
5 0.8683063496108869 0.5019442544877775 0.9198620391190331 0.5019442544877775 0.9198620391190331 0.523053993465855 0.8683063496108869 0.523053993465855
19 0.39345131466743305 0.6276431547663299 0.43550990347671037 0.6276431547663299 0.43550990347671037 0.6458742929746697 0.39345131466743305 0.6458742929746697
17 0.5616856699045424 0.6516314945141457 0.645802847523097 0.6516314945141457 0.645802847523097 0.6717816999023105 0.5616856699045424 0.6717816999023105
18 0.6837912503185735 0.6554696288737958 0.7638382419233272 0.6554696288737958 0.7638382419233272 0.6689030991325725 0.6837912503185735 0.6689030991325725
16 0.8316746754866776 0.6525910281040581 0.9185053842833398 0.6525910281040581 0.9185053842833398 0.6708221806734482 0.8316746754866776 0.6708221806734482
