4 0.20869978116444016 0.02623776953309788 0.32809109741616926 0.02623776953309788 0.32809109741616926 0.0528325365556551 0.20869978116444016 0.0528325365556551
3 0.4775652650069168 0.058816359135730474 0.6044772940934005 0.058816359135730474 0.6044772940934005 0.07942730357821232 0.4775652650069168 0.07942730357821232
14 0.08272784118230068 0.2170552229199458 0.25382405817296766 0.2170552229199458 0.25382405817296766 0.23035260643122446 0.08272784118230068 0.23035260643122446
13 0.07802739566057898 0.2330120831334802 0.28484699861632984 0.2330120831334802 0.28484699861632984 0.26359606520942064 0.07802739566057898 0.26359606520942064
15 0.147593989382059 0.27689344872069954 0.26040468190337784 0.27689344872069954 0.26040468190337784 0.29019083223197817 0.147593989382059 0.29019083223197817
12 0.13537283102558284 0.2908557014075422 0.39765769113764926 0.2908557014075422 0.39765769113764926 0.30681256162107656 0.13537283102558284 0.30681256162107656
1 0.501067492615525 0.21240113869099841 0.7003663827365216 0.21240113869099841 0.7003663827365216 0.2310174756067885 0.501067492615525 0.2310174756067885
0 0.49542695798945874 0.23367695230904414 0.7050668282582431 0.23367695230904414 0.7050668282582431 0.2609365885071653 0.49542695798945874 0.2609365885071653
2 0.5659336408152833 0.27556371036957183 0.6768641551279134 0.27556371036957183 0.6768641551279134 0.2901908322319783 0.5659336408152833 0.2901908322319783
6 0.1447737220690261 0.3954860041574675 0.34971314681608884 0.3954860041574675 0.34971314681608884 0.4333835471646114 0.1447737220690261 0.4333835471646114
6 0.14101336565164882 0.44601606150032613 0.3609942160682207 0.44601606150032613 0.3609942160682207 0.4832487353319062 0.14101336565164882 0.4832487353319062
6 0.1438336329646818 0.4972109880187487 0.3421924339813342 0.4972109880187487 0.3421924339813342 0.5311193159725092 0.1438336329646818 0.5311193159725092
6 0.14289354386033748 0.54308696113266 0.3609942160682206 0.54308696113266 0.3609942160682206 0.5829791116664959 0.14289354386033748 0.5829791116664959
6 0.14101336565164882 0.5949467568266464 0.3497131468160888 0.5949467568266464 0.3497131468160888 0.6168874396202564 0.14101336565164882 0.6168874396202564
6 0.14289354386033748 0.6308496923070988 0.34313252308567854 0.6308496923070988 0.34313252308567854 0.6547849826274003 0.14289354386033748 0.6547849826274003
6 0.1400732765473045 0.6680823661386789 0.37039510711166396 0.6680823661386789 0.37039510711166396 0.7053150399702589 0.1400732765473045 0.7053150399702589
9 0.4070585821810926 0.3968157425085953 0.4437220572505212 0.3968157425085953 0.4437220572505212 0.40878338766874595 0.4070585821810926 0.40878338766874595
9 0.4023581366593709 0.4420268464469425 0.44936259187658717 0.4420268464469425 0.44936259187658717 0.4593134450116047 0.4023581366593709 0.4593134450116047
9 0.4032982257637152 0.4952163804920569 0.44748241366789837 0.4952163804920569 0.44748241366789837 0.5051894181255159 0.4032982257637152 0.5051894181255159
9 0.4004779584506823 0.5444166994837878 0.4484225027722427 0.5444166994837878 0.4484225027722427 0.5537248679416827 0.4004779584506823 0.5537248679416827
9 0.39953786934633795 0.5936170184755187 0.44466214635486545 0.5936170184755187 0.44466214635486545 0.608909009513489 0.39953786934633795 0.608909009513489
9 0.4004779584506823 0.6328442998337904 0.44466214635486545 0.6328442998337904 0.44466214635486545 0.6454768141695052 0.4004779584506823 0.6454768141695052
9 0.4004779584506823 0.6647580202608592 0.4484225027722427 0.6647580202608592 0.4484225027722427 0.6813797496499574 0.4004779584506823 0.6813797496499574
10 0.46064366112871896 0.398145480859723 0.5048278490329022 0.398145480859723 0.5048278490329022 0.40944825684430985 0.46064366112871896 0.40944825684430985
10 0.46252383933740765 0.44601606150032613 0.5038877599285578 0.44601606150032613 0.5038877599285578 0.4579837066604767 0.46252383933740765 0.4579837066604767
10 0.4644040175460962 0.4952163804920569 0.498247225302492 0.4952163804920569 0.498247225302492 0.5078488948277716 0.4644040175460962 0.5078488948277716
10 0.463463928441752 0.5444166994837878 0.5038877599285578 0.5444166994837878 0.5038877599285578 0.5563843446439385 0.463463928441752 0.5563843446439385
10 0.4634639284417518 0.5962764951777743 0.502007581719869 0.5962764951777743 0.502007581719869 0.6055846636356693 0.4634639284417518 0.6055846636356693
10 0.4662841957547849 0.6308496923070988 0.498247225302492 0.6308496923070988 0.498247225302492 0.6428173374672496 0.4662841957547849 0.6428173374672496
10 0.463463928441752 0.6667526277875511 0.5020075817198693 0.6667526277875511 0.5020075817198693 0.6807148804743935 0.463463928441752 0.6807148804743935
7 0.5696939972326606 0.3961508733330313 0.620458808867254 0.3961508733330313 0.620458808867254 0.4121077335465656 0.5696939972326606 0.4121077335465656
7 0.5649935517109389 0.4420268464469425 0.6185786306585654 0.4420268464469425 0.6185786306585654 0.45997831418716856 0.5649935517109389 0.45997831418716856
7 0.5725142645456935 0.4952163804920569 0.6185786306585654 0.4952163804920569 0.6185786306585654 0.5085137640033355 0.5725142645456935 0.5085137640033355
7 0.5696939972326606 0.5457464378349156 0.6176385415542212 0.5457464378349156 0.6176385415542212 0.5590438213461942 0.5696939972326606 0.5590438213461942
7 0.5640534626065946 0.5882980650710071 0.6148182742411882 0.5882980650710071 0.6148182742411882 0.6055846636356693 0.5640534626065946 0.6055846636356693
7 0.5621732843979059 0.6295199539559709 0.6166984524498769 0.6295199539559709 0.6166984524498769 0.6434822066428134 0.5621732843979059 0.6434822066428134
7 0.5621732843979059 0.6667526277875511 0.6166984524498769 0.6667526277875511 0.6166984524498769 0.6813797496499573 0.5621732843979059 0.6813797496499573
8 0.6618227294584043 0.3941562658063395 0.7238686103451297 0.3941562658063395 0.7238686103451297 0.4101131260198739 0.6618227294584043 0.4101131260198739
8 0.6543020166236498 0.44402145397363424 0.7182280757190638 0.44402145397363424 0.7182280757190638 0.4606431833627326 0.6543020166236498 0.4606431833627326
8 0.6665231749801259 0.494551511316493 0.716347897510375 0.494551511316493 0.716347897510375 0.5085137640033355 0.6665231749801259 0.5085137640033355
8 0.6731037987105363 0.54308696113266 0.7191681648234081 0.54308696113266 0.7191681648234081 0.5583789521706304 0.6731037987105363 0.5583789521706304
8 0.6655830858757816 0.5949467568266464 0.721988432136441 0.5949467568266464 0.721988432136441 0.6069144019867975 0.6655830858757816 0.6069144019867975
8 0.6655830858757816 0.6321794306582266 0.7191681648234081 0.6321794306582266 0.7191681648234081 0.6488011600473248 0.6655830858757816 0.6488011600473248
8 0.6665231749801259 0.6667526277875511 0.7154078084060308 0.6667526277875511 0.7154078084060308 0.6827094880010852 0.6665231749801259 0.6827094880010852
11 0.7642924418319356 0.3941562658063395 0.8056563624230858 0.3941562658063395 0.8056563624230858 0.4094482568443099 0.7642924418319356 0.4094482568443099
11 0.7642924418319356 0.4380376313935589 0.8094167188404632 0.4380376313935589 0.8094167188404632 0.4573188374849129 0.7642924418319356 0.4573188374849129
11 0.7689928873536573 0.49255690378980127 0.808476629736119 0.49255690378980127 0.808476629736119 0.5085137640033355 0.7689928873536573 0.5085137640033355
11 0.7680527982493129 0.541757222781532 0.808476629736119 0.541757222781532 0.808476629736119 0.5590438213461943 0.7680527982493129 0.5590438213461943
11 0.7614721745189026 0.5882980650710071 0.8084766297361189 0.5882980650710071 0.8084766297361189 0.608244140337925 0.7614721745189026 0.608244140337925
11 0.7671127091449687 0.6268604772537152 0.8131770752578404 0.6268604772537152 0.8131770752578404 0.6488011600473248 0.7671127091449687 0.6488011600473248
11 0.7718131546666902 0.6674174969631149 0.8065964515274303 0.6674174969631149 0.8065964515274303 0.6833743571766493 0.7718131546666902 0.6833743571766493
5 0.8583013522663682 0.3954860041574675 0.9100062530053059 0.3954860041574675 0.9100062530053059 0.41144286437100175 0.8583013522663682 0.41144286437100175
5 0.843259926596859 0.44668093067589 0.9100062530053059 0.44668093067589 0.9100062530053059 0.4606431833627326 0.843259926596859 0.4606431833627326
5 0.8554810849533352 0.49654611884318484 0.9184670549444046 0.49654611884318484 0.9184670549444046 0.5111732407055913 0.8554810849533352 0.5111732407055913
5 0.8667621542054669 0.5450815686593518 0.9147066985270272 0.5450815686593518 0.9147066985270272 0.5577140829950663 0.8667621542054669 0.5577140829950663
5 0.8554810849533352 0.5909575417732628 0.908126074796617 0.5909575417732628 0.908126074796617 0.6069144019867974 0.8554810849533352 0.6069144019867974
5 0.8583013522663682 0.6328442998337904 0.9100062530053059 0.6328442998337904 0.9100062530053059 0.6428173374672495 0.8583013522663682 0.6428173374672495
5 0.8583013522663668 0.6667526277875497 0.9118864312139942 0.6667526277875497 0.9118864312139942 0.6800500112988292 0.8583013522663668 0.6800500112988292
19 0.40008846452902685 0.7930822576982669 0.43668779445705536 0.7930822576982669 0.43668779445705536 0.8076139246732316 0.40008846452902685 0.8076139246732316
17 0.5561171868537798 0.814879758160714 0.6460102779050777 0.814879758160714 0.6460102779050777 0.83304434187942 0.5561171868537798 0.83304434187942
18 0.6774728597730321 0.8180585603114874 0.7525978001516167 0.8180585603114874 0.7525978001516167 0.8312278835075493 0.6774728597730321 0.8312278835075493
16 0.8264385535151831 0.8166962165325846 0.9105528029988975 0.8166962165325846 0.9105528029988975 0.83304434187942 0.8264385535151831 0.83304434187942
