4 0.20773273363837513 0.027191510782811932 0.3329008754387955 0.027191510782811932 0.3329008754387955 0.04967379416641351 0.20773273363837513 0.04967379416641351
3 0.4749567824027646 0.057402079079526575 0.604098516006373 0.057402079079526575 0.604098516006373 0.07777664839591551 0.4749567824027646 0.07777664839591551
14 0.07660420413317284 0.21267034869752507 0.1789241930652625 0.21267034869752507 0.1789241930652625 0.2309372039467014 0.07660420413317284 0.2309372039467014
13 0.0805777959363608 0.23234234665817646 0.36170941601190815 0.23234234665817646 0.36170941601190815 0.2639580576663662 0.0805777959363608 0.2639580576663662
15 0.14415526478736795 0.27730691342537966 0.26534981478460035 0.27730691342537966 0.26534981478460035 0.29135834054013066 0.14415526478736795 0.29135834054013066
12 0.1332278873286011 0.2913583405401305 0.3785971811754569 0.2913583405401305 0.3785971811754569 0.3082200530778316 0.1332278873286011 0.3082200530778316
1 0.49966556963293823 0.2150637188141988 0.7769139068099156 0.2150637188141988 0.7769139068099156 0.23103124962641586 0.49966556963293823 0.23103124962641586
0 0.5005686586791174 0.23103124962641586 0.7796231739484527 0.23103124962641586 0.7796231739484527 0.2655211161808047 0.5005686586791174 0.2655211161808047
2 0.5628818028654738 0.2757403359006236 0.6820895569611123 0.2757403359006236 0.6820895569611123 0.29170786671284066 0.5628818028654738 0.29170786671284066
6 0.1357570238764028 0.39724898563634314 0.35781293305232537 0.39724898563634314 0.35781293305232537 0.43571755742503254 0.1357570238764028 0.43571755742503254
6 0.1357570238764028 0.44444238813999304 0.3460372408990569 0.44444238813999304 0.3460372408990569 0.4844972927859478 0.1357570238764028 0.4844972927859478
9 0.4009617637491713 0.39396513241098097 0.4426844776826448 0.39396513241098097 0.4426844776826448 0.4122319876601572 0.4009617637491713 0.4122319876601572
9 0.4029485596507653 0.4445502700240845 0.44665806948583275 0.4445502700240845 0.44665806948583275 0.46281712527326085 0.4029485596507653 0.46281712527326085
10 0.4595722428461936 0.395370275122456 0.51023553833684 0.395370275122456 0.51023553833684 0.41433970172736995 0.4595722428461936 0.41433970172736995
10 0.4585788448953965 0.4445502700240845 0.5062619465336519 0.4445502700240845 0.5062619465336519 0.46281712527326085 0.4585788448953965 0.46281712527326085
7 0.5430176707131406 0.39466770376671845 0.6234829047276964 0.39466770376671845 0.6234829047276964 0.4115294163044197 0.5430176707131406 0.4115294163044197
7 0.5450044666147345 0.445252841379822 0.6244763026784934 0.445252841379822 0.6244763026784934 0.4621145539175232 0.5450044666147345 0.4621145539175232
8 0.648317853497621 0.39466770376671845 0.7238160977581921 0.39466770376671845 0.7238160977581921 0.4136371303716323 0.648317853497621 0.4136371303716323
8 0.6493112514484182 0.4431451273126094 0.7228226998073952 0.4431451273126094 0.7228226998073952 0.4628171252732609 0.6493112514484182 0.4628171252732609
11 0.7615652198884776 0.3932625610552434 0.8122285153791241 0.3932625610552434 0.8122285153791241 0.4136371303716323 0.7615652198884776 0.4136371303716323
11 0.7675256075932595 0.445252841379822 0.8132219133299209 0.445252841379822 0.8132219133299209 0.464222267984736 0.7675256075932595 0.464222267984736
5 0.8380568620998456 0.395370275122456 0.9145485043112135 0.395370275122456 0.9145485043112135 0.4122319876601572 0.8380568620998456 0.4122319876601572
5 0.8400436580014397 0.4431451273126094 0.9115683104588226 0.4431451273126094 0.9115683104588226 0.4628171252732609 0.8400436580014397 0.4628171252732609
19 0.3959947739951864 0.5675002572781557 0.44069768178105084 0.5675002572781557 0.44069768178105084 0.5878748265945446 0.3959947739951864 0.5878748265945446
17 0.5479846604671254 0.5941979687961827 0.646331057596027 0.5941979687961827 0.646331057596027 0.6117622526896215 0.5479846604671254 0.6117622526896215
18 0.6751395981691397 0.5949005401519202 0.7615652198884777 0.5949005401519202 0.7615652198884777 0.6117622526896214 0.6751395981691397 0.6117622526896214
16 0.8201756989854999 0.5941979687961827 0.9135551063604165 0.5941979687961827 0.9135551063604165 0.6110596813338838 0.8201756989854999 0.6110596813338838
