4 0.21337644813182124 0.027704042497266344 0.33671541824700396 0.027704042497266344 0.33671541824700396 0.048639320822632476 0.21337644813182124 0.048639320822632476
3 0.48472215255266815 0.05561770776458648 0.5932604462540291 0.05561770776458648 0.5932604462540291 0.08004219914418031 0.48472215255266815 0.08004219914418031
14 0.0856237478485566 0.2152166336797775 0.32720503642126986 0.2152166336797775 0.32720503642126986 0.2289139576529854 0.0856237478485566 0.2289139576529854
13 0.08460441751702617 0.23323942838136685 0.357784946367183 0.23323942838136685 0.357784946367183 0.2591922527516554 0.08460441751702617 0.2591922527516554
15 0.14678356774038273 0.27649413566518116 0.2609485648717915 0.27649413566518116 0.2609485648717915 0.290191459638389 0.14678356774038273 0.290191459638389
12 0.13557090327479263 0.29163328321451615 0.3822488435051581 0.29163328321451615 0.3822488435051581 0.30677243076385113 0.13557090327479263 0.30677243076385113
0 0.5015105292767134 0.23323974128178726 0.7288207555816785 0.23323974128178726 0.7288207555816785 0.26135522548857826 0.5015105292767134 0.26135522548857826
1 0.5045685141075658 0.21449572189171395 0.7848843552784356 0.21449572189171395 0.7848843552784356 0.23035578122911254 0.5045685141075658 0.23035578122911254
2 0.5667476643309223 0.2757732238771176 0.6839706524569225 0.2757732238771176 0.6839706524569225 0.290191459638389 0.5667476643309223 0.290191459638389
6 0.142706246414261 0.3947236689076069 0.3496303037149395 0.3947236689076069 0.3496303037149395 0.4329319936749763 0.142706246414261 0.4329319936749763
6 0.14372557674579145 0.4459084058601206 0.3526882947095308 0.4459084058601206 0.3526882947095308 0.4833958188394264 0.14372557674579145 0.4833958188394264
9 0.40059682029146126 0.3932818453314798 0.45665998852563516 0.3932818453314798 0.45665998852563516 0.4098628164569419 0.40059682029146126 0.4098628164569419
9 0.4016161506229917 0.44662931764818414 0.4464666852103309 0.44662931764818414 0.4464666852103309 0.4596057298333285 0.4016161506229917 0.4596057298333285
10 0.46481463117787875 0.3983282278479248 0.5096651657652179 0.3983282278479248 0.5096651657652179 0.40914190466887845 0.46481463117787875 0.40914190466887845
10 0.46481463117787875 0.44951296480043834 0.5055878444390963 0.44951296480043834 0.5055878444390963 0.4567220826810741 0.46481463117787875 0.4567220826810741
7 0.5647090036678615 0.3954445806956705 0.6217915022335658 0.3954445806956705 0.6217915022335658 0.40770008109275124 0.5647090036678615 0.40770008109275124
7 0.5616510126732701 0.445187494072057 0.6177141809074441 0.445187494072057 0.6177141809074441 0.4574429944691377 0.5616510126732701 0.4574429944691377
8 0.6666420368209051 0.3961654924837341 0.7216858747235485 0.3961654924837341 0.7216858747235485 0.41346737539725986 0.6666420368209051 0.41346737539725986
8 0.6554294031740702 0.4459084058601206 0.7216858747235484 0.4459084058601206 0.7216858747235484 0.4574429944691378 0.6554294031740702 0.4574429944691378
11 0.7685750699739486 0.3961654924837341 0.8113869438982269 0.3961654924837341 0.8113869438982269 0.4091419046688785 0.7685750699739486 0.4091419046688785
11 0.769594400305479 0.4437456704959299 0.8134256045612878 0.4437456704959299 0.8134256045612878 0.46176846519751913 0.769594400305479 0.46176846519751913
5 0.8552181481540356 0.3932818453314798 0.9123006467197401 0.3932818453314798 0.9123006467197401 0.40770008109275124 0.8552181481540356 0.40770008109275124
5 0.8419668538441399 0.4459084058601206 0.9123006467197401 0.4459084058601206 0.9123006467197401 0.4581639062572014 0.8419668538441399 0.4581639062572014
19 0.40015033675781564 0.5710684463339188 0.4456411118839674 0.5710684463339188 0.4456411118839674 0.5841759333896202 0.40015033675781564 0.5841759333896202
17 0.5568407844145603 0.5931128563821437 0.6511920217132453 0.5931128563821437 0.6511920217132453 0.6074119331701816 0.5568407844145603 0.6074119331701816
18 0.6815192051306798 0.5931128563821437 0.7581795854358613 0.5931128563821437 0.7581795854358613 0.6091993177686863 0.6815192051306798 0.6091993177686863
16 0.8255733263634935 0.5925170615159756 0.9106579242846291 0.5925170615159756 0.9106579242846291 0.613369881831864 0.8255733263634935 0.613369881831864
