4 0.20927894784827727 0.02861723982718091 0.3332961021287378 0.02861723982718091 0.3332961021287378 0.04835198211572426 0.20927894784827727 0.04835198211572426
3 0.4790162584082789 0.05602660411682445 0.598382769403222 0.05602660411682445 0.598382769403222 0.07685772097695354 0.4790162584082789 0.07685772097695354
14 0.08138625749655239 0.21225998056779258 0.3518986752708068 0.21225998056779258 0.3518986752708068 0.22925378642737157 0.08138625749655239 0.22925378642737157
13 0.07596050699678224 0.23254291014212883 0.3077175640583928 0.23254291014212883 0.3077175640583928 0.26104864900335817 0.07596050699678224 0.26104864900335817
15 0.1441699418510355 0.27694608029135137 0.2666368817029902 0.27694608029135137 0.2666368817029902 0.29229532429355176 0.1441699418510355 0.29229532429355176
12 0.1371939769227596 0.2928435115793446 0.37980253498391053 0.2928435115793446 0.37980253498391053 0.30545181915258063 0.1371939769227596 0.30545181915258063
1 0.49994415319310653 0.21335635513937837 0.7394522823972459 0.21335635513937837 0.7394522823972459 0.2314465355705431 0.49994415319310653 0.2314465355705431
0 0.5022694748358653 0.23199472285633593 0.7115484226841423 0.23199472285633593 0.7115484226841423 0.2648859600039082 0.5022694748358653 0.2648859600039082
2 0.5642780519760955 0.2763978930055585 0.6820943485425328 0.2763978930055585 0.6820943485425328 0.2928435115793446 0.5642780519760955 0.2928435115793446
6 0.141069512994024 0.39316178487944 0.3015167063443698 0.39316178487944 0.3015167063443698 0.4123483398821905 0.141069512994024 0.4123483398821905
6 0.1441699418510355 0.42111933645487637 0.35344888969931265 0.42111933645487637 0.35344888969931265 0.45072144988769136 0.1441699418510355 0.45072144988769136
6 0.13050596432457853 0.45893260523742313 0.3552031898573311 0.45893260523742313 0.3552031898573311 0.4966548524785023 0.13050596432457853 0.4966548524785023
6 0.14071947457606726 0.507891266550313 0.358607693274494 0.507891266550313 0.358607693274494 0.5440083117811334 0.14071947457606726 0.5440083117811334
6 0.13844980563129197 0.5568499278632029 0.37336054141553326 0.5568499278632029 0.37336054141553326 0.594572175104282 0.13844980563129197 0.594572175104282
9 0.40059656875283667 0.3971323278424637 0.4448551131759545 0.3971323278424637 0.4448551131759545 0.4115791459347919 0.40059656875283667 0.4115791459347919
9 0.4051359066423872 0.41960515598608533 0.4459899476483422 0.41960515598608533 0.4459899476483422 0.4356571760886722 0.4051359066423872 0.4356571760886722
9 0.40059656875283667 0.45813000423229383 0.4448551131759545 0.45813000423229383 0.4448551131759545 0.4757872263451393 0.40059656875283667 0.4757872263451393
9 0.40059656875283667 0.5046808625297956 0.4493944510655051 0.5046808625297956 0.4493944510655051 0.5207328826323824 0.40059656875283667 0.5207328826323824
9 0.40173140322522427 0.5568499278632029 0.4448551131759545 0.5568499278632029 0.4448551131759545 0.5704941449504016 0.40173140322522427 0.5704941449504016
10 0.4607427957893816 0.39954013085785184 0.5038665057401119 0.39954013085785184 0.5038665057401119 0.4123817469399213 0.4607427957893816 0.4123817469399213
10 0.4630124647341568 0.42281556000660264 0.5038665057401119 0.42281556000660264 0.5038665057401119 0.4348545750835428 0.4630124647341568 0.4348545750835428
10 0.4630124647341568 0.4573274032271645 0.5038665057401119 0.4573274032271645 0.5038665057401119 0.47337942332975136 0.4630124647341568 0.47337942332975136
10 0.4630124647341568 0.5111016705708303 0.5038665057401119 0.5111016705708303 0.5038665057401119 0.5223380846426412 0.4630124647341568 0.5223380846426412
10 0.46414729920654446 0.5560473268580736 0.5015968367953365 0.5560473268580736 0.5015968367953365 0.5720993469606604 0.46414729920654446 0.5720993469606604
7 0.5776307464453083 0.39632972683733436 0.6196196219236509 0.39632972683733436 0.6196196219236509 0.4099739439245332 0.5776307464453083 0.4099739439245332
7 0.5810352498624712 0.41960515598608533 0.6184847874512633 0.41960515598608533 0.6184847874512633 0.4380649791040602 0.5810352498624712 0.4380649791040602
7 0.5719565740833701 0.4605378072476818 0.6150802840341005 0.4605378072476818 0.6150802840341005 0.4733794233297513 0.5719565740833701 0.4733794233297513
7 0.5685520706662073 0.5062860645400543 0.6184847874512633 0.5062860645400543 0.6184847874512633 0.5247458876580292 0.5685520706662073 0.5247458876580292
7 0.5696869051385949 0.5568499278632029 0.6230241253408139 0.5568499278632029 0.6230241253408139 0.5704941449504016 0.5696869051385949 0.5704941449504016
8 0.67295684212587 0.3955271258322051 0.7194850554937632 0.3955271258322051 0.7194850554937632 0.40997394392453324 0.67295684212587 0.40997394392453324
8 0.6718220076534823 0.41960515598608533 0.7217547244385385 0.41960515598608533 0.7217547244385385 0.4380649791040602 0.6718220076534823 0.4380649791040602
8 0.67295684212587 0.4573274032271645 0.7262940623280891 0.4573274032271645 0.7262940623280891 0.47658982735026867 0.67295684212587 0.47658982735026867
8 0.6695523387087071 0.507891266550313 0.717215386548988 0.507891266550313 0.717215386548988 0.5223380846426412 0.6695523387087071 0.5223380846426412
8 0.6695523387087071 0.5544421248478149 0.7183502210213756 0.5544421248478149 0.7183502210213756 0.5720993469606603 0.6695523387087071 0.5720993469606603
11 0.7648784343892688 0.3923167218116877 0.8080021443399991 0.3923167218116877 0.8080021443399991 0.41318434794505066 0.7648784343892688 0.41318434794505066
11 0.7694177722788195 0.41559215096043867 0.8080021443399993 0.41559215096043867 0.8080021443399993 0.43726237809893087 0.7694177722788195 0.43726237809893087
11 0.7682829378064318 0.4597352062425524 0.8091369788123868 0.4597352062425524 0.8091369788123868 0.47578722634513926 0.7682829378064318 0.47578722634513926
11 0.7682829378064318 0.5102990695657009 0.8091369788123868 0.5102990695657009 0.8091369788123868 0.5223380846426411 0.7682829378064318 0.5223380846426411
11 0.7682829378064318 0.5576525288683322 0.8125414822295496 0.5576525288683322 0.8125414822295496 0.573704548970919 0.7682829378064318 0.573704548970919
5 0.8602045300698307 0.3971323278424637 0.912406915799662 0.3971323278424637 0.912406915799662 0.4155921509604386 0.8602045300698307 0.4155921509604386
5 0.8636090334869934 0.4188025549809559 0.9192159226339878 0.4188025549809559 0.9192159226339878 0.43886758010918947 0.8636090334869934 0.43886758010918947
5 0.8624741990146056 0.45813000423229383 0.9169462536892125 0.45813000423229383 0.9169462536892125 0.477392428355398 0.8624741990146056 0.477392428355398
5 0.8602045300698307 0.5094964685605716 0.9078675779101113 0.5094964685605716 0.9078675779101113 0.5239432866528998 0.8602045300698307 0.5239432866528998
5 0.864743867959381 0.5560473268580736 0.909002412382499 0.5560473268580736 0.909002412382499 0.571296745955531 0.864743867959381 0.571296745955531
19 0.3926527274461231 0.681253083658251 0.4448551131759545 0.681253083658251 0.4448551131759545 0.7013181087864845 0.3926527274461231 0.7013181087864845
17 0.5685520706662073 0.7069363158223899 0.6604736629296059 0.7069363158223899 0.6604736629296059 0.7205805329095886 0.5685520706662073 0.7205805329095886
18 0.6899793592116846 0.7037259118018724 0.7489907517758417 0.7037259118018724 0.7489907517758417 0.7229883359249768 0.6899793592116846 0.7229883359249768
16 0.8375078406220778 0.7069363158223899 0.9135417502720495 0.7069363158223899 0.9135417502720495 0.7237909369301061 0.8375078406220778 0.7237909369301061
