4 0.20776449257086213 0.028472501772780396 0.3388930220760645 0.028472501772780396 0.3388930220760645 0.050954785156381965 0.20776449257086213 0.050954785156381965
3 0.47995553108923666 0.055170213290807284 0.598169887234078 0.055170213290807284 0.598169887234078 0.07905763938588398 0.47995553108923666 0.07905763938588398
13 0.07961615691805084 0.23151562358093225 0.3150514712569368 0.23151562358093225 0.3150514712569368 0.26594162001207217 0.07961615691805084 0.26594162001207217
15 0.14418702371985495 0.277182761703873 0.2633947778154934 0.277182761703873 0.2633947778154934 0.29053161746288647 0.14418702371985495 0.29053161746288647
12 0.13226624831029113 0.2926393315300992 0.3865761237143198 0.2926393315300992 0.3865761237143198 0.30879847271206273 0.13226624831029113 0.30879847271206273
0 0.4940267349108496 0.2295300619194575 0.7248129468400056 0.2295300619194575 0.7248129468400056 0.26438462687759734 0.4940267349108496 0.26438462687759734
2 0.5637434030977821 0.2762861856437915 0.6875505897056107 0.2762861856437915 0.6875505897056107 0.294988635133525 0.5637434030977821 0.294988635133525
14 0.07692873730971866 0.21337794645105126 0.20554396999940455 0.21337794645105126 0.20554396999940455 0.2312302846003424 0.07692873730971866 0.2312302846003424
1 0.4940267349108496 0.21507816913193611 0.6046117947935701 0.21507816913193611 0.6046117947935701 0.23038017325989993 0.4940267349108496 0.23038017325989993
6 0.13669953025346823 0.3951399849273102 0.37232367230200974 0.3951399849273102 0.37232367230200974 0.43520397132887295 0.13669953025346823 0.43520397132887295
6 0.13587854021148724 0.4456554460423241 0.3706816922180478 0.4456554460423241 0.3706816922180478 0.48688070741204814 0.13587854021148724 0.48688070741204814
6 0.13916250037941116 0.49384835722101544 0.3509779312105042 0.49384835722101544 0.3509779312105042 0.5362348935589007 0.13916250037941116 0.5362348935589007
6 0.1383415103374302 0.5426219058837877 0.3747866424279527 0.5426219058837877 0.3747866424279527 0.5832665297694309 0.1383415103374302 0.5832665297694309
9 0.40270030385530603 0.3945593474432296 0.4421078258703931 0.3945593474432296 0.4421078258703931 0.41372038441789005 0.40270030385530603 0.41372038441789005
9 0.40105832377134404 0.44449417107416284 0.443749805954355 0.44449417107416284 0.443749805954355 0.4619132955965814 0.40105832377134404 0.4619132955965814
9 0.40023733372936304 0.49384835722101544 0.44867574620624084 0.49384835722101544 0.44867574620624084 0.5135900316797567 0.40023733372936304 0.5135900316797567
9 0.39941634368738205 0.5443638183360293 0.442928815912374 0.5443638183360293 0.442928815912374 0.5612023053743675 0.39941634368738205 0.5612023053743675
10 0.45934861675199357 0.396881897379552 0.5045030690609476 0.396881897379552 0.5045030690609476 0.4148816593860512 0.45934861675199357 0.4148816593860512
10 0.4634535669618986 0.4456554460423241 0.5036820790189667 0.4456554460423241 0.5036820790189667 0.4636552080488234 0.4634535669618986 0.4636552080488234
10 0.4609905968359556 0.49500963218917676 0.5045030690609477 0.49500963218917676 0.5045030690609477 0.5135900316797567 0.4609905968359556 0.5135900316797567
10 0.46016960679397473 0.5437831808519488 0.5110709893967954 0.5437831808519488 0.5110709893967954 0.561782942858448 0.46016960679397473 0.561782942858448
7 0.575108212671312 0.3939787099591489 0.6219046450642279 0.3939787099591489 0.6219046450642279 0.41430102190197066 0.575108212671312 0.41430102190197066
7 0.5701822724194262 0.44391353359008223 0.619441674938285 0.44391353359008223 0.619441674938285 0.46539712050106513 0.5701822724194262 0.46539712050106513
7 0.5668983122515022 0.49384835722101544 0.619441674938285 0.49384835722101544 0.619441674938285 0.5124287567115953 0.5668983122515022 0.5124287567115953
7 0.5759292027132931 0.5426219058837877 0.619441674938285 0.5426219058837877 0.619441674938285 0.5594603929221257 0.5759292027132931 0.5594603929221257
8 0.6723719205619559 0.3966142163545445 0.7229449071479844 0.3966142163545445 0.7229449071479844 0.41513655209671624 0.6723719205619559 0.41513655209671624
8 0.6696626534234187 0.4457942112561731 0.7247510852403425 0.4457942112561731 0.7247510852403425 0.46367784576585613 0.6696626534234187 0.46367784576585613
8 0.6687595643772396 0.49561290739029024 0.7238479961941636 0.49561290739029024 0.7238479961941636 0.512219139434996 0.6687595643772396 0.512219139434996
8 0.6714688315157769 0.5396832924320092 0.7247510852403425 0.5396832924320092 0.7247510852403425 0.5633152380340904 0.6714688315157769 0.5633152380340904
11 0.7581653799489684 0.3953368138895672 0.8141569008120714 0.3953368138895672 0.8141569008120714 0.4138591496317388 0.7581653799489684 0.4138591496317388
11 0.7617777361336847 0.44451680879119565 0.809641455581176 0.44451680879119565 0.809641455581176 0.4611230408359014 0.7617777361336847 0.4611230408359014
11 0.7671962704107593 0.4949742061578015 0.8132538117658923 0.4949742061578015 0.8132538117658923 0.5141352431324622 0.7671962704107593 0.5141352431324622
11 0.7662931813645802 0.5435154998269414 0.809641455581176 0.5435154998269414 0.809641455581176 0.5626765368016016 0.7662931813645802 0.5626765368016016
5 0.8584082640748462 0.3940594114245899 0.914399784937949 0.3940594114245899 0.914399784937949 0.4144978508642277 0.8584082640748462 0.4144978508642277
5 0.8611175312133836 0.44451680879119565 0.914399784937949 0.44451680879119565 0.914399784937949 0.46303914453336736 0.8611175312133836 0.46303914453336736
5 0.8566020859824881 0.49433550492531286 0.9116905177994118 0.49433550492531286 0.9116905177994118 0.5122191394349961 0.8566020859824881 0.5122191394349961
5 0.8566020859824881 0.5428767985944527 0.91349669589177 0.5428767985944527 0.91349669589177 0.5607604331041357 0.8566020859824881 0.5607604331041357
19 0.39035324127079923 0.6652301304584269 0.4432417481712308 0.6652301304584269 0.4432417481712308 0.6856328026290454 0.39035324127079923 0.6856328026290454
17 0.5598368656562732 0.6915835820121423 0.6511897412115641 0.6915835820121423 0.6511897412115641 0.7119862541827608 0.5598368656562732 0.7119862541827608
18 0.6836440522641015 0.6915835820121423 0.7605727895738202 0.6915835820121423 0.7605727895738202 0.7111361428423184 0.6836440522641015 0.7111361428423184
16 0.824279400158431 0.6924336933525846 0.9168342872341864 0.6924336933525846 0.9168342872341864 0.7111361428423182 0.824279400158431 0.7111361428423182
