4 0.20655536292691928 0.02710843373493976 0.34496875045526726 0.02710843373493976 0.34496875045526726 0.05271084337349398 0.20655536292691928 0.05271084337349398
3 0.47486439105879374 0.05421686746987952 0.6090189051247311 0.05421686746987952 0.6090189051247311 0.07981927710843371 0.47486439105879374 0.07981927710843371
14 0.08091859578580345 0.21536144578313252 0.23849691389499958 0.21536144578313252 0.23849691389499958 0.23042168674698793 0.08091859578580345 0.23042168674698793
13 0.07878915905459809 0.23192771084337344 0.35774537084249947 0.23192771084337344 0.35774537084249947 0.2650602409638554 0.07878915905459809 0.2650602409638554
15 0.14054282425955333 0.2740963855421687 0.30238001583116025 0.2740963855421687 0.30238001583116025 0.29216867469879526 0.14054282425955333 0.29216867469879526
12 0.13361920664937904 0.290599632567412 0.381233579865036 0.290599632567412 0.381233579865036 0.31015219339758804 0.13361920664937904 0.31015219339758804
1 0.4988071347277363 0.21293582296400623 0.7259873120954994 0.21293582296400623 0.7259873120954994 0.23163827245373975 0.4988071347277363 0.23163827245373975
0 0.4964031116868078 0.2324883837941822 0.7596436346685013 0.2324883837941822 0.7596436346685013 0.2639425033905523 0.4964031116868078 0.2639425033905523
2 0.5625137453123472 0.2741438394758615 0.7055531162476054 0.2741438394758615 0.7055531162476054 0.29454651164648 0.5625137453123472 0.29454651164648
6 0.14181171114850716 0.3963595203362826 0.3687035045687054 0.3963595203362826 0.3687035045687054 0.4354205874471606 0.14181171114850716 0.4354205874471606
6 0.1380799382304118 0.44597763261226286 0.3604936041488956 0.44597763261226286 0.3604936041488956 0.4839829952066307 0.1380799382304118 0.4839829952066307
9 0.404528524582421 0.3963595203362826 0.44259260834699377 0.3963595203362826 0.44259260834699377 0.41219508808393596 0.404528524582421 0.41219508808393596
9 0.4082602975005164 0.4454497803540076 0.43886083542889837 0.4454497803540076 0.43886083542889837 0.46181320035991613 0.4082602975005164 0.46181320035991613
10 0.4634905366883278 0.39741522485279274 0.5045400387873769 0.39741522485279274 0.5045400387873769 0.4127229403421909 0.4634905366883278 0.4127229403421909
10 0.4627441821047087 0.4449219280957526 0.5030473296201387 0.4449219280957526 0.5030473296201387 0.4607574958434058 0.4627441821047087 0.4607574958434058
7 0.5789806452661119 0.3971843150326199 0.6187165632979915 0.3971843150326199 0.6187165632979915 0.41315184584483705 0.5789806452661119 0.41315184584483705
7 0.5473725286498443 0.44636430993424836 0.6196196523441704 0.44636430993424836 0.6196196523441704 0.4597770358165107 0.5473725286498443 0.4597770358165107
8 0.6792235293919897 0.39526821133515383 0.7225718036085855 0.39526821133515383 0.7225718036085855 0.41059704091488225 0.6792235293919897 0.41059704091488225
8 0.6512277689604384 0.4444482062367824 0.7198625364700483 0.4444482062367824 0.7198625364700483 0.4616931395139767 0.6512277689604384 0.4616931395139767
11 0.7650169887790021 0.39526821133515383 0.8101714410879562 0.39526821133515383 0.8101714410879562 0.413151845844837 0.7650169887790021 0.413151845844837
11 0.7641138997328231 0.4450869074692711 0.8101714410879561 0.4450869074692711 0.8101714410879561 0.46169313951397684 0.7641138997328231 0.46169313951397684
5 0.8607444276739846 0.3959069125676426 0.9131235923523711 0.3959069125676426 0.9131235923523711 0.41315184584483705 0.8607444276739846 0.41315184584483705
5 0.8399733796118657 0.44572560870175976 0.9113174142600129 0.44572560870175976 0.9113174142600129 0.4616931395139767 0.8399733796118657 0.4616931395139767
19 0.3911381236608636 0.5683562453395866 0.4444203773854293 0.5683562453395866 0.4444203773854293 0.5875172823142469 0.3911381236608636 0.5875172823142469
17 0.5473725286498443 0.5951816971041113 0.6440030565910058 0.5951816971041113 0.6440030565910058 0.611787929148817 0.5473725286498443 0.611787929148817
18 0.6765142622534526 0.5958203983365999 0.7595984545019279 0.5958203983365999 0.7595984545019279 0.609871825451351 0.6765142622534526 0.609871825451351
16 0.8173961534573887 0.593904294639134 0.9122205033061922 0.593904294639134 0.9122205033061922 0.6143427340787718 0.8173961534573887 0.6143427340787718
