4 0.211159978031019 0.030250649226172963 0.32531994763921435 0.030250649226172963 0.32531994763921435 0.046955179831956746 0.211159978031019 0.046955179831956746
3 0.4808136993469287 0.06087562200344323 0.5930053936170517 0.06087562200344323 0.5930053936170517 0.07549208628350404 0.4808136993469287 0.07549208628350404
14 0.08223794338728116 0.21469650799836887 0.36763786740776955 0.21469650799836887 0.36763786740776955 0.23070501649557837 0.08223794338728116 0.23070501649557837
13 0.07928553038017266 0.232097060712727 0.39125717146463757 0.232097060712727 0.39125717146463757 0.2613299892728486 0.07928553038017266 0.2613299892728486
1 0.5004964527276521 0.21608855221551754 0.6953557111968132 0.21608855221551754 0.6953557111968132 0.2293129722784297 0.5004964527276521 0.2293129722784297
0 0.5004964527276521 0.23070501649557837 0.7534198336699469 0.23070501649557837 0.7534198336699469 0.2613299892728487 0.5004964527276521 0.2613299892728487
15 0.1452227542055958 0.2766424756614838 0.25741444847571887 0.2766424756614838 0.25741444847571887 0.2905629178329702 0.1452227542055958 0.2905629178329702
12 0.1314448268390895 0.2905629178329703 0.3745268310910227 0.2905629178329703 0.3745268310910227 0.30587540422160536 0.1314448268390895 0.30587540422160536
2 0.5634812635459667 0.2773384977700581 0.6756729578160898 0.2773384977700581 0.6756729578160898 0.29125893994154456 0.5634812635459667 0.29125893994154456
6 0.140302065860415 0.3963582783362675 0.335161324329576 0.3963582783362675 0.335161324329576 0.4109747426163283 0.140302065860415 0.4109747426163283
9 0.40306682349307155 0.3977503225534163 0.4404640549164459 0.3977503225534163 0.4404640549164459 0.4109747426163284 0.40306682349307155 0.4109747426163284
10 0.4621150836352416 0.39705430044484186 0.5034488657347607 0.39705430044484186 0.5034488657347607 0.4109747426163283 0.4621150836352416 0.4109747426163283
7 0.5802116039195816 0.3963582783362675 0.6166246976739198 0.3963582783362675 0.6166246976739198 0.4109747426163283 0.5802116039195816 0.4109747426163283
8 0.6737046824780174 0.3949662341191189 0.7170067399156088 0.3949662341191189 0.7170067399156088 0.4109747426163283 0.6737046824780174 0.4109747426163283
11 0.7691660363745256 0.39705430044484186 0.8055791301288637 0.39705430044484186 0.8055791301288637 0.410278720507754 0.7691660363745256 0.410278720507754
5 0.8646273902710333 0.3970543004448417 0.9079294477086245 0.3970543004448417 0.9079294477086245 0.4095826983991797 0.8646273902710333 0.4095826983991797
19 0.4010985481549991 0.49797750618811887 0.4365275042403012 0.49797750618811887 0.4365275042403012 0.5118979483596053 0.4010985481549991 0.5118979483596053
17 0.5772591909124731 0.5244263463139432 0.6392598640617516 0.5244263463139432 0.6392598640617516 0.5376507663768554 0.5772591909124731 0.5376507663768554
18 0.6963398488658492 0.5244263463139432 0.7504674206628384 0.5244263463139432 0.7504674206628384 0.536954744268281 0.6963398488658492 0.536954744268281
16 0.8469129122283828 0.5237303242053689 0.9108818607157336 0.5237303242053689 0.9108818607157336 0.536954744268281 0.8469129122283828 0.536954744268281
