4 0.20947347992894144 0.021711366538952746 0.3340740843694325 0.021711366538952746 0.3340740843694325 0.05108556832694764 0.20947347992894144 0.05108556832694764
3 0.4785385532859438 0.05236270753512133 0.6031391577264348 0.05236270753512133 0.6031391577264348 0.08045977011494253 0.4785385532859438 0.08045977011494253
14 0.08339975439794475 0.21297978777228097 0.16216618910711478 0.21297978777228097 0.16216618910711478 0.22936414659190762 0.08339975439794475 0.22936414659190762
13 0.0824730904601898 0.23264101835583298 0.32433237821422956 0.23264101835583298 0.32433237821422956 0.2621328642311609 0.0824730904601898 0.2621328642311609
15 0.14826623004079065 0.2758957256396472 0.25761257469587373 0.2758957256396472 0.25761257469587373 0.2883478383425635 0.14826623004079065 0.2883478383425635
12 0.13899959066324125 0.29162471010648877 0.37437223085299637 0.29162471010648877 0.37437223085299637 0.3066983202205454 0.13899959066324125 0.3066983202205454
1 0.49854519851215856 0.21494591083063613 0.6356914612998898 0.21494591083063613 0.6356914612998898 0.22936414659190762 0.49854519851215856 0.22936414659190762
0 0.5013251903254233 0.23264101835583298 0.7635710847100718 0.23264101835583298 0.7635710847100718 0.2582006181144505 0.5013251903254233 0.2582006181144505
2 0.5652650020305143 0.2745849769340771 0.6792446663743722 0.2745849769340771 0.6792446663743722 0.29162471010648877 0.5652650020305143 0.29162471010648877
6 0.14236927770962282 0.39785897468303055 0.3327565958301836 0.39785897468303055 0.3327565958301836 0.43122348718845205 0.14236927770962282 0.43122348718845205
6 0.14658138651759986 0.44611835884265816 0.34202323520773303 0.44611835884265816 0.34202323520773303 0.4699501534893878 0.14658138651759986 0.4699501534893878
6 0.14405412123281364 0.4818660508127526 0.34118081344613754 0.4818660508127526 0.34118081344613754 0.5205927171136883 0.14405412123281364 0.5205927171136883
6 0.14236927770962282 0.529529640106212 0.34623534401571 0.529529640106212 0.34623534401571 0.5801722037305125 0.14236927770962282 0.5801722037305125
6 0.13815716890164584 0.5908965113215408 0.36308377924761803 0.5908965113215408 0.36308377924761803 0.6302189724886448 0.13815716890164584 0.6302189724886448
6 0.14152685594802744 0.6415390749458413 0.358871670439641 0.6415390749458413 0.358871670439641 0.6808615361129452 0.14152685594802744 0.6808615361129452
9 0.4052048673273881 0.39726317981686227 0.4422714248375858 0.39726317981686227 0.4422714248375858 0.40739169254172236 0.4052048673273881 0.40739169254172236
9 0.4009927585194111 0.44552256397648987 0.44901079893034895 0.44552256397648987 0.44901079893034895 0.45803425616602295 0.4009927585194111 0.45803425616602295
9 0.4009927585194111 0.48424923027742556 0.44901079893034895 0.48424923027742556 0.44901079893034895 0.4985483070654635 0.4009927585194111 0.4985483070654635
9 0.40688971085057885 0.5307212298385484 0.4431138465991812 0.5307212298385484 0.4431138465991812 0.5438287168942498 0.40688971085057885 0.5438287168942498
9 0.40267760204260195 0.5920881010538772 0.44479869012237205 0.5920881010538772 0.44479869012237205 0.6040039983772422 0.40267760204260195 0.6040039983772422
9 0.4009927585194111 0.6427306646781777 0.44648353364556276 0.6427306646781777 0.44648353364556276 0.6534549722692061 0.4009927585194111 0.6534549722692061
10 0.46670165592385243 0.39726317981686227 0.5088227440036225 0.39726317981686227 0.5088227440036225 0.4097748720063953 0.46670165592385243 0.4097748720063953
10 0.4616471253542799 0.4479057434411628 0.5054530569572407 0.4479057434411628 0.5054530569572407 0.4574384612998547 0.4616471253542799 0.4574384612998547
10 0.46248954711587537 0.4836534354112573 0.5037682134340501 0.4836534354112573 0.5037682134340501 0.494973537868454 0.46248954711587537 0.494973537868454
10 0.46585923416225694 0.5319128195708849 0.49955610462607297 0.5319128195708849 0.49955610462607297 0.5456161014927545 0.46585923416225694 0.5456161014927545
10 0.4650167920246251 0.5944712448502202 0.504610614819609 0.5944712448502202 0.504610614819609 0.6093661165044263 0.4650167920246251 0.6093661165044263
10 0.46248954711587537 0.6445180492766823 0.5037682134340501 0.6445180492766823 0.5037682134340501 0.655838151733879 0.46248954711587537 0.655838151733879
7 0.5821134372624224 0.3948800003521894 0.6200224165342154 0.3948800003521894 0.6200224165342154 0.4085832822740589 0.5821134372624224 0.4085832822740589
7 0.5728467978848729 0.44492676911032164 0.6174951512494292 0.44492676911032164 0.6174951512494292 0.4598216407645277 0.5728467978848729 0.4598216407645277
7 0.5837982807856132 0.4836534354112573 0.6267617906269787 0.4836534354112573 0.6267617906269787 0.49914410193163167 0.5837982807856132 0.49914410193163167
7 0.5736892196464684 0.5325086144370532 0.623392103580597 0.5325086144370532 0.623392103580597 0.544424511760418 0.5736892196464684 0.544424511760418
7 0.5821134372624224 0.5920881010538772 0.6183375730110247 0.5920881010538772 0.6183375730110247 0.6063871778419151 0.5821134372624224 0.6063871778419151
7 0.5728467978848729 0.6415390749458413 0.6200224165342154 0.6415390749458413 0.6200224165342154 0.6564339466000474 0.5728467978848729 0.6564339466000474
8 0.6764646745611074 0.3942842054860211 0.7169009191176866 0.3942842054860211 0.7169009191176866 0.40917907714022717 0.6764646745611074 0.40917907714022717
8 0.6730949875147257 0.44313938451181695 0.7227978714488544 0.44313938451181695 0.7227978714488544 0.458034256166023 0.6730949875147257 0.458034256166023
8 0.6832040486538706 0.48305764054508915 0.7253251367336407 0.48305764054508915 0.7253251367336407 0.4937819481361175 0.6832040486538706 0.4937819481361175
8 0.6663556134219626 0.5289338452400437 0.7270099802568315 0.5289338452400437 0.7270099802568315 0.5474034860912592 0.6663556134219626 0.5474034860912592
8 0.6823616268922751 0.5950670753847185 0.7244827149720452 0.5950670753847185 0.7244827149720452 0.6069829727080833 0.6823616268922751 0.6069829727080833
8 0.6655131916603672 0.6427306646781777 0.7185857626408773 0.6427306646781777 0.7185857626408773 0.6570297414662155 0.6655131916603672 0.6570297414662155
11 0.7691310683366015 0.3948800003521894 0.8129369999395624 0.3948800003521894 0.8129369999395624 0.41037066687256374 0.7691310683366015 0.41037066687256374
11 0.7699734900981968 0.44194779477948054 0.816306686985944 0.44194779477948054 0.816306686985944 0.45743846129985477 0.7699734900981968 0.45743846129985477
11 0.7666038030518153 0.48424923027742556 0.8087248911315854 0.48424923027742556 0.8087248911315854 0.4979525121992951 0.7666038030518153 0.4979525121992951
11 0.7632341160054337 0.5277422555077073 0.8120945781779669 0.5277422555077073 0.8120945781779669 0.544424511760418 0.7632341160054337 0.544424511760418
11 0.7708159118597924 0.5920881010538772 0.8095673128931808 0.5920881010538772 0.8095673128931808 0.6069829727080833 0.7708159118597924 0.6069829727080833
11 0.7708159118597924 0.6421348698120097 0.8095673128931808 0.6421348698120097 0.8095673128931808 0.6594129209308888 0.7708159118597924 0.6594129209308888
5 0.8660095709200725 0.3948800003521894 0.9165548766157966 0.3948800003521894 0.9165548766157966 0.4121580514710684 0.8660095709200725 0.4121580514710684
5 0.868536836204859 0.44433097424415335 0.9098155025230334 0.44433097424415335 0.9098155025230334 0.45684266643368643 0.868536836204859 0.45684266643368643
5 0.8668519926816681 0.4818660508127526 0.9140276113310107 0.4818660508127526 0.9140276113310107 0.49556933273462206 0.8668519926816681 0.49556933273462206
5 0.8592701968273095 0.529529640106212 0.9047609719534613 0.529529640106212 0.9047609719534613 0.546807691225091 0.8592701968273095 0.546807691225091
5 0.8744337885360266 0.593875485652382 0.9064458154766518 0.593875485652382 0.9064458154766518 0.6057913829757469 0.8744337885360266 0.6057913829757469
5 0.8559005097809278 0.6415390749458413 0.9140276113310107 0.6415390749458413 0.9140276113310107 0.655838151733879 0.8559005097809278 0.655838151733879
19 0.3984654932346249 0.7645522750758706 0.4338472072216317 0.7645522750758706 0.4338472072216317 0.7818303261947498 0.3984654932346249 0.7818303261947498
17 0.568634689076896 0.7931504286519463 0.6478223346668637 0.7931504286519463 0.6478223346668637 0.8080453003061523 0.568634689076896 0.8080453003061523
18 0.6899434227466337 0.7907672491872733 0.7548098983894795 0.7907672491872733 0.7548098983894795 0.8056621208414793 0.6899434227466337 0.8056621208414793
16 0.8407369180722106 0.7901714543211051 0.9106579242846289 0.7901714543211051 0.9106579242846289 0.8032789413768066 0.8407369180722106 0.8032789413768066
