4 0.20858759400040625 0.026421585641291555 0.3268419780006365 0.026421585641291555 0.3268419780006365 0.046168573296404135 0.20858759400040625 0.046168573296404135
3 0.48287206800094035 0.057784448387646827 0.5978416080011644 0.057784448387646827 0.5978416080011644 0.07636984853363514 0.48287206800094035 0.07636984853363514
14 0.08391036513915663 0.218089633672013 0.28875037415533317 0.218089633672013 0.28875037415533317 0.22856224832978253 0.08391036513915663 0.22856224832978253
13 0.08391036513915663 0.22943496621792994 0.26036892712297127 0.22943496621792994 0.26036892712297127 0.2608528101912386 0.08391036513915663 0.2608528101912386
15 0.1480771149514529 0.27394357851345047 0.2554330232912562 0.27394357851345047 0.2554330232912562 0.2896525005001048 0.1480771149514529 0.2896525005001048
12 0.13573735537216516 0.2931433720526946 0.3936383305792789 0.2931433720526946 0.3936383305792789 0.3062341403749064 0.13573735537216516 0.3062341403749064
1 0.49852628700322466 0.21285332634312826 0.6515393057863926 0.21285332634312826 0.6515393057863926 0.2285622483297825 0.49852628700322466 0.2285622483297825
0 0.5034621908349398 0.23118040199422488 0.7120041277249026 0.23118040199422488 0.7120041277249026 0.2634709638556809 0.5034621908349398 0.2634709638556809
2 0.5639270127734497 0.27394357851345047 0.682388704734612 0.27394357851345047 0.682388704734612 0.2887797826119573 0.5639270127734497 0.2887797826119573
6 0.14116684958705175 0.4002080804504526 0.36920560661228924 0.4002080804504526 0.36920560661228924 0.44436760559071414 0.14116684958705175 0.44436760559071414
6 0.14116684958705175 0.4549274920372983 0.3393433884304128 0.4549274920372983 0.3393433884304128 0.49524705846971095 0.14116684958705175 0.49524705846971095
9 0.4031399454553305 0.39540813206564157 0.4452185256207017 0.39540813206564157 0.4452185256207017 0.4107679668970368 0.4031399454553305 0.4107679668970368
9 0.4031399454553305 0.457807461068185 0.44114640495953683 0.457807461068185 0.44114640495953683 0.47220730622261803 0.4031399454553305 0.47220730622261803
10 0.4655791289265265 0.39444814238867937 0.5022282148770111 0.39444814238867937 0.5022282148770111 0.4088479875431125 0.4655791289265265 0.4088479875431125
10 0.4574348876041966 0.4539675023603361 0.5049429619844543 0.4539675023603361 0.5049429619844543 0.4712473165456558 0.4574348876041966 0.4712473165456558
7 0.5633100247944853 0.397328111419566 0.6176049669433514 0.397328111419566 0.6176049669433514 0.41268794625096117 0.5633100247944853 0.41268794625096117
7 0.5660247719019287 0.45876745074514713 0.6176049669433515 0.45876745074514713 0.6176049669433515 0.4722073062226179 0.5660247719019287 0.4722073062226179
8 0.6542540528938361 0.397328111419566 0.7166932363650321 0.397328111419566 0.7166932363650321 0.41172795657399913 0.6542540528938361 0.41172795657399913
8 0.6678277884310526 0.4568474713912227 0.716693236365032 0.4568474713912227 0.716693236365032 0.47412728557654243 0.6678277884310526 0.47412728557654243
11 0.7682734314064548 0.39540813206564157 0.8076372644643827 0.39540813206564157 0.8076372644643827 0.4107679668970368 0.7682734314064548 0.4107679668970368
11 0.7682734314064548 0.4510875333294495 0.8117093851255476 0.4510875333294495 0.8117093851255476 0.4722073062226179 0.7682734314064548 0.4722073062226179
5 0.8442863504148674 0.3934881527117171 0.9067255338860634 0.3934881527117171 0.9067255338860634 0.41172795657399913 0.8442863504148674 0.41172795657399913
5 0.8551453388446404 0.45588748171426047 0.9121550281009496 0.45588748171426047 0.9121550281009496 0.47412728557654243 0.8551453388446404 0.47412728557654243
19 0.4004251983478872 0.5826061190732718 0.43978903140581505 0.5826061190732718 0.43978903140581505 0.5998859332585915 0.4004251983478872 0.5998859332585915
17 0.5551657834721555 0.6046858816434024 0.6447524380177845 0.6046858816434024 0.6447524380177845 0.6238856751826466 0.5551657834721555 0.6238856751826466
18 0.677329403307104 0.602765902289478 0.7546996958692381 0.602765902289478 0.7546996958692381 0.6190857267978357 0.677329403307104 0.6190857267978357
16 0.8252831206627641 0.6056458713203646 0.9135124016546715 0.6056458713203646 0.9135124016546715 0.6200457164747976 0.8252831206627641 0.6200457164747976
