4 0.26875 0.0390625 0.11484375 0.01875
3 0.5390625 0.0671875 0.12109375 0.01875
12 0.19453125 0.24609375 0.228125 0.03125
13 0.1546875 0.22265625 0.15078125 0.01640625
11 0.2578125 0.3 0.24140625 0.01953125
14 0.2015625 0.284375 0.11171875 0.0171875
0 0.590625 0.24453125 0.18984375 0.03203125
1 0.56171875 0.2234375 0.12421875 0.015625
2 0.62109375 0.284375 0.11484375 0.01796875
6 0.2375 0.41640625 0.19609375 0.03671875
9 0.4109375 0.403125 0.0140625 0.0125
7 0.59453125 0.40390625 0.04375 0.01328125
8 0.696875 0.403125 0.04765625 0.0125
10 0.78984375 0.40390625 0.040625 0.015625
5 0.88359375 0.40390625 0.05625 0.01484375
16 0.60390625 0.57890625 0.0765625 0.0140625
17 0.72265625 0.58046875 0.06640625 0.0109375
15 0.8765625 0.57890625 0.0734375 0.0125