4 0.2085049855486686 0.02934769421534254 0.32542366903390335 0.02934769421534254 0.32542366903390335 0.04795286299771004 0.2085049855486686 0.04795286299771004
3 0.4793666022894624 0.057599987551530216 0.5953109634123203 0.057599987551530216 0.5953109634123203 0.07482699568335195 0.4793666022894624 0.07482699568335195
14 0.07599714426540258 0.21333214106319884 0.32542366903390335 0.21333214106319884 0.32542366903390335 0.23055914919502063 0.07599714426540258 0.23055914919502063
13 0.07599714426540258 0.23193730984556635 0.3439357939190655 0.23193730984556635 0.3439357939190655 0.26432408513339123 0.07599714426540258 0.26432408513339123
15 0.14517403199416648 0.2732821293619386 0.26404136020415503 0.2732821293619386 0.26404136020415503 0.2898200571684874 0.14517403199416648 0.2898200571684874
12 0.13640517394235938 0.2911982143400569 0.3887546657979911 0.2911982143400569 0.3887546657979911 0.30773614214660583 0.13640517394235938 0.30773614214660583
1 0.49885304953700155 0.212643060737926 0.6566932722420683 0.212643060737926 0.6566932722420683 0.23124822952029342 0.49885304953700155 0.23124822952029342
0 0.49787873952022044 0.2305591283211632 0.7307417841283129 0.2305591283211632 0.7307417841283129 0.2608786626331695 0.49787873952022044 0.2608786626331695
2 0.5660812925410116 0.27466029001248426 0.6761797194896075 0.27466029001248426 0.6761797194896075 0.2925763784695789 0.5660812925410116 0.2925763784695789
6 0.1380011803581601 0.3996559288335008 0.3443803716616426 0.3996559288335008 0.3443803716616426 0.4353628184158223 0.1380011803581601 0.4353628184158223
6 0.13977267556248185 0.44663867828392384 0.3647525665113427 0.44663867828392384 0.3647525665113427 0.48171913120690635 0.13977267556248185 0.48171913120690635
6 0.14242991836896446 0.49675361103104165 0.3585523332962165 0.49675361103104165 0.3585523332962165 0.5186788941079056 0.14242991836896446 0.5186788941079056
6 0.14242991836896446 0.5330869372727021 0.3638668189091817 0.5330869372727021 0.3638668189091817 0.5694202635143625 0.14242991836896446 0.5694202635143625
9 0.4046112086085817 0.39464443555878903 0.44004111269501645 0.39464443555878903 0.44004111269501645 0.41093178870160246 0.4046112086085817 0.41093178870160246
9 0.4037254610064208 0.44663867828392384 0.44535559830798177 0.44663867828392384 0.44535559830798177 0.4610467214487202 0.4037254610064208 0.4610467214487202
9 0.4063827038129034 0.4948743010530247 0.4444698507058208 0.4948743010530247 0.4444698507058208 0.5092823442178211 0.4063827038129034 0.5092823442178211
9 0.4037254610064208 0.5318340639540241 0.44358410310366 0.5318340639540241 0.44358410310366 0.5468685437781594 0.4037254610064208 0.5468685437781594
10 0.46218480274903817 0.39715018219614495 0.503814940050599 0.39715018219614495 0.503814940050599 0.40967891538292445 0.46218480274903817 0.40967891538292445
10 0.4612990551468774 0.4478915516026018 0.5011576972441164 0.4478915516026018 0.5011576972441164 0.4579145381520254 0.4612990551468774 0.4579145381520254
10 0.46395629795335996 0.4973800476903806 0.4993862020397947 0.4973800476903806 0.4993862020397947 0.5092823442178211 0.46395629795335996 0.5092823442178211
10 0.46395629795335996 0.53433981059138 0.5020434448462773 0.53433981059138 0.5020434448462773 0.5449892338001425 0.46395629795335996 0.5449892338001425
7 0.5729032530191468 0.3940179988994501 0.6171906331271902 0.3940179988994501 0.6171906331271902 0.41093178870160235 0.5729032530191468 0.41093178870160235
7 0.5711317578148251 0.44288005832788996 0.6163048855250294 0.44288005832788996 0.6163048855250294 0.4604202847893812 0.5711317578148251 0.4604202847893812
7 0.5737890006213077 0.4948743010530247 0.6136476427185467 0.4948743010530247 0.6136476427185467 0.5074030342398042 0.5737890006213077 0.5074030342398042
7 0.5702460102126642 0.5299547539760072 0.6189621283315119 0.5299547539760072 0.6189621283315119 0.5456156704594816 0.5702460102126642 0.5456156704594816
8 0.6721069844611641 0.39464443555878903 0.7190516073756903 0.39464443555878903 0.7190516073756903 0.41281109867961924 0.6721069844611641 0.41281109867961924
8 0.6694497416546815 0.4441329316465679 0.7190516073756903 0.4441329316465679 0.7190516073756903 0.4591674114707032 0.6694497416546815 0.4591674114707032
8 0.6774214700741288 0.494874301053024 0.7199373998709271 0.494874301053024 0.7199373998709271 0.5092823442178204 0.6774214700741288 0.5092823442178204
8 0.6738784796654859 0.5299547539760072 0.7199373549778509 0.5299547539760072 0.7199373549778509 0.5474949804374984 0.6738784796654859 0.5474949804374984
11 0.7721964635053424 0.39715018219614495 0.8067406199896163 0.39715018219614495 0.8067406199896163 0.41218466202028037 0.7721964635053424 0.41218466202028037
11 0.7721964635053424 0.4472651149432628 0.8102836103982598 0.4472651149432628 0.8102836103982598 0.4604202847893812 0.7721964635053424 0.4604202847893812
11 0.7695392206988597 0.49362142773434686 0.8093978627960988 0.49362142773434686 0.8093978627960988 0.5099087808771601 0.7695392206988597 0.5099087808771601
11 0.7721964635053424 0.5318340639540241 0.8049691247852946 0.5318340639540241 0.8049691247852946 0.5449892338001426 0.7721964635053424 0.5449892338001426
5 0.8625427189257509 0.39527087221812807 0.9077158466359554 0.39527087221812807 0.9077158466359554 0.40967891538292445 0.8625427189257509 0.40967891538292445
5 0.8545709905063031 0.4416271850092121 0.9130303322489205 0.4416271850092121 0.9130303322489205 0.4616731581080592 0.8545709905063031 0.4616731581080592
5 0.8607712237214291 0.49362142773434686 0.9068300990337944 0.49362142773434686 0.9068300990337944 0.5105352175364991 0.8607712237214291 0.5105352175364991
5 0.868742952140877 0.5312076272946851 0.9139160798510814 0.5312076272946851 0.9139160798510814 0.5456156704594816 0.868742952140877 0.5456156704594816
19 0.3927519816505098 0.6512522763552103 0.4386498119443003 0.6512522763552103 0.4386498119443003 0.6723233276238848 0.3927519816505098 0.6723233276238848
17 0.5682910518969366 0.6802961578336536 0.6447874357199206 0.6802961578336536 0.6447874357199206 0.6968113061253176 0.5682910518969366 0.6968113061253176
18 0.6858539154564702 0.6791571820894009 0.7526875981649721 0.6791571820894009 0.7526875981649721 0.6962418182531911 0.6858539154564702 0.6962418182531911
16 0.839651908195312 0.6808656457057799 0.9129273916468019 0.6808656457057799 0.9129273916468019 0.6973807939974437 0.839651908195312 0.6973807939974437
