4 0.20745153514198258 0.017374517374517374 0.3521216846488915 0.017374517374517374 0.3521216846488915 0.05405405405405404 0.20745153514198258 0.05405405405405404
3 0.47495483045664433 0.048262548262548256 0.6114361035763697 0.048262548262548256 0.6114361035763697 0.08687258687258688 0.47495483045664433 0.08687258687258688
14 0.07858092302896698 0.21340416292636422 0.22649795461290484 0.21340416292636422 0.22649795461290484 0.22974993310166664 0.07858092302896698 0.22974993310166664
13 0.07704012061663429 0.2319293691250403 0.23728357149923363 0.2319293691250403 0.23728357149923363 0.26353119146395826 0.07704012061663429 0.26353119146395826
15 0.14945783399627052 0.2733386535691398 0.2696404221582201 0.2733386535691398 0.2696404221582201 0.2896844237444422 0.14945783399627052 0.2896844237444422
12 0.13559061228527636 0.29077414175612903 0.39598621996950023 0.29077414175612903 0.39598621996950023 0.3136582200015524 0.13559061228527636 0.3136582200015524
1 0.505383191245121 0.21013500889130377 0.775023613403341 0.21013500889130377 0.775023613403341 0.23083965111335347 0.505383191245121 0.23083965111335347
0 0.49921998159579023 0.2319293691250403 0.7781052182280064 0.2319293691250403 0.7781052182280064 0.26789006351070566 0.49921998159579023 0.26789006351070566
2 0.5670152877384284 0.2711592175457661 0.6933610855497087 0.2711592175457661 0.6933610855497087 0.3027610398846841 0.5670152877384284 0.3027610398846841
6 0.13713141469760903 0.3942973528663776 0.3343541234761928 0.3942973528663776 0.3343541234761928 0.423719739181922 0.13713141469760903 0.423719739181922
6 0.13713141469760903 0.4335272012871034 0.3667109741351792 0.4335272012871034 0.3667109741351792 0.47166733169614244 0.13713141469760903 0.47166733169614244
6 0.14483542675927247 0.4782056397662635 0.3697925789598446 0.4782056397662635 0.3697925789598446 0.5207046422220498 0.14483542675927247 0.5207046422220498
9 0.4052310344434964 0.3953870708780645 0.44683269957647886 0.3953870708780645 0.44683269957647886 0.41500199508842756 0.4052310344434964 0.41500199508842756
9 0.4052310344434964 0.43134776526372987 0.4422102923394809 0.43134776526372987 0.4422102923394809 0.44987297146240585 0.4052310344434964 0.44987297146240585
9 0.40060862720649837 0.4803850757896371 0.45145510681347684 0.4803850757896371 0.45145510681347684 0.5043588720467473 0.40060862720649837 0.5043588720467473
10 0.46686313093680387 0.39647678888975135 0.5130872033067844 0.39647678888975135 0.5130872033067844 0.41609171310011417 0.46686313093680387 0.41609171310011417
10 0.4637815261121385 0.43134776526372987 0.5084647960697863 0.43134776526372987 0.5084647960697863 0.4575009975442137 0.4637815261121385 0.4575009975442137
10 0.4622407236998057 0.4803850757896371 0.5084647960697862 0.4803850757896371 0.5084647960697862 0.5032691540350606 0.4622407236998057 0.5032691540350606
7 0.5778009046247572 0.39102819883131723 0.6271065818194032 0.39102819883131723 0.6271065818194032 0.42045058514686157 0.5778009046247572 0.42045058514686157
7 0.5793417070370899 0.43243748327541665 0.6301881866440685 0.43243748327541665 0.6301881866440685 0.45096268947409274 0.5793417070370899 0.45096268947409274
7 0.5747192998000918 0.4814747938013239 0.6317289890564012 0.4814747938013239 0.6317289890564012 0.5076280260818078 0.5747192998000918 0.5076280260818078
8 0.671789851777051 0.39320763485469085 0.734962750682691 0.39320763485469085 0.734962750682691 0.4215403031585484 0.671789851777051 0.4215403031585484
8 0.6765523319606248 0.4316449610850991 0.7269785927278762 0.4316449610850991 0.7269785927278762 0.45046736310514435 0.6765523319606248 0.45046736310514435
8 0.6639457667688119 0.4801869452420578 0.7269785927278762 0.4801869452420578 0.7269785927278762 0.5049532636894857 0.6639457667688119 0.5049532636894857
11 0.7661990177690718 0.39499080978290574 0.8096216312075385 0.39499080978290574 0.8096216312075385 0.41183190632715677 0.7661990177690718 0.41183190632715677
11 0.7718019356320999 0.4316449610850991 0.8124230901390527 0.4316449610850991 0.8124230901390527 0.4524486685809385 0.7718019356320999 0.4524486685809385
11 0.7633975588375579 0.47919629250416057 0.8180260080020805 0.47919629250416057 0.8180260080020805 0.5069345691652799 0.7633975588375579 0.5069345691652799
5 0.864250080372061 0.3930095043071116 0.9160770706050694 0.3930095043071116 0.9160770706050694 0.4128225590650539 0.864250080372061 0.4128225590650539
5 0.864250080372061 0.42966365560930486 0.9146763411393125 0.42966365560930486 0.9146763411393125 0.4554206267946299 0.864250080372061 0.4554206267946299
5 0.8474413267829771 0.47721498702836646 0.9104741527420415 0.47721498702836646 0.9104741527420415 0.5019813054757942 0.8474413267829771 0.5019813054757942
19 0.3866013325489284 0.601046579265506 0.4524356174395069 0.601046579265506 0.4524356174395069 0.6258128977129338 0.3866013325489284 0.6258128977129338
17 0.5602917863027949 0.6258128977129338 0.6541406605085128 0.6258128977129338 0.6541406605085128 0.653551174374053 0.5602917863027949 0.653551174374053
18 0.6793537908921388 0.626803550450831 0.7774048534951278 0.626803550450831 0.7774048534951278 0.6545418271119503 0.6793537908921388 0.6545418271119503
16 0.8250296553308655 0.6258128977129338 0.9160770706050696 0.6258128977129338 0.9160770706050696 0.652560521636156 0.8250296553308655 0.652560521636156
