4 0.20797571245243215 0.02655771195097038 0.33362770539244324 0.02655771195097038 0.33362770539244324 0.04596527068437181 0.20797571245243215 0.04596527068437181
3 0.48094383504624927 0.05515832482124616 0.5935973459579833 0.05515832482124616 0.5935973459579833 0.07252298263534218 0.48094383504624927 0.07252298263534218
14 0.08087944373150126 0.21450459652706821 0.32929487804968377 0.21450459652706821 0.32929487804968377 0.2284097061943182 0.08087944373150126 0.2284097061943182
13 0.07943516795058168 0.23257759425771127 0.24263833119450412 0.23257759425771127 0.24263833119450412 0.26353423489317473 0.07943516795058168 0.26353423489317473
15 0.14593082867856108 0.27881639989158136 0.2592514163116336 0.27881639989158136 0.2592514163116336 0.28977146084257394 0.14593082867856108 0.28977146084257394
12 0.13696301239105171 0.29150120730852014 0.38072456420607825 0.29150120730852014 0.38072456420607825 0.30533917903608976 0.13696301239105171 0.30533917903608976
1 0.5013824560743858 0.2171221092728335 0.7239473512098449 0.2171221092728335 0.7239473512098449 0.2303834988450877 0.5013824560743858 0.2303834988450877
0 0.5054587362050719 0.23384299177698006 0.7060117186348261 0.23384299177698006 0.7060117186348261 0.2620955173874347 0.5054587362050719 0.2620955173874347
2 0.5649724261130883 0.2770866534256351 0.674216733615475 0.2770866534256351 0.674216733615475 0.29150120730852014 0.5649724261130883 0.29150120730852014
6 0.14430031662628662 0.4010517984134616 0.35952790752651076 0.4010517984134616 0.35952790752651076 0.4339169812664394 0.14430031662628662 0.4339169812664394
6 0.14593082867856108 0.44890813570962446 0.33751599482080596 0.44890813570962446 0.33751599482080596 0.48465622933917935 0.14593082867856108 0.48465622933917935
6 0.13940878046946337 0.49734103675611807 0.36441944368333407 0.49734103675611807 0.36441944368333407 0.534818876851619 0.13940878046946337 0.534818876851619
6 0.14348506060014943 0.5434676091813501 0.3709414918924318 0.5434676091813501 0.3709414918924318 0.5786391206555896 0.14348506060014943 0.5786391206555896
6 0.1394087804694633 0.5953600215647206 0.2641429524684568 0.5953600215647206 0.2641429524684568 0.6086214111369749 0.1394087804694633 0.6086214111369749
9 0.40599750101633186 0.3970157417312383 0.4418687661663693 0.3970157417312383 0.4418687661663693 0.41200687776943884 0.40599750101633186 0.41200687776943884
9 0.40110596485950867 0.4454486427777321 0.4467603023231926 0.4454486427777321 0.4467603023231926 0.45871003234998625 0.40110596485950867 0.45871003234998625
9 0.40273647691178305 0.49734103675611807 0.44512979027091804 0.49734103675611807 0.44512979027091804 0.5088726798624261 0.40273647691178305 0.5088726798624261
9 0.40599750101633186 0.5457739378026117 0.44757555834932977 0.5457739378026117 0.44757555834932977 0.5590353273748658 0.40599750101633186 0.5590353273748658
9 0.4035517329379202 0.595360003159736 0.4467603023231926 0.595360003159736 0.4467603023231926 0.6063150641107286 0.4035517329379202 0.6063150641107286
10 0.46388067887207396 0.3981689060418692 0.5013824560743858 0.3981689060418692 0.5013824560743858 0.410853713458808 0.46388067887207396 0.410853713458808
10 0.46714170297662283 0.44890813570962446 0.5111655283880322 0.44890813570962446 0.5111655283880322 0.45871003234998625 0.46714170297662283 0.45871003234998625
10 0.46632644695048564 0.4933049616689103 0.5038282241527975 0.4933049616689103 0.5038282241527975 0.5088726798624261 0.46632644695048564 0.5088726798624261
10 0.4646959348982112 0.5475036842685579 0.5005672000482485 0.5475036842685579 0.5005672000482485 0.5596119095301814 0.4646959348982112 0.5596119095301814
10 0.4646959348982112 0.5959365853150514 0.5054587362050719 0.5959365853150514 0.5054587362050719 0.6063150641107286 0.4646959348982112 0.6063150641107286
7 0.5723097303483233 0.39643915957592296 0.6163335557597327 0.39643915957592296 0.6163335557597327 0.4120068777694389 0.5723097303483233 0.4120068777694389
7 0.571494474322186 0.4431423141564705 0.6204098358904189 0.4431423141564705 0.6204098358904189 0.46043977881593245 0.571494474322186 0.46043977881593245
7 0.5796470345835582 0.49561129029017187 0.6187793238381444 0.49561129029017187 0.6187793238381444 0.5106024263283723 0.5796470345835582 0.5106024263283723
7 0.5747554984267349 0.5451973556472962 0.6228556039688304 0.5451973556472962 0.6228556039688304 0.5613416559961274 0.5747554984267349 0.5613416559961274
7 0.5820928026619697 0.5919005102278435 0.6220403479426931 0.5919005102278435 0.6220403479426931 0.609774557042621 0.5820928026619697 0.609774557042621
8 0.674216733615475 0.3981689060418692 0.7206863271052961 0.3981689060418692 0.7206863271052961 0.41027713130349264 0.674216733615475 0.41027713130349264
8 0.6644336613018283 0.4454486427777321 0.7215015831314332 0.4454486427777321 0.7215015831314332 0.4592866145053016 0.6644336613018283 0.4592866145053016
8 0.6815540378507098 0.4933049616689103 0.720686327105296 0.4933049616689103 0.720686327105296 0.5111790084836877 0.6815540378507098 0.5111790084836877
8 0.6791082697722982 0.5440441913366655 0.7182405590268843 0.5440441913366655 0.7182405590268843 0.5590353273748658 0.6791082697722982 0.5590353273748658
8 0.674216733615475 0.5924770923831592 0.7231320951837077 0.5924770923831592 0.7231320951837077 0.6074682284213595 0.674216733615475 0.6074682284213595
11 0.7728627127780776 0.3981689060418692 0.8111797460065266 0.3981689060418692 0.8111797460065266 0.4154663707013312 0.7728627127780776 0.4154663707013312
11 0.7679711766212542 0.44833155355430904 0.8046576977974288 0.44833155355430904 0.8046576977974288 0.4610163609712479 0.7679711766212542 0.4610163609712479
11 0.7696016886735287 0.4938815438242257 0.8095492339542522 0.4938815438242257 0.8095492339542522 0.5106024263283724 0.7696016886735287 0.5106024263283724
11 0.7753084808564892 0.5457739378026117 0.8095492339542522 0.5457739378026117 0.8095492339542522 0.557882163064235 0.7753084808564892 0.557882163064235
11 0.7704169446996658 0.5924770923831592 0.816886538189487 0.5924770923831592 0.816886538189487 0.6074682284213595 0.7704169446996658 0.6074682284213595
5 0.8609103636008966 0.39643915957592296 0.9122714932475411 0.39643915957592296 0.9122714932475411 0.410853713458808 0.8609103636008966 0.410853713458808
5 0.8576493394963477 0.44660180708836283 0.9114562372214037 0.44660180708836283 0.9114562372214037 0.4610163609712479 0.8576493394963477 0.4610163609712479
5 0.8772154841236408 0.49561129029017187 0.9147172613259528 0.49561129029017187 0.9147172613259528 0.5106024263283723 0.8772154841236408 0.5106024263283723
5 0.8674324118099941 0.5417378627154038 0.9139020052998152 0.5417378627154038 0.9139020052998152 0.5573055809089197 0.8674324118099941 0.5573055809089197
5 0.8625408756531708 0.5936302566937899 0.9122714932475409 0.5936302566937899 0.9122714932475409 0.6063150641107286 0.8625408756531708 0.6063150641107286
19 0.3979931691233483 0.6915227998603767 0.44172053779798065 0.6915227998603767 0.44172053779798065 0.7077719333283562 0.3979931691233483 0.7077719333283562
17 0.569196934612163 0.7203519076261468 0.6447934024903409 0.7203519076261468 0.6447934024903409 0.7355527099026437 0.569196934612163 0.7355527099026437
18 0.6862973456391444 0.7187794108389228 0.7530001114140072 0.7187794108389228 0.7530001114140072 0.7355527099026437 0.6862973456391444 0.7355527099026437
16 0.8382314232374433 0.7182552452431819 0.9153101747995068 0.7182552452431819 0.9153101747995068 0.7355527099026438 0.8382314232374433 0.7355527099026438
