4 0.20879001301398092 0.03023791777515565 0.3324321154165772 0.03023791777515565 0.3324321154165772 0.047320140938894785 0.20879001301398092 0.047320140938894785
3 0.480227558753634 0.05830157011558423 0.602719502064113 0.05830157011558423 0.602719502064113 0.07741739127500659 0.480227558753634 0.07741739127500659
14 0.07619366281407192 0.2153064529440226 0.24142392524580342 0.2153064529440226 0.24142392524580342 0.2306884878511781 0.07619366281407192 0.2306884878511781
13 0.07749213245990084 0.23160681829339633 0.32712292187051284 0.23160681829339633 0.32712292187051284 0.26466671421325283 0.07749213245990084 0.26466671421325283
15 0.14468793663154803 0.2752275142987626 0.2690164052196682 0.2752275142987626 0.2690164052196682 0.2910687144270272 0.14468793663154803 0.2910687144270272
12 0.13235247499617317 0.29129829703758175 0.3748416813547261 0.29129829703758175 0.3748416813547261 0.30828741021861916 0.13235247499617317 0.30828741021861916
1 0.4968135331302976 0.21562347709187596 0.6527892777787948 0.21562347709187596 0.6527892777787948 0.22998547646033754 0.4968135331302976 0.22998547646033754
0 0.4968135331302976 0.23090219982428187 0.7175991439762313 0.23090219982428187 0.7175991439762313 0.26420981538092686 0.4968135331302976 0.26420981538092686
2 0.5637837282009822 0.27734952941893903 0.6955637894691031 0.27734952941893903 0.6955637894691031 0.2914059543327525 0.5637837282009822 0.2914059543327525
6 0.13118338781219535 0.3957246268422947 0.37386695624891897 0.3957246268422947 0.37386695624891897 0.43680330635509595 0.13118338781219535 0.43680330635509595
6 0.13118338781219535 0.44493769833782887 0.3882439449003837 0.44493769833782887 0.3882439449003837 0.4856096582514936 0.13118338781219535 0.4856096582514936
6 0.13060830826613676 0.495370928630773 0.34396281985387245 0.495370928630773 0.34396281985387245 0.5474310373202638 0.13060830826613676 0.5474310373202638
6 0.13118338781219535 0.5535318313073134 0.3382120243932866 0.5535318313073134 0.3382120243932866 0.5974575480140712 0.13118338781219535 0.5974575480140712
6 0.1334837059964297 0.6015247440054378 0.36581584260409883 0.6015247440054378 0.36581584260409883 0.6462638999104687 0.1334837059964297 0.6462638999104687
6 0.1340587855424883 0.6531781330957916 0.36351552441986446 0.6531781330957916 0.36351552441986446 0.6950702518068664 0.1340587855424883 0.6950702518068664
6 0.13118338781219535 0.7007643261947792 0.36294044487380583 0.7007643261947792 0.36294044487380583 0.7316750157291643 0.13118338781219535 0.7316750157291643
9 0.40147077445973123 0.3945044680448848 0.45150269496682827 0.3945044680448848 0.45150269496682827 0.4132135696051705 0.40147077445973123 0.4132135696051705
9 0.40089569491367266 0.4453444179369656 0.44690205859835963 0.4453444179369656 0.44690205859835963 0.4607997627041581 0.40089569491367266 0.4607997627041581
9 0.3985953767294383 0.4913037326394065 0.44575189950624233 0.4913037326394065 0.44575189950624233 0.5108262733979656 0.3985953767294383 0.5108262733979656
9 0.39571997899914535 0.5535318313073134 0.449202376782594 0.5535318313073134 0.449202376782594 0.5746812504624189 0.39571997899914535 0.5746812504624189
9 0.40032061536761404 0.604371781199394 0.45207777451288694 0.604371781199394 0.45207777451288694 0.6222674435614067 0.40032061536761404 0.6222674435614067
9 0.40262093355184847 0.6519579742983816 0.4446017404141253 0.6519579742983816 0.4446017404141253 0.671073795457804 0.40262093355184847 0.671073795457804
9 0.40032061536761404 0.7015777653930526 0.4440266608680666 0.7015777653930526 0.4440266608680666 0.7190667081559283 0.40032061536761404 0.7190667081559283
10 0.4589787290655899 0.39491118764402144 0.5067103313884527 0.39491118764402144 0.5067103313884527 0.41524716760085373 0.4589787290655899 0.41524716760085373
10 0.46070396770376576 0.44493769833782887 0.5078604904805698 0.44493769833782887 0.5078604904805698 0.46527367829466115 0.46070396770376576 0.46527367829466115
10 0.4584036495195314 0.4945574894324998 0.5147614450332729 0.4945574894324998 0.5147614450332729 0.5120464321953755 0.4584036495195314 0.5120464321953755
10 0.46012888815770714 0.5555654293029966 0.5072854109345113 0.5555654293029966 0.5072854109345113 0.5730543720658725 0.46012888815770714 0.5730543720658725
10 0.46012888815770714 0.6055919399968042 0.5067103313884527 0.6055919399968042 0.5067103313884527 0.6234876023588166 0.46012888815770714 0.6234876023588166
10 0.4589787290655899 0.6548050114923383 0.5072854109345113 0.6548050114923383 0.5072854109345113 0.6686334778629842 0.4589787290655899 0.6686334778629842
10 0.46127904724982427 0.7032046437895991 0.5101608086648041 0.7032046437895991 0.5101608086648041 0.7202868669533383 0.46127904724982427 0.7202868669533383
7 0.555017013257374 0.3945044680448848 0.6211511610541115 0.3945044680448848 0.6211511610541115 0.4144337284025805 0.555017013257374 0.4144337284025805
7 0.5440905018822608 0.44331081994128224 0.6257517974225801 0.44331081994128224 0.6257517974225801 0.46812071548861783 0.5440905018822608 0.46812071548861783
7 0.56479336554037 0.4925238914368165 0.6200010019619943 0.4925238914368165 0.6200010019619943 0.5120464321953755 0.56479336554037 0.5120464321953755
7 0.5423652632440851 0.5551587097038599 0.6228763996922873 0.5551587097038599 0.6228763996922873 0.5726476524667358 0.5423652632440851 0.5726476524667358
7 0.5613428882640185 0.6035583420011209 0.6194259224159359 0.6035583420011209 0.6194259224159359 0.6226741631605432 0.5613428882640185 0.6226741631605432
7 0.5377646268756163 0.6527714134966551 0.6303524337910489 0.6527714134966551 0.6303524337910489 0.6714805150569406 0.5377646268756163 0.6714805150569406
7 0.5596176496258427 0.7015777653930526 0.6257517974225801 0.7015777653930526 0.6257517974225801 0.7211003061516117 0.5596176496258427 0.7211003061516117
8 0.6492383404017259 0.39443801061588907 0.7234236018432835 0.39443801061588907 0.7234236018432835 0.41436727097358467 0.6492383404017259 0.41436727097358467
8 0.6469380222174914 0.4428376429131499 0.7251488404814591 0.4428376429131499 0.7251488404814591 0.4631736228699822 0.6469380222174914 0.4631736228699822
8 0.6687910449677177 0.4940843124043674 0.7216983632051076 0.4940843124043674 0.7216983632051076 0.5111665355681064 0.6687910449677177 0.5111665355681064
8 0.6377367494805541 0.5559056914731376 0.7205482041129908 0.5559056914731376 0.7205482041129908 0.5729879146368767 0.6377367494805541 0.5729879146368767
8 0.646362942671433 0.6034918845721252 0.7234236018432835 0.6034918845721252 0.7234236018432835 0.6230144253306842 0.646362942671433 0.6230144253306842
8 0.646362942671433 0.6535183952659327 0.7234236018432835 0.6535183952659327 0.7234236018432835 0.6689737400331253 0.646362942671433 0.6689737400331253
8 0.6607399313228978 0.7015113079640568 0.7262989995735766 0.7015113079640568 0.7262989995735766 0.7206271291234791 0.6607399313228978 0.7206271291234791
11 0.7694299655279706 0.39443801061588907 0.8154363292126577 0.39443801061588907 0.8154363292126577 0.41436727097358467 0.7694299655279706 0.41436727097358467
11 0.7677047268897949 0.4432443625122866 0.8079602951138961 0.4432443625122866 0.8079602951138961 0.4623601836717089 0.7677047268897949 0.4623601836717089
11 0.7665545677976776 0.4916439948095475 0.8125609314823646 0.4916439948095475 0.8125609314823646 0.5144202923611998 0.7665545677976776 0.5144202923611998
11 0.7671296473437361 0.5554989718740009 0.8131360110284231 0.5554989718740009 0.8131360110284231 0.5742080734342866 0.7671296473437361 0.5742080734342866
11 0.7636791700673846 0.6026784453738518 0.816011408758716 0.6026784453738518 0.816011408758716 0.6217942665332742 0.7636791700673846 0.6217942665332742
11 0.7642542496134433 0.6510780776711128 0.8085353746599545 0.6510780776711128 0.8085353746599545 0.6726342164253548 0.7642542496134433 0.6726342164253548
11 0.7648293291595019 0.7011045883649202 0.8108356928441888 0.7011045883649202 0.8108356928441888 0.724287605515709 0.7648293291595019 0.724287605515709
5 0.8413149087852938 0.39606488901243564 0.9137749315886757 0.39606488901243564 0.9137749315886757 0.41314711217617484 0.8413149087852938 0.41314711217617484
5 0.8390145906010595 0.4448712409088332 0.913774931588676 0.4448712409088332 0.913774931588676 0.4623601836717089 0.8390145906010595 0.4623601836717089
5 0.8591423747131102 0.49367759280523066 0.9149250906807932 0.49367759280523066 0.9149250906807932 0.5132001335637897 0.8591423747131102 0.5132001335637897
5 0.8269379201338292 0.5546855326757276 0.9114746134044416 0.5546855326757276 0.9114746134044416 0.5713610362403303 0.8269379201338292 0.5713610362403303
5 0.8372893519628838 0.6034918845721252 0.910899533858383 0.6034918845721252 0.910899533858383 0.6209808273350009 0.8372893519628838 0.6209808273350009
5 0.8367142724168253 0.6522982170765177 0.915500170226852 0.6522982170765177 0.915500170226852 0.6689737206411203 0.8367142724168253 0.6689737206411203
5 0.8482158633379968 0.7002911491666469 0.9091742952202071 0.7002911491666469 0.9091742952202071 0.7202204095243425 0.8482158633379968 0.7202204095243425
19 0.39493241433915816 0.8147736294633687 0.44438925530019663 0.8147736294633687 0.44438925530019663 0.8310424134288344 0.39493241433915816 0.8310424134288344
17 0.5398524599459221 0.8387700858124306 0.6456670964207021 0.8387700858124306 0.6456670964207021 0.8570724677735797 0.5398524599459221 0.8570724677735797
18 0.6571686873418738 0.8408036838081139 0.7589577669942437 0.8408036838081139 0.7589577669942437 0.8582926265709897 0.6571686873418738 0.8582926265709897
16 0.8078395284092237 0.8408036838081139 0.913079085337945 0.8408036838081139 0.913079085337945 0.8562590285753066 0.8078395284092237 0.8562590285753066
