4 0.21202070895833064 0.029717218042726805 0.3272050364212699 0.029717218042726805 0.3272050364212699 0.047740012744316114 0.21202070895833064 0.047740012744316114
3 0.4852012378084874 0.05422821883688827 0.5942695832822439 0.05422821883688827 0.5942695832822439 0.08162286678330402 0.4852012378084874 0.08162286678330402
14 0.08256575685396529 0.21354972399893768 0.278277180507809 0.21354972399893768 0.278277180507809 0.22940978333633627 0.08256575685396529 0.22940978333633627
13 0.08154642652243486 0.231572518700527 0.2609485648717915 0.231572518700527 0.2609485648717915 0.26329263737532416 0.08154642652243486 0.26329263737532416
15 0.14780289807191319 0.27410631419627773 0.2548325828826089 0.27410631419627773 0.2548325828826089 0.2914081971098035 0.14780289807191319 0.2914081971098035
12 0.1335322734304871 0.29068728532173993 0.3802102136608526 0.29068728532173993 0.3802102136608526 0.30654734465913847 0.1335322734304871 0.30654734465913847
1 0.5025298534445048 0.21282881221087413 0.7227052050550788 0.21282881221087413 0.7227052050550788 0.23013069512439985 0.5025298534445048 0.23013069512439985
0 0.5035491837760353 0.231572518700527 0.6258688235596875 0.231572518700527 0.6258688235596875 0.26040899022306985 0.5035491837760353 0.26040899022306985
2 0.5647090036678615 0.2762690495604685 0.6778546704677398 0.2762690495604685 0.6778546704677398 0.2942918442620578 0.5647090036678615 0.2942918442620578
6 0.137915393856068 0.39551444198533026 0.3487129064165622 0.39551444198533026 0.3487129064165622 0.43516459032882676 0.137915393856068 0.43516459032882676
6 0.1435217106794855 0.4462666318650058 0.3554405747463033 0.4462666318650058 0.3554405747463033 0.4859167802085023 0.1435217106794855 0.4859167802085023
6 0.14127918395011843 0.49463981284407155 0.34759164305187873 0.49463981284407155 0.34759164305187873 0.534289961187568 0.14127918395011843 0.534289961187568
6 0.14464297404416887 0.5438059967900072 0.3576830133340301 0.5438059967900072 0.3576830133340301 0.5818701391997638 0.14464297404416887 0.5818701391997638
6 0.1457642374088524 0.5913861748022029 0.3487129064165622 0.5913861748022029 0.3487129064165622 0.6207272845763901 0.1457642374088524 0.6207272845763901
6 0.1435217106794854 0.6326223290794392 0.3453491163225118 0.6326223290794392 0.3453491163225118 0.6667214566548463 0.1435217106794854 0.6667214566548463
6 0.14015792058543497 0.680202507091635 0.3677743836161814 0.680202507091635 0.3677743836161814 0.7166806435676517 0.14015792058543497 0.7166806435676517
9 0.40217214898564463 0.39367810248200263 0.443872026184617 0.39367810248200263 0.443872026184617 0.4100624613016293 0.40217214898564463 0.4100624613016293
9 0.40402547686115453 0.4461080507048079 0.444798690122372 0.4461080507048079 0.444798690122372 0.4598709121132943 0.40402547686115453 0.4598709121132943
9 0.4012454850478897 0.4952611271636878 0.44016537043359727 0.4952611271636878 0.44016537043359727 0.5083686142193891 0.4012454850478897 0.5083686142193891
9 0.40402547686115453 0.5437588292697827 0.44294536224686204 0.5437588292697827 0.44294536224686204 0.556866316325484 0.40402547686115453 0.556866316325484
9 0.40402547686115453 0.5909457826703074 0.4392387064958423 0.5909457826703074 0.4392387064958423 0.6106070132538592 0.40402547686115453 0.6106070132538592
9 0.40402547686115453 0.6289574951318412 0.43553205074482254 0.6289574951318412 0.43553205074482254 0.647307977009823 0.40402547686115453 0.647307977009823
9 0.40217214898564463 0.6787659459435063 0.44294536224686204 0.6787659459435063 0.44294536224686204 0.6918734329992074 0.40217214898564463 0.6918734329992074
10 0.4661119606907357 0.39629959989314284 0.507811837889708 0.39629959989314284 0.507811837889708 0.4133393330655546 0.4661119606907357 0.4133393330655546
10 0.4633319688774708 0.447418799410378 0.5087385018274629 0.447418799410378 0.5087385018274629 0.4598709121132943 0.4633319688774708 0.4598709121132943
10 0.459625313126451 0.49657187586925794 0.4994718624499135 0.49657187586925794 0.4994718624499135 0.5090239885721742 0.459625313126451 0.5090239885721742
10 0.4642586328152257 0.5424480805642126 0.5050318460764431 0.5424480805642126 0.5050318460764431 0.5601431880894093 0.4642586328152257 0.5601431880894093
10 0.46147864100196095 0.5935672800814477 0.5013251903254234 0.5935672800814477 0.5013251903254234 0.6047086440787939 0.46147864100196095 0.6047086440787939
10 0.4642586160049952 0.6328897216309697 0.5078118210794774 0.6328897216309697 0.5078118210794774 0.6427203369227457 0.4642586160049952 0.6427203369227457
10 0.4633319912911111 0.6800767240754485 0.5041052045523284 0.6800767240754485 0.5041052045523284 0.6918734624255797 0.4633319912911111 0.6918734624255797
7 0.5773116332213286 0.39302272812921757 0.6153048546692813 0.39302272812921757 0.6153048546692813 0.4100624613016294 0.5773116332213286 0.4100624613016294
7 0.5689716577815341 0.4402096815297423 0.6115981989182614 0.4402096815297423 0.6115981989182614 0.4592155377605092 0.5689716577815341 0.4592155377605092
7 0.5522917069019452 0.49198425539976254 0.6125248628560164 0.49198425539976254 0.6125248628560164 0.5096793629249592 0.5522917069019452 0.5096793629249592
7 0.5522917069019452 0.5424480805642126 0.619938174358056 0.5424480805642126 0.619938174358056 0.5614539367949795 0.5522917069019452 0.5614539367949795
7 0.5661916659682693 0.5929119057286626 0.6125248628560164 0.5929119057286626 0.6125248628560164 0.6099516389010743 0.5661916659682693 0.6099516389010743
7 0.5698983217192891 0.6276467464262712 0.6190115104203011 0.6276467464262712 0.6190115104203011 0.645997228304253 0.5698983217192891 0.645997228304253
7 0.5522917069019452 0.6813874433546464 0.6162315186070362 0.6813874433546464 0.6162315186070362 0.6951503047631329 0.5522917069019452 0.6951503047631329
8 0.6746113466855975 0.39367810248200263 0.7172378878223247 0.39367810248200263 0.7172378878223247 0.4133393330655546 0.6746113466855975 0.4133393330655546
8 0.666271371245803 0.44217580458809747 0.7227978714488545 0.44217580458809747 0.7227978714488545 0.46183703517164953 0.666271371245803 0.46183703517164953
8 0.6514447482417238 0.4946057528109028 0.7190912156978347 0.4946057528109028 0.7190912156978347 0.5090239885721741 0.6514447482417238 0.5090239885721741
8 0.653298076117234 0.5437588292697827 0.7181645517600798 0.5437588292697827 0.7181645517600798 0.5575216906782691 0.653298076117234 0.5575216906782691
8 0.6625647154947832 0.5929119057286626 0.7172378878223248 0.5929119057286626 0.7172378878223248 0.606674767137149 0.6625647154947832 0.606674767137149
8 0.674611318668546 0.6263359977207 0.714458008077261 0.6263359977207 0.714458008077261 0.6440312719953399 0.674611318668546 0.6440312719953399
8 0.6495913811423438 0.6728675277244868 0.7163111846606995 0.6728675277244868 0.7163111846606995 0.6918733839552537 0.6495913811423438 0.6918733839552537
11 0.7672777404610914 0.396954974245928 0.8052709619090442 0.396954974245928 0.8052709619090442 0.4133393330655546 0.7672777404610914 0.4133393330655546
11 0.7700577322743564 0.4441419276464527 0.8015643061580244 0.4441419276464527 0.8015643061580244 0.4598709121132943 0.7700577322743564 0.4598709121132943
11 0.7682044043988465 0.4913288810469774 0.808977617660064 0.4913288810469774 0.808977617660064 0.5109901116305294 0.7682044043988465 0.5109901116305294
11 0.7700577322743564 0.547035701033708 0.8052709619090442 0.547035701033708 0.8052709619090442 0.5614539367949795 0.7700577322743564 0.5614539367949795
11 0.7682044043988465 0.5896350339647373 0.8071242897845541 0.5896350339647373 0.8071242897845541 0.606674767137149 0.7682044043988465 0.606674767137149
11 0.7691310235093209 0.6315790317781443 0.8080509088950284 0.6315790317781443 0.8080509088950284 0.6492741393033411 0.7691310235093209 0.6492741393033411
11 0.7719110601498664 0.6813874433546464 0.8108309455355739 0.6813874433546464 0.8108309455355739 0.6951503047631329 0.7719110601498664 0.6951503047631329
5 0.8645774539253605 0.3910566050708624 0.902570675373313 0.3910566050708624 0.902570675373313 0.4133393330655546 0.8645774539253605 0.4133393330655546
5 0.8488241669835265 0.44217580458809747 0.9081306589998428 0.44217580458809747 0.9081306589998428 0.4598709121132943 0.8488241669835265 0.4598709121132943
5 0.8432641833569969 0.4952611271636878 0.9081306589998428 0.4952611271636878 0.9081306589998428 0.5123008603360996 0.8432641833569969 0.5123008603360996
5 0.8469708391080165 0.5424480805642126 0.9072039950620876 0.5424480805642126 0.9072039950620876 0.5588324393838392 0.8469708391080165 0.5588324393838392
5 0.8534574866723013 0.5902904083175223 0.9090573229375977 0.5902904083175223 0.9090573229375977 0.6060193927843639 0.8534574866723013 0.6060193927843639
5 0.8645774539253605 0.6302682438374113 0.906277331124333 0.6302682438374113 0.906277331124333 0.645997228304253 0.8645774539253605 0.645997228304253
5 0.8441908472947518 0.6787659459435063 0.9081306589998428 0.6787659459435063 0.9081306589998428 0.6944949304103478 0.8441908472947518 0.6944949304103478
19 0.4012454850478897 0.8047863572956502 0.4392387064958424 0.8047863572956502 0.4392387064958424 0.8224814648208469 0.4012454850478897 0.8224814648208469
17 0.5448783953999057 0.8277244596431275 0.6468114285529493 0.8277244596431275 0.6468114285529493 0.8454195671683243 0.5448783953999057 0.8454195671683243
18 0.6653447073080482 0.8264137109375574 0.7533777813947675 0.8264137109375574 0.7533777813947675 0.8408319466988288 0.6653447073080482 0.8408319466988288
16 0.8163909291621035 0.8257583365847723 0.9136906426263722 0.8257583365847723 0.9136906426263722 0.8441088184627542 0.8163909291621035 0.8441088184627542
