4 0.21115755368929104 0.03140682016840564 0.32637713618625314 0.03140682016840564 0.32637713618625314 0.046685813763846215 0.21115755368929104 0.046685813763846215
3 0.4824036541508893 0.05687180949413994 0.5964230326635082 0.05687180949413994 0.5964230326635082 0.07554613499967842 0.4824036541508893 0.07554613499967842
14 0.08153552338020868 0.21645240926874154 0.18235265806505052 0.21645240926874154 0.18235265806505052 0.2291849039316087 0.08153552338020868 0.2291849039316087
13 0.07793491142717862 0.2317314028641821 0.31797570829584965 0.2317314028641821 0.31797570829584965 0.2639870560101122 0.07793491142717862 0.2639870560101122
15 0.14754674251909322 0.2758707176954549 0.2603659170473686 0.2758707176954549 0.2603659170473686 0.29114971129089556 0.14754674251909322 0.29114971129089556
12 0.13554470267565968 0.29199854426842 0.38158651946604744 0.29199854426842 0.38158651946604744 0.3106728697739584 0.13554470267565968 0.3106728697739584
1 0.501606917900383 0.21475474331369263 0.6516324159433026 0.21475474331369263 0.6516324159433026 0.2291849039316087 0.501606917900383 0.2291849039316087
0 0.4980063059473529 0.2283360709540842 0.7584505705498611 0.2283360709540842 0.7584505705498611 0.2622893900550633 0.4980063059473529 0.2622893900550633
2 0.5652177290705809 0.2767195506729794 0.6792371075831996 0.2767195506729794 0.6792371075831996 0.29284737724594445 0.5652177290705809 0.29284737724594445
6 0.14154572259737644 0.39385850157135727 0.36358345970089717 0.39385850157135727 0.36358345970089717 0.4354513174700566 0.14154572259737644 0.4354513174700566
6 0.13674490666000305 0.44563731320035027 0.3599828477478671 0.44563731320035027 0.3599828477478671 0.4838347971889517 0.13674490666000305 0.4838347971889517
6 0.1403455186130331 0.49656729185181886 0.36358345970089717 0.49656729185181886 0.36358345970089717 0.5330671098853713 0.1403455186130331 0.5330671098853713
6 0.13794511064434636 0.544950771570714 0.33477856407665657 0.544950771570714 0.33477856407665657 0.5831482555593155 0.13794511064434636 0.5831482555593155
6 0.13314429470697295 0.5941830842671336 0.34077958399837344 0.5941830842671336 0.34077958399837344 0.6323805682557351 0.13314429470697295 0.6323805682557351
9 0.4043903951685712 0.3947073345488817 0.4451973306362453 0.3947073345488817 0.4451973306362453 0.41083516112184665 0.4043903951685712 0.41083516112184665
9 0.40679080313725796 0.44563731320035027 0.447597738604932 0.44563731320035027 0.447597738604932 0.46006747381826635 0.40679080313725796 0.46006747381826635
9 0.40679080313725796 0.49402079291924544 0.4427969226675586 0.49402079291924544 0.4427969226675586 0.5084509535371615 0.40679080313725796 0.5084509535371615
9 0.40198998719988455 0.544950771570714 0.44399712665190205 0.544950771570714 0.44399712665190205 0.5585320992111056 0.40198998719988455 0.5585320992111056
9 0.4043903951685712 0.5916365853345602 0.44399712665190205 0.5916365853345602 0.44399712665190205 0.6086132448850499 0.4043903951685712 0.6086132448850499
10 0.46440059438573894 0.3998003324140285 0.5064077338377564 0.3998003324140285 0.5064077338377564 0.4099863281443222 0.46440059438573894 0.4099863281443222
10 0.46560079837008234 0.44733497915539927 0.5040073258690697 0.44733497915539927 0.5040073258690697 0.4592186408407418 0.46560079837008234 0.4592186408407418
10 0.46440059438573894 0.49486962589676986 0.5052075298534131 0.49486962589676986 0.5052075298534131 0.5109974524697349 0.46440059438573894 0.5109974524697349
10 0.46440059438573894 0.544950771570714 0.501606917900383 0.544950771570714 0.501606917900383 0.5559856002785322 0.46440059438573894 0.5559856002785322
10 0.46440059438573894 0.5941830842671336 0.501606917900383 0.5941830842671336 0.501606917900383 0.6052179129749519 0.46440059438573894 0.6052179129749519
7 0.5604169131332073 0.3947073345488817 0.6180267043816884 0.3947073345488817 0.6180267043816884 0.4133816600544201 0.5604169131332073 0.4133816600544201
7 0.5628173211018941 0.44563731320035027 0.6180267043816884 0.44563731320035027 0.6180267043816884 0.4592186408407418 0.5628173211018941 0.4592186408407418
7 0.5604169131332073 0.4923231269641965 0.6180267043816884 0.4923231269641965 0.6180267043816884 0.5118462854472594 0.5604169131332073 0.5118462854472594
7 0.5604169131332073 0.5432531056156651 0.6168265003973451 0.5432531056156651 0.6168265003973451 0.5593809321886302 0.5604169131332073 0.5593809321886302
7 0.5604169131332073 0.5924854183120848 0.6156262964130018 0.5924854183120848 0.6156262964130018 0.6060667459524763 0.5604169131332073 0.6060667459524763
8 0.660033843833706 0.39385850157135727 0.7188438390665302 0.39385850157135727 0.7188438390665302 0.4108351611218467 0.660033843833706 0.4108351611218467
8 0.6528326199276457 0.4430908142677768 0.7176436350821869 0.4430908142677768 0.7176436350821869 0.46006747381826635 0.6528326199276457 0.46006747381826635
8 0.6576334358650192 0.4923231269641965 0.7224444510195603 0.4923231269641965 0.7224444510195603 0.5118462854472594 0.6576334358650192 0.5118462854472594
8 0.6624342518023925 0.5424042726381406 0.7236446550039038 0.5424042726381406 0.7236446550039038 0.5585320992111056 0.6624342518023925 0.5585320992111056
8 0.6612340478180492 0.5941830842671336 0.7200440430508734 0.5941830842671336 0.7200440430508734 0.6069155789300008 0.6612340478180492 0.6069155789300008
11 0.7692524064089512 0.3947073345488817 0.8124597498453122 0.3947073345488817 0.8124597498453122 0.4116839940993712 0.7692524064089512 0.4116839940993712
11 0.7692524064089512 0.44224198129025233 0.8100593418766253 0.44224198129025233 0.8100593418766253 0.4626139727508398 0.7692524064089512 0.4626139727508398
11 0.7656517944559211 0.493171959941721 0.805258525939252 0.493171959941721 0.805258525939252 0.5084509535371615 0.7656517944559211 0.5084509535371615
11 0.7680522024246079 0.5432531056156651 0.8076589339079385 0.5432531056156651 0.8076589339079385 0.5602297651661546 0.7680522024246079 0.5602297651661546
11 0.7704526103932945 0.5924854183120848 0.808859137892282 0.5924854183120848 0.808859137892282 0.6069155789300008 0.7704526103932945 0.6069155789300008
5 0.8556670932816728 0.39725383348145515 0.9120766805458104 0.39725383348145515 0.9120766805458104 0.4133816600544202 0.8556670932816728 0.4133816600544202
4 0.8412646454695525 0.4430908142677768 0.9096762725771236 0.4430908142677768 0.9096762725771236 0.4626139727508398 0.8412646454695525 0.4626139727508398
5 0.8496660733599561 0.4923231269641965 0.9084760685927805 0.4923231269641965 0.9084760685927805 0.507602120559637 0.8496660733599561 0.507602120559637
5 0.8532666853129861 0.5415554396606161 0.9084760685927805 0.5415554396606161 0.9084760685927805 0.5602297651661546 0.8532666853129861 0.5602297651661546
5 0.8532666853129861 0.5899389193795114 0.9084760685927805 0.5899389193795114 0.9084760685927805 0.6086132448850498 0.8532666853129861 0.6086132448850498
19 0.40078978321554115 0.7155662000531339 0.4415967186832152 0.7155662000531339 0.4415967186832152 0.7333916925811479 0.40078978321554115 0.7333916925811479
17 0.5496150772741172 0.7393335234238191 0.642114074591639 0.7393335234238191 0.642114074591639 0.7590571036826116 0.5496150772741172 0.7590571036826116
18 0.6816375155518862 0.742728855333917 0.7536497546124877 0.742728855333917 0.7536497546124877 0.7588566819068822 0.6816375155518862 0.7588566819068822
16 0.8196609737513721 0.7435776883114414 0.913276884530154 0.7435776883114414 0.913276884530154 0.7580078489293577 0.8196609737513721 0.7580078489293577
