4 0.2130296835601968 0.028860321235832213 0.3270490620728156 0.028860321235832213 0.3270490620728156 0.04668581376384622 0.2130296835601968 0.04668581376384622
3 0.47707456011573496 0.05432531056156652 0.5946945505813839 0.05432531056156652 0.5946945505813839 0.07894146690977633 0.47707456011573496 0.07894146690977633
14 0.08220744926677112 0.21560357629121707 0.24423498715312406 0.21560357629121707 0.24423498715312406 0.2291849039316087 0.08220744926677112 0.2291849039316087
13 0.0774066333293977 0.2291849039316087 0.2730398827773646 0.2291849039316087 0.2730398827773646 0.26313822303258777 0.0774066333293977 0.26313822303258777
15 0.14581826043696894 0.2767195506729794 0.2598376389495877 0.2767195506729794 0.2598376389495877 0.2911497112908955 0.14581826043696894 0.2911497112908955
12 0.1362166285622221 0.29199854426842 0.3846588533212966 0.29199854426842 0.3846588533212966 0.309824036796434 0.1362166285622221 0.309824036796434
1 0.5022788437869454 0.21305707735864363 0.7231163769061227 0.21305707735864363 0.7231163769061227 0.23003373690913315 0.5022788437869454 0.23003373690913315
0 0.501078639802602 0.2291849039316087 0.7531214765147067 0.2291849039316087 0.7531214765147067 0.2622893900550633 0.501078639802602 0.2622893900550633
2 0.5622890430041132 0.2775683836505039 0.6811092374541055 0.2775683836505039 0.6811092374541055 0.29199854426842 0.5622890430041132 0.29199854426842
6 0.13621662856222208 0.3964050005039306 0.36305518160311623 0.3964050005039306 0.36305518160311623 0.43714898342510555 0.13621662856222208 0.43714898342510555
6 0.13621662856222208 0.4447884802228257 0.3594545696500862 0.4447884802228257 0.3594545696500862 0.4821371312339027 0.13621662856222208 0.4821371312339027
6 0.13501642457787877 0.49486962589676997 0.36665579355614636 0.49486962589676997 0.36665579355614636 0.5330671098853714 0.13501642457787877 0.5330671098853714
6 0.13861703653090882 0.5432531056156651 0.361854977618773 0.5432531056156651 0.361854977618773 0.5814505896042664 0.13861703653090882 0.5814505896042664
6 0.13501642457787877 0.5941830842671336 0.36665579355614636 0.5941830842671336 0.36665579355614636 0.6323805682557351 0.13501642457787877 0.6323805682557351
6 0.13861703653090882 0.6417177310085045 0.37385701746220645 0.6417177310085045 0.37385701746220645 0.6824617139296794 0.13861703653090882 0.6824617139296794
9 0.4014617091021036 0.3964050005039306 0.4458692565228078 0.3964050005039306 0.4458692565228078 0.41083516112184665 0.4014617091021036 0.41083516112184665
9 0.4014617091021036 0.4439396472453014 0.4434688485541211 0.4439396472453014 0.4434688485541211 0.4609163067957908 0.4014617091021036 0.4609163067957908
9 0.40386211707079034 0.49402079291924544 0.4398682366010909 0.49402079291924544 0.4398682366010909 0.5101486194922104 0.40386211707079034 0.5101486194922104
9 0.40026150511776026 0.5432531056156651 0.44226864456977777 0.5432531056156651 0.44226864456977777 0.5576832662335811 0.40026150511776026 0.5576832662335811
9 0.40026150511776026 0.5916365853345602 0.4446690525384645 0.5916365853345602 0.4446690525384645 0.6077644119075253 0.40026150511776026 0.6077644119075253
9 0.40026150511776026 0.6425665639860287 0.44226864456977777 0.6425665639860287 0.44226864456977777 0.655299058648896 0.40026150511776026 0.655299058648896
10 0.46027170433492803 0.3989514994365041 0.5034790477712888 0.3989514994365041 0.5034790477712888 0.4116839940993712 0.46027170433492803 0.4116839940993712
10 0.46267211230361477 0.44648614617787474 0.5046792517556321 0.44648614617787474 0.5046792517556321 0.4626139727508398 0.46267211230361477 0.4626139727508398
10 0.46027170433492803 0.4957184588742944 0.5046792517556321 0.4957184588742944 0.5046792517556321 0.507602120559637 0.46027170433492803 0.507602120559637
10 0.46267211230361477 0.5415554396606161 0.4986782318339154 0.5415554396606161 0.4986782318339154 0.5568344332560567 0.46267211230361477 0.5568344332560567
10 0.46747292824098813 0.5950319172446581 0.5034790477712888 0.5950319172446581 0.5034790477712888 0.6069155789300008 0.46747292824098813 0.6069155789300008
10 0.46027170433492803 0.6417177310085045 0.5070796597243189 0.6417177310085045 0.5070796597243189 0.6544502256713716 0.46027170433492803 0.6544502256713716
7 0.5466863912076496 0.3947073345488817 0.6174984262839075 0.3947073345488817 0.6174984262839075 0.4116839940993712 0.5466863912076496 0.4116839940993712
7 0.5694902669101733 0.4430908142677768 0.6234994462056243 0.4430908142677768 0.6234994462056243 0.46346280572836435 0.5694902669101733 0.46346280572836435
7 0.5682900629258301 0.49486962589676997 0.6150980183152208 0.49486962589676997 0.6150980183152208 0.5101486194922104 0.5682900629258301 0.5101486194922104
7 0.5466863912076496 0.5432531056156651 0.6198988342525943 0.5432531056156651 0.6198988342525943 0.5602297651661546 0.5466863912076496 0.5602297651661546
7 0.5454861872233062 0.5916365853345602 0.6174984262839075 0.5916365853345602 0.6174984262839075 0.6069155789300008 0.5454861872233062 0.6069155789300008
7 0.5574882270667397 0.6408688980309799 0.618698630268251 0.6408688980309799 0.618698630268251 0.655299058648896 0.5574882270667397 0.655299058648896
8 0.6415025059707746 0.39725383348145515 0.7219161729217796 0.39725383348145515 0.7219161729217796 0.41168399409937123 0.6415025059707746 0.41168399409937123
8 0.6595055657359249 0.4447884802228257 0.7207159689374361 0.4447884802228257 0.7207159689374361 0.4617651397733153 0.6595055657359249 0.4617651397733153
8 0.6703074015950152 0.493171959941721 0.7195157649530929 0.493171959941721 0.7195157649530929 0.5109974524697349 0.6703074015950152 0.5109974524697349
8 0.6403023019864312 0.5415554396606161 0.7207159689374361 0.5415554396606161 0.7207159689374361 0.5576832662335812 0.6403023019864312 0.5576832662335812
8 0.6523043418298649 0.5907877523570358 0.7231163769061227 0.5907877523570358 0.7231163769061227 0.6060667459524763 0.6523043418298649 0.6060667459524763
8 0.6499039338611781 0.6417177310085045 0.7219161729217796 0.6417177310085045 0.7219161729217796 0.6569967246039449 0.6499039338611781 0.6569967246039449
11 0.7699243322955137 0.3947073345488817 0.8107312677631876 0.3947073345488817 0.8107312677631876 0.41423049303194465 0.7699243322955137 0.41423049303194465
11 0.7687241283111703 0.4430908142677768 0.8107312677631876 0.4430908142677768 0.8107312677631876 0.4617651397733154 0.7687241283111703 0.4617651397733154
11 0.7687241283111703 0.49402079291924544 0.8059304518258144 0.49402079291924544 0.8059304518258144 0.5092997865146861 0.7687241283111703 0.5092997865146861
11 0.7675239243268269 0.5457996045482385 0.8059304518258144 0.5457996045482385 0.8059304518258144 0.5585320992111056 0.7675239243268269 0.5585320992111056
11 0.7699243322955137 0.5907877523570358 0.811931471747531 0.5907877523570358 0.811931471747531 0.6086132448850498 0.7699243322955137 0.6086132448850498
11 0.7699243322955137 0.6417177310085045 0.8071306558101575 0.6417177310085045 0.8071306558101575 0.6569967246039449 0.7699243322955137 0.6569967246039449
5 0.8323349394813682 0.3947073345488817 0.9103481984636861 0.3947073345488817 0.9103481984636861 0.41762582494204253 0.8323349394813682 0.41762582494204253
5 0.8515382032308618 0.44563731320035027 0.9079477904949995 0.44563731320035027 0.9079477904949995 0.4626139727508398 0.8515382032308618 0.4626139727508398
5 0.8647404470586386 0.4957184588742944 0.9079477904949995 0.4957184588742944 0.9079477904949995 0.5109974524697349 0.8647404470586386 0.5109974524697349
5 0.8335351434657114 0.5441019385931896 0.9115484024480295 0.5441019385931896 0.9115484024480295 0.5585320992111056 0.8335351434657114 0.5585320992111056
5 0.8359355514343982 0.5941830842671336 0.9079477904949995 0.5941830842671336 0.9079477904949995 0.6077644119075253 0.8359355514343982 0.6077644119075253
5 0.8443369793248017 0.6417177310085045 0.9067475865106562 0.6417177310085045 0.9067475865106562 0.6561478916264207 0.8443369793248017 0.6561478916264207
5 0.3918600772273567 0.7681938446596515 0.4458692565228078 0.7681938446596515 0.4458692565228078 0.7843216712326165 0.3918600772273567 0.7843216712326165
17 0.5430857792546195 0.7919611680303366 0.6391020980020878 0.7919611680303366 0.6391020980020878 0.8080889946033019 0.5430857792546195 0.8080889946033019
18 0.663106177688955 0.7911123350528122 0.7555218844833934 0.7911123350528122 0.7555218844833934 0.8089378275808263 0.663106177688955 0.8089378275808263
16 0.8083308597945009 0.7911123350528122 0.9187496263540897 0.7911123350528122 0.9187496263540897 0.810635493535875 0.8083308597945009 0.810635493535875
