4 0.21003270959707723 0.02890579292177348 0.32810515174894767 0.02890579292177348 0.32810515174894767 0.04737338284401764 0.21003270959707723 0.04737338284401764
13 0.08256814136494435 0.23137557813805118 0.2704106629701928 0.23137557813805118 0.2704106629701928 0.26203323729750794 0.08256814136494435 0.26203323729750794
3 0.4805833841050508 0.0569089132208235 0.595146680248911 0.0569089132208235 0.595146680248911 0.07515751986335725 0.4805833841050508 0.07515751986335725
12 0.13482929213934633 0.2919509667766583 0.3856300215353649 0.2919509667766583 0.3856300215353649 0.3072797963563867 0.13482929213934633 0.3072797963563867
1 0.5001933176792251 0.21603676314371786 0.6095961049877763 0.21603676314371786 0.6095961049877763 0.23063564845774487 0.5001933176792251 0.23063564845774487
0 0.5001933176792251 0.2320955369891476 0.7035173657904006 0.2320955369891476 0.7035173657904006 0.26056336335150027 0.5001933176792251 0.26056336335150027
15 0.147214513344088 0.27589219293122863 0.25971360595382464 0.27589219293122863 0.25971360595382464 0.2904910782452556 0.147214513344088 0.2904910782452556
2 0.5641836272370571 0.27662213719692996 0.6808111269150409 0.27662213719692996 0.6808111269150409 0.2919509667766583 0.5641836272370571 0.2919509667766583
14 0.0821921020191943 0.2167667074094192 0.19675539816305457 0.2167667074094192 0.19675539816305457 0.23136559272344623 0.0821921020191943 0.23136559272344623
6 0.13987043147221578 0.39667447349359075 0.34717839240424986 0.39667447349359075 0.34717839240424986 0.4355367061995306 0.13987043147221578 0.4355367061995306
9 0.4046251767589099 0.39755770605508933 0.44084162776510866 0.39755770605508933 0.44084162776510866 0.4116894270390674 0.4046251767589099 0.4116894270390674
10 0.46082311797542524 0.3984409386165879 0.503283784672348 0.3984409386165879 0.503283784672348 0.40992296191607014 0.46082311797542524 0.40992296191607014
7 0.5732190004084557 0.39755770605508933 0.6169285102435231 0.39755770605508933 0.6169285102435231 0.4108061944775688 0.5732190004084557 0.4108061944775688
8 0.675624137736328 0.39667447349359075 0.7218313338476852 0.39667447349359075 0.7218313338476852 0.41080619447756883 0.675624137736328 0.41080619447756883
11 0.7730339025116212 0.39667447349359075 0.8080015103796752 0.39667447349359075 0.8080015103796752 0.41080619447756883 0.7730339025116212 0.41080619447756883
5 0.8654482947343353 0.39755770605508933 0.9091578045694028 0.39755770605508933 0.9091578045694028 0.4108061944775688 0.8654482947343353 0.4108061944775688
6 0.13987043147221578 0.44613549693751425 0.34717839240424986 0.44613549693751425 0.34717839240424986 0.48323126452045695 0.13987043147221578 0.48323126452045695
9 0.4021274904826203 0.44613549693751425 0.44333931404139826 0.44613549693751425 0.44333931404139826 0.46026721792149244 0.4021274904826203 0.46026721792149244
10 0.4620719611135701 0.4452522643760156 0.5045326278104927 0.4452522643760156 0.5045326278104927 0.46115045048299097 0.4620719611135701 0.46115045048299097
7 0.549490980783705 0.44701872949901283 0.618177353381668 0.44701872949901283 0.618177353381668 0.46026721792149233 0.549490980783705 0.46026721792149233
8 0.6506472749734322 0.4452522643760156 0.728075549538409 0.4452522643760156 0.728075549538409 0.46115045048299097 0.6506472749734322 0.46115045048299097
11 0.7692873730971869 0.444369031814517 0.8067526672415303 0.444369031814517 0.8067526672415303 0.45938398535999375 0.7692873730971869 0.45938398535999375
5 0.8429691182477294 0.44613549693751425 0.9116554908456924 0.44613549693751425 0.9116554908456924 0.46026721792149244 0.8429691182477294 0.46026721792149244
6 0.13612390205778144 0.49471328781993906 0.3621645100619874 0.49471328781993906 0.3621645100619874 0.5326922879643805 0.13612390205778144 0.5326922879643805
9 0.4046251767589099 0.4929468226969418 0.444588157179543 0.4929468226969418 0.444588157179543 0.5088450088039171 0.4046251767589099 0.5088450088039171
10 0.46082311797542524 0.4955965203814378 0.5045326278104927 0.4955965203814378 0.5045326278104927 0.5106114739269143 0.46082311797542524 0.5106114739269143
7 0.5694724709940214 0.4955965203814378 0.6194261965198129 0.4955965203814378 0.6194261965198129 0.5106114739269143 0.5694724709940214 0.5106114739269143
8 0.675624137736328 0.49471328781993906 0.7230801769858298 0.49471328781993906 0.7230801769858298 0.5114947064884132 0.675624137736328 0.5114947064884132
11 0.7705362162353316 0.49383005525844054 0.8104991966559647 0.49383005525844054 0.8104991966559647 0.509728241365416 0.7705362162353316 0.509728241365416
5 0.8654482947343353 0.4964797529429363 0.9116554908456922 0.4964797529429363 0.9116554908456922 0.509728241365416 0.8654482947343353 0.509728241365416
6 0.14111927461036058 0.5450575438253612 0.3671598826145664 0.5450575438253612 0.3671598826145664 0.5830365439698025 0.14111927461036058 0.5830365439698025
9 0.4046251767589099 0.5432910787023639 0.44084162776510866 0.5432910787023639 0.44084162776510866 0.5591892648093394 0.4046251767589099 0.5591892648093394
10 0.4620719611135701 0.5450575438253612 0.5045326278104927 0.5450575438253612 0.5045326278104927 0.560072497370838 0.4620719611135701 0.560072497370838
7 0.5644770984414423 0.5441743112638626 0.618177353381668 0.5441743112638626 0.618177353381668 0.5591892648093394 0.5644770984414423 0.5591892648093394
8 0.6631357063548802 0.5424078461408653 0.721831333847685 0.5424078461408653 0.721831333847685 0.5591892648093394 0.6631357063548802 0.5591892648093394
11 0.7667896868208972 0.5441743112638626 0.8129968829322544 0.5441743112638626 0.8129968829322544 0.5583060322478407 0.7667896868208972 0.5583060322478407
5 0.844217961385874 0.5450575438253612 0.9116554908456922 0.5450575438253612 0.9116554908456922 0.5583060322478407 0.844217961385874 0.5583060322478407
6 0.138621588334071 0.5909856370232902 0.36216451006198735 0.5909856370232902 0.36216451006198735 0.632497567413726 0.138621588334071 0.632497567413726
9 0.40587401989705474 0.5927521021462875 0.44333931404139826 0.5927521021462875 0.44333931404139826 0.6104167533762601 0.40587401989705474 0.6104167533762601
10 0.4645696473898596 0.5918688695847889 0.5045326278104927 0.5918688695847889 0.5045326278104927 0.6086502882532628 0.4645696473898596 0.6086502882532628
7 0.5482421376455601 0.5918688695847889 0.618177353381668 0.5918688695847889 0.618177353381668 0.6104167533762601 0.5482421376455601 0.6104167533762601
8 0.651896118111577 0.5909856370232902 0.7230801769858298 0.5909856370232902 0.7230801769858298 0.6086502882532628 0.651896118111577 0.6086502882532628
11 0.7667896868208972 0.5918688695847889 0.8129968829322544 0.5918688695847889 0.8129968829322544 0.6077670556917643 0.7667896868208972 0.6077670556917643
5 0.844217961385874 0.5927521021462875 0.9104066477075475 0.5927521021462875 0.9104066477075475 0.6077670556917644 0.844217961385874 0.6077670556917644
6 0.13987043147221578 0.6386801953442165 0.3709064120290008 0.6386801953442165 0.3709064120290008 0.681075358296151 0.13987043147221578 0.681075358296151
9 0.4021274904826203 0.6404466604672138 0.444588157179543 0.6404466604672138 0.444588157179543 0.6572280791356879 0.4021274904826203 0.6572280791356879
10 0.46082311797542524 0.6422131255902112 0.5045326278104927 0.6422131255902112 0.5045326278104927 0.6581113116971864 0.46082311797542524 0.6581113116971864
7 0.5694724709940214 0.6413298930287124 0.618177353381668 0.6413298930287124 0.618177353381668 0.6572280791356878 0.5694724709940214 0.6572280791356878
8 0.6656333926311697 0.6413298930287124 0.7243290201239748 0.6413298930287124 0.7243290201239748 0.6572280791356878 0.6656333926311697 0.6572280791356878
11 0.7692873730971869 0.6413298930287124 0.8104991966559646 0.6413298930287124 0.8104991966559646 0.658994544258685 0.7692873730971869 0.658994544258685
5 0.8542087064910321 0.6413298930287124 0.9104066477075473 0.6413298930287124 0.9104066477075473 0.6581113116971864 0.8542087064910321 0.6581113116971864
6 0.14236811774850536 0.6907909164726358 0.36965756889085605 0.6907909164726358 0.36965756889085605 0.7314196143015732 0.14236811774850536 0.7314196143015732
9 0.4021274904826203 0.6916741490341346 0.44084162776510866 0.6916741490341346 0.44084162776510866 0.7058058700181127 0.4021274904826203 0.7058058700181127
10 0.4633208042517147 0.6925573815956331 0.5032837846723478 0.6925573815956331 0.5032837846723478 0.7058058700181127 0.4633208042517147 0.7058058700181127
7 0.5732190004084557 0.6890244513496385 0.6169285102435231 0.6890244513496385 0.6169285102435231 0.7066891025796113 0.5732190004084557 0.7066891025796113
8 0.664384549493025 0.6916741490341346 0.7205824907095403 0.6916741490341346 0.7205824907095403 0.7058058700181127 0.664384549493025 0.7058058700181127
11 0.7692873730971869 0.6916741490341346 0.8080015103796752 0.6916741490341346 0.8080015103796752 0.7049226374566141 0.7692873730971869 0.7049226374566141
5 0.8542087064910321 0.6925573815956331 0.9116554908456921 0.6925573815956331 0.9116554908456921 0.7066891025796113 0.8542087064910321 0.7066891025796113
19 0.39941306283524775 0.8158688358139089 0.4376008282165345 0.8158688358139089 0.4376008282165345 0.8311976653936374 0.39941306283524775 0.8311976653936374
17 0.5418431066897768 0.8414168851134562 0.6419569780947719 0.8414168851134562 0.6419569780947719 0.8567457146931847 0.5418431066897768 0.8567457146931847
18 0.6677595222713169 0.8414168851134562 0.7523918671703849 0.8414168851134562 0.7523918671703849 0.8560157704274833 0.6677595222713169 0.8560157704274833
16 0.8163821767282167 0.8414168851134562 0.9133997428320264 0.8414168851134562 0.9133997428320264 0.8567457146931847 0.8163821767282167 0.8567457146931847
