4 0.21023001600040936 0.022898142249864892 0.3251995560006333 0.022898142249864892 0.3251995560006333 0.04845306745059881 0.21023001600040936 0.04845306745059881
3 0.479587224000934 0.05426100499622018 0.5929143420011547 0.05426100499622018 0.5929143420011547 0.07981593019695409 0.479587224000934 0.07981593019695409
14 0.07883625600015354 0.21572166876449358 0.239793612000467 0.21572166876449358 0.239793612000467 0.22966071887398481 0.07883625600015354 0.22966071887398481
13 0.07719383400015017 0.2319838938922331 0.3087753360006009 0.2319838938922331 0.3087753360006009 0.25969110008111845 0.07719383400015017 0.25969110008111845
15 0.1458335223006733 0.27718012854562424 0.2591349511650426 0.27718012854562424 0.2591349511650426 0.28828744712204646 0.1458335223006733 0.28828744712204646
12 0.13798094802294475 0.2930477265119417 0.3814107506325301 0.2930477265119417 0.3814107506325301 0.3049484249866798 0.13798094802294475 0.3049484249866798
1 0.5014429574492383 0.21450311657867033 0.6450328870991319 0.21450311657867033 0.6450328870991319 0.23037071454498778 0.5014429574492383 0.23037071454498778
0 0.5048083464254076 0.23275085423993538 0.807693354280652 0.23275085423993538 0.807693354280652 0.26289929037593857 0.5048083464254076 0.26289929037593857
2 0.5642635516710667 0.27400660895236073 0.6775649805354359 0.27400660895236073 0.6775649805354359 0.29384110641025757 0.5642635516710667 0.29384110641025757
6 0.1431412111197378 0.3999086073071348 0.360320979715202 0.3999086073071348 0.360320979715202 0.43307188705673827 0.1431412111197378 0.43307188705673827
6 0.14437518707766656 0.44441721960265534 0.37266073929448973 0.44441721960265534 0.37266073929448973 0.48456224245743845 0.14437518707766656 0.48456224245743845
6 0.141907235161809 0.49590757500335536 0.3627889316310596 0.49590757500335536 0.3627889316310596 0.5316890084174012 0.141907235161809 0.5316890084174012
6 0.1431412111197378 0.5439070588514656 0.2751766386181166 0.5439070588514656 0.2751766386181166 0.5587432629499725 0.1431412111197378 0.5587432629499725
6 0.13573735537216516 0.5700885954958894 0.3578530277993446 0.5700885954958894 0.3578530277993446 0.6084881825743776 0.13573735537216516 0.6084881825743776
6 0.13697133133009393 0.618960797232147 0.3566190518414157 0.618960797232147 0.3566190518414157 0.6547422306461929 0.13697133133009393 0.6547422306461929
9 0.4047441142006379 0.39467229997825 0.4541031525177889 0.39467229997825 0.4541031525177889 0.4156175292937891 0.4047441142006379 0.4156175292937891
9 0.40227616228478036 0.44616265537895017 0.4442313448543588 0.44616265537895017 0.4442313448543588 0.46099885947745683 0.40227616228478036 0.46099885947745683
9 0.40227616228478036 0.491543985562618 0.4442313448543588 0.491543985562618 0.4442313448543588 0.5072529075492722 0.40227616228478036 0.5072529075492722
9 0.4047441142006379 0.5439070588514655 0.44176339293850114 0.5439070588514655 0.44176339293850114 0.557870545061825 0.4047441142006379 0.557870545061825
9 0.4010421863268515 0.5665977239432995 0.4429973688964299 0.5665977239432995 0.4429973688964299 0.5831793638181012 0.4010421863268515 0.5831793638181012
9 0.3998082103689228 0.6145972077914098 0.44423134485435867 0.6145972077914098 0.44423134485435867 0.6337970013306539 0.3998082103689228 0.6337970013306539
10 0.4639749601812191 0.3972904536426924 0.5009942389190822 0.3972904536426924 0.5009942389190822 0.4138720935174941 0.4639749601812191 0.4138720935174941
10 0.46150700826536145 0.44354450171450777 0.5022282148770111 0.44354450171450777 0.5022282148770111 0.46187157736560447 0.46150700826536145 0.46187157736560447
10 0.46150700826536145 0.49503485711520795 0.5009942389190822 0.49503485711520795 0.5009942389190822 0.5098710612137147 0.46150700826536145 0.5098710612137147
10 0.46150700826536145 0.544779776739613 0.5083980946666549 0.544779776739613 0.5083980946666549 0.5610123294591557 0.46150700826536145 0.5610123294591557
10 0.46520893613914743 0.5718340312721844 0.4997602629611531 0.5718340312721844 0.4997602629611531 0.5834411791845455 0.46520893613914743 0.5834411791845455
10 0.4652089361391478 0.6172153614558524 0.5071641187087261 0.6172153614558524 0.5071641187087261 0.6329242834425066 0.4652089361391478 0.6329242834425066
7 0.5688629166051649 0.39467229997825 0.623157858754031 0.39467229997825 0.623157858754031 0.41474481140564157 0.5688629166051649 0.41474481140564157
7 0.5812026761844525 0.44616265537895017 0.6256258106698884 0.44616265537895017 0.6256258106698884 0.4618715773656044 0.5812026761844525 0.4618715773656044
7 0.5688629166051646 0.4924167034507649 0.6194559308802445 0.4924167034507649 0.6194559308802445 0.5089983433255666 0.5688629166051646 0.5089983433255666
7 0.5688629166051649 0.5447797767396131 0.6182219549223158 0.5447797767396131 0.6182219549223158 0.5543796735092351 0.5688629166051649 0.5543796735092351
7 0.5688629166051649 0.5657250060551522 0.6182219549223158 0.5657250060551522 0.6182219549223158 0.5831793638181013 0.5688629166051649 0.5831793638181013
7 0.5725648444789512 0.6172153614558524 0.6231578587540308 0.6172153614558524 0.6231578587540308 0.6364151549950964 0.5725648444789512 0.6364151549950964
8 0.666347017281538 0.3937995820901026 0.720641959430404 0.3937995820901026 0.720641959430404 0.41125393985305175 0.666347017281538 0.41125393985305175
8 0.6749848489870394 0.44354450171450777 0.721875935388333 0.44354450171450777 0.721875935388333 0.46187157736560447 0.6749848489870394 0.46187157736560447
8 0.671282921113253 0.493289421338913 0.7218759353883331 0.493289421338913 0.7218759353883331 0.5107437791018622 0.671282921113253 0.5107437791018622
8 0.671282921113253 0.5439070588514656 0.7194079834724754 0.5439070588514656 0.7194079834724754 0.557870545061825 0.671282921113253 0.557870545061825
8 0.6749848489870394 0.5683431597195945 0.7194079834724753 0.5683431597195945 0.7194079834724753 0.5840520817062487 0.6749848489870394 0.5840520817062487
8 0.6688149691973955 0.6163426435677049 0.7255778632621193 0.6163426435677049 0.7255778632621193 0.6372878728832438 0.6688149691973955 0.6372878728832438
11 0.7724689496634126 0.39554501786639745 0.8107222043592046 0.39554501786639745 0.8107222043592046 0.415617529293789 0.7724689496634126 0.415617529293789
11 0.7625971419999824 0.4417990659382129 0.8045523245695607 0.4417990659382129 0.8045523245695607 0.4566352700367198 0.7625971419999824 0.4566352700367198
11 0.7638311179579111 0.49241670345076555 0.8057863005274896 0.49241670345076555 0.8057863005274896 0.5072529075492722 0.7638311179579111 0.5072529075492722
11 0.7638311179579111 0.5439070588514656 0.8082542524433473 0.5439070588514656 0.8082542524433473 0.5569978271736776 0.7638311179579111 0.5569978271736776
11 0.7638311179579111 0.5700885954958894 0.8070202764854182 0.5700885954958894 0.8070202764854182 0.5866702353706913 0.7638311179579111 0.5866702353706913
11 0.7687670217896263 0.6145972077914098 0.8082542524433471 0.6145972077914098 0.8082542524433471 0.6303061297780641 0.7687670217896263 0.6303061297780641
5 0.8576132907604977 0.3972904536426924 0.9106742569514352 0.3972904536426924 0.9106742569514352 0.4086357861886094 0.8576132907604977 0.4086357861886094
5 0.8637831705501418 0.44528993749080265 0.9082063050355778 0.44528993749080265 0.9082063050355778 0.4566352700367198 0.8637831705501418 0.4566352700367198
5 0.8613152186342843 0.49241670345076555 0.9094402809935065 0.49241670345076555 0.9094402809935065 0.5072529075492722 0.8613152186342843 0.5072529075492722
5 0.8637831705501418 0.5430343409633182 0.9069723290776489 0.5430343409633182 0.9069723290776489 0.5569978271736776 0.8637831705501418 0.5569978271736776
5 0.8650171465080706 0.5692158776077421 0.9082063050355778 0.5692158776077421 0.9082063050355778 0.5849247995943962 0.8650171465080706 0.5849247995943962
5 0.8551453388446404 0.6163426435677049 0.911908232909364 0.6163426435677049 0.911908232909364 0.6329242834425065 0.8551453388446404 0.6329242834425065
19 0.3949957041330006 0.7409152624907265 0.43843165785209337 0.7409152624907265 0.43843165785209337 0.7562750973221215 0.3949957041330006 0.7562750973221215
17 0.568739519009372 0.7658749940917438 0.6569688000012793 0.7658749940917438 0.6569688000012793 0.7898747360157988 0.568739519009372 0.7898747360157988
18 0.6881883917368774 0.7687549631226303 0.7574144429766816 0.7687549631226303 0.7574144429766816 0.7841147979540256 0.6881883917368774 0.7841147979540256
16 0.8347847355388157 0.7687549631226303 0.9216566429770013 0.7687549631226303 0.9216566429770013 0.7841147979540256 0.8347847355388157 0.7841147979540256
