4 0.20761141265591143 0.027320525690468944 0.3317861565055348 0.027320525690468944 0.3317861565055348 0.04839766636259544 0.20761141265591143 0.04839766636259544
3 0.47682225732189487 0.05542337991997092 0.5980168073191273 0.05542337991997092 0.5980168073191273 0.07931080601504763 0.47682225732189487 0.07931080601504763
14 0.08045647495389713 0.21490707767239475 0.19867083109873854 0.21490707767239475 0.19867083109873854 0.23176879021009592 0.08045647495389713 0.23176879021009592
13 0.07747628110150614 0.23247136156583345 0.2731756774085127 0.23247136156583345 0.2731756774085127 0.2640870725740232 0.07747628110150614 0.2640870725740232
15 0.14502734175570126 0.2760307856215616 0.26820868765452766 0.2760307856215616 0.26820868765452766 0.29148735544778764 0.14502734175570126 0.29148735544778764
12 0.1340999642969344 0.29148735544778764 0.38741644175016604 0.29148735544778764 0.38741644175016604 0.31045678205270144 0.1340999642969344 0.31045678205270144
1 0.49998458360455167 0.21499431989418805 0.6679591461938602 0.21499431989418805 0.6679591461938602 0.23032314947391638 0.49998458360455167 0.23032314947391638
0 0.49908149455837253 0.23160055193889378 0.8205811949981245 0.23160055193889378 0.8205811949981245 0.2660904184932826 0.49908149455837253 0.2660904184932826
2 0.5632008168370872 0.2763096382131015 0.6833116599789046 0.2763096382131015 0.6833116599789046 0.29163846779282987 0.5632008168370872 0.29163846779282987
6 0.13308092403576025 0.3943757623733805 0.3603703751781108 0.3943757623733805 0.3603703751781108 0.43842698637812483 0.13308092403576025 0.43842698637812483
6 0.1308954485440069 0.4422911288346814 0.3603703751781109 0.4422911288346814 0.3603703751781109 0.4847966958568032 0.1308954485440069 0.4847966958568032
6 0.13526639952751363 0.4925249807699162 0.3592776374322341 0.4925249807699162 0.3592776374322341 0.5358033762833493 0.13526639952751363 0.5358033762833493
6 0.137451875019267 0.5435316611964623 0.3603703751781109 0.5435316611964623 0.3603703751781109 0.5829459142533389 0.137451875019267 0.5829459142533389
6 0.137451875019267 0.5906741991664519 0.3636485884157409 0.5906741991664519 0.3636485884157409 0.631634109205951 0.137451875019267 0.631634109205951
6 0.13635913727338997 0.6385895656277515 0.3691122771451238 0.6385895656277515 0.3691122771451238 0.6810951326498734 0.13635913727338997 0.6810951326498734
6 0.137451875019267 0.6888234175629876 0.36474132616161764 0.6888234175629876 0.36474132616161764 0.7305561560937982 0.137451875019267 0.7305561560937982
9 0.4012766708995742 0.3961443892645596 0.44399278278384463 0.3961443892645596 0.44399278278384463 0.4123035304465233 0.4012766708995742 0.4123035304465233
9 0.39730307909638624 0.4432166700989753 0.44399278278384463 0.4432166700989753 0.44399278278384463 0.4614835253481518 0.39730307909638624 0.4614835253481518
9 0.4002832729487772 0.4938018077120789 0.4420059868822505 0.4938018077120789 0.4420059868822505 0.5120686629612553 0.4002832729487772 0.5120686629612553
9 0.39928987499798024 0.5408740885464949 0.44697297663623564 0.5408740885464949 0.44697297663623564 0.5619512292186213 0.39928987499798024 0.5619512292186213
9 0.39730307909638624 0.5914592261595986 0.4489597725378295 0.5914592261595986 0.4489597725378295 0.6118337954759874 0.39730307909638624 0.6118337954759874
9 0.39829647704718324 0.6399366497054894 0.44697297663623564 0.6399366497054894 0.44697297663623564 0.661013790377616 0.39829647704718324 0.661013790377616
9 0.4002832729487772 0.6884140732513803 0.4479663745870326 0.6884140732513803 0.4479663745870326 0.7130040707021946 0.4002832729487772 0.7130040707021946
10 0.45591355819340845 0.3961443892645596 0.5105504454872427 0.3961443892645596 0.5105504454872427 0.4123035304465233 0.45591355819340845 0.4123035304465233
10 0.45988714999659647 0.4453243841661881 0.5035966598316639 0.4453243841661881 0.5035966598316639 0.4649963821268395 0.45988714999659647 0.4649963821268395
10 0.4588937520457994 0.4945043790678166 0.5115438434380396 0.4945043790678166 0.5115438434380396 0.5106635202497802 0.4588937520457994 0.5106635202497802
10 0.45988714999659647 0.54227923125797 0.5055834557332578 0.54227923125797 0.5055834557332578 0.5626538005743589 0.45988714999659647 0.5626538005743589
10 0.46088054794739347 0.5914592261595986 0.5085636495856488 0.5914592261595986 0.5085636495856488 0.6132389381874624 0.46088054794739347 0.6132389381874624
10 0.46088054794739347 0.6399366497054894 0.5075702516348518 0.6399366497054894 0.5075702516348518 0.6596086476661407 0.46088054794739347 0.6596086476661407
10 0.46088054794739347 0.6877115018956428 0.5085636495856488 0.6877115018956428 0.5085636495856488 0.7094912139235067 0.46088054794739347 0.7094912139235067
7 0.5592269450762951 0.39473924655308457 0.6228044139273023 0.39473924655308457 0.6228044139273023 0.4151138158694735 0.5592269450762951 0.4151138158694735
7 0.5602203430270922 0.4453243841661881 0.6218110159765053 0.4453243841661881 0.6218110159765053 0.46640152483831454 0.5602203430270922 0.46640152483831454
7 0.565187332781077 0.4916940936448664 0.6228044139273023 0.4916940936448664 0.6228044139273023 0.5148789483842056 0.565187332781077 0.5148789483842056
7 0.567174128682671 0.5415766599022325 0.6198242200749113 0.5415766599022325 0.6198242200749113 0.5647615146415715 0.567174128682671 0.5647615146415715
7 0.567174128682671 0.5893515120923857 0.6218110159765052 0.5893515120923857 0.6218110159765052 0.6139415095432 0.567174128682671 0.6139415095432
7 0.5473061696667313 0.6399366497054894 0.6228044139273023 0.6399366497054894 0.6228044139273023 0.6617163617333536 0.5473061696667313 0.6617163617333536
7 0.5592269450762951 0.6891166446071179 0.6228044139273023 0.6891166446071179 0.6228044139273023 0.7101937852792441 0.5592269450762951 0.7101937852792441
8 0.6506195565496179 0.39544181790882205 0.726117800810189 0.39544181790882205 0.726117800810189 0.41370867315799836 0.6506195565496179 0.41370867315799836
8 0.6595601381067908 0.44181152738750046 0.7281045967117828 0.44181152738750046 0.7281045967117828 0.46429381077110193 0.6595601381067908 0.46429381077110193
8 0.6585667401559938 0.4930992363563414 0.7231376069577979 0.4930992363563414 0.7231376069577979 0.5162840910956806 0.6585667401559938 0.5162840910956806
8 0.6555865463036029 0.54227923125797 0.7211508110562039 0.54227923125797 0.7211508110562039 0.564058943285834 0.6555865463036029 0.564058943285834
8 0.6605535360575878 0.5907566548038607 0.7251244028593922 0.5907566548038607 0.7251244028593922 0.6132389381874623 0.6605535360575878 0.6132389381874623
8 0.6535997504020088 0.642044363772702 0.7241310049085948 0.642044363772702 0.7241310049085948 0.6575009335989281 0.6535997504020088 0.6575009335989281
8 0.6486327606480241 0.6898192159628554 0.7281045967117831 0.6898192159628554 0.7281045967117831 0.7080860712120318 0.6486327606480241 0.7080860712120318
11 0.7658537188420683 0.39473924655308457 0.8075764327755418 0.39473924655308457 0.8075764327755418 0.4151138158694735 0.7658537188420683 0.4151138158694735
11 0.7658537188420683 0.4446218128104506 0.8105566266279326 0.4446218128104506 0.8105566266279326 0.4614835253481518 0.7658537188420683 0.4614835253481518
11 0.7658537188420683 0.492396665000604 0.8085698307263388 0.492396665000604 0.8085698307263388 0.5120686629612554 0.7658537188420683 0.5120686629612554
11 0.7628735249896775 0.5415766599022325 0.8165170143327147 0.5415766599022325 0.8165170143327147 0.5605460865071463 0.7628735249896775 0.5605460865071463
11 0.7648603208912715 0.5914592261595986 0.8155236163819177 0.5914592261595986 0.8155236163819177 0.61113122412025 0.7648603208912715 0.61113122412025
11 0.7658537188420683 0.6406392210612268 0.8115500245787299 0.6406392210612268 0.8115500245787299 0.6596086476661405 0.7658537188420683 0.6596086476661405
11 0.7638669229404742 0.6870089305399051 0.8095632286771356 0.6870089305399051 0.8095632286771356 0.7101937852792443 0.7638669229404742 0.7101937852792443
5 0.8373783712994514 0.39544181790882205 0.9128766155600225 0.39544181790882205 0.9128766155600225 0.4165189585809485 0.8373783712994514 0.4165189585809485
5 0.8522793405614062 0.443919241454713 0.9158568094124132 0.443919241454713 0.9158568094124132 0.46288866805962686 0.8522793405614062 0.46288866805962686
5 0.8522793405614062 0.4930992363563414 0.9089030237568345 0.4930992363563414 0.9089030237568345 0.509258377538305 0.8522793405614062 0.509258377538305
5 0.8542661364630003 0.54227923125797 0.9148634114616166 0.54227923125797 0.9148634114616166 0.5612486578628838 0.8542661364630003 0.5612486578628838
5 0.8522793405614062 0.592161797515336 0.9108898196584284 0.592161797515336 0.9108898196584284 0.6097260814087747 0.8522793405614062 0.6097260814087747
5 0.8403585651518424 0.6399366497054894 0.9108898196584286 0.6399366497054894 0.9108898196584286 0.6582035049546657 0.8403585651518424 0.6582035049546657
5 0.8383717692502485 0.6898192159628554 0.9128766155600225 0.6898192159628554 0.9128766155600225 0.7115989279907196 0.8383717692502485 0.7115989279907196
19 0.3947150787549696 0.8143868356641284 0.44716649055705054 0.8143868356641284 0.44716649055705054 0.8329347194555996 0.3947150787549696 0.8329347194555996
17 0.5444201499400756 0.8398901758774012 0.6482302357983607 0.8398901758774012 0.6482302357983607 0.8561195741949386 0.5444201499400756 0.8561195741949386
18 0.6700849907158944 0.8406630043687128 0.7607822236236593 0.8406630043687128 0.7607822236236593 0.859210888160184 0.6700849907158944 0.859210888160184
16 0.8186973241551238 0.8406630043687128 0.9159509835381486 0.8406630043687128 0.9159509835381486 0.8568924026862501 0.8186973241551238 0.8568924026862501
