4 0.21079751256049425 0.025261738686491703 0.32853021331314275 0.025261738686491703 0.32853021331314275 0.046672818791979806 0.21079751256049425 0.046672818791979806
3 0.4799007200845294 0.05856786329502875 0.5897845298235104 0.05856786329502875 0.5897845298235104 0.07759993449990707 0.4799007200845294 0.07759993449990707
14 0.07960969889252707 0.2147894477684049 0.16931076806720546 0.2147894477684049 0.16931076806720546 0.2290635011720636 0.07960969889252707 0.2290635011720636
13 0.0829734889865775 0.23144251007267344 0.34759164305187873 0.23144251007267344 0.34759164305187873 0.26078361984686077 0.0829734889865775 0.26078361984686077
15 0.14464297404416887 0.2766436791842594 0.2578905738772004 0.2766436791842594 0.2578905738772004 0.29012472962104824 0.14464297404416887 0.29012472962104824
12 0.13455160376201755 0.29171075929206164 0.3756232271689658 0.29171075929206164 0.3756232271689658 0.30836379785905654 0.13455160376201755 0.30836379785905654
1 0.502325987378199 0.2155824507352748 0.6985470761978079 0.2155824507352748 0.6985470761978079 0.22827049820519368 0.502325987378199 0.22827049820519368
0 0.5000834606488319 0.23223551303954332 0.7568527711613489 0.23223551303954332 0.7568527711613489 0.2639556317143405 0.5000834606488319 0.2639556317143405
2 0.5651167358004737 0.2750576732505195 0.6772430722688219 0.2750576732505195 0.6772430722688219 0.29171073555478805 0.5651167358004737 0.29171073555478805
6 0.14127918395011843 0.3987661360822286 0.34759164305187873 0.3987661360822286 0.34759164305187873 0.4336582666245055 0.14127918395011843 0.4336582666245055
6 0.14015792058543497 0.44476030816068446 0.3588042766987136 0.44476030816068446 0.3588042766987136 0.48203144760357125 0.14015792058543497 0.48203144760357125
6 0.14015792058543497 0.49234048617288023 0.35319795987529606 0.49234048617288023 0.35319795987529606 0.5319906345163767 0.14015792058543497 0.5319906345163767
6 0.14015792058543497 0.5422996730856858 0.3588042766987136 0.5422996730856858 0.3588042766987136 0.5835358273629222 0.14015792058543497 0.5835358273629222
6 0.14352171067948552 0.5921884098508639 0.35095548060681236 0.5921884098508639 0.35095548060681236 0.6286665463268805 0.14352171067948552 0.6286665463268805
6 0.14015792058543497 0.6429405997305391 0.3150750054760578 0.6429405997305391 0.3150750054760578 0.680211739173426 0.14015792058543497 0.680211739173426
9 0.40570973909269853 0.3938833231808967 0.44017244752160134 0.3938833231808967 0.44017244752160134 0.4085073789868444 0.40570973909269853 0.4085073789868444
9 0.4049439011276118 0.44533833434997205 0.4424699614168614 0.44533833434997205 0.4424699614168614 0.45833749506637006 0.4049439011276118 0.45833749506637006
9 0.4041780631625251 0.49625171382253086 0.44170412345177484 0.49625171382253086 0.44170412345177484 0.5087092428424123 0.4041780631625251 0.5087092428424123
9 0.407241415022872 0.5460818299020564 0.43940660955651456 0.5460818299020564 0.43940660955651456 0.5569144638323882 0.407241415022872 0.5569144638323882
9 0.4049439011276118 0.5937454191955158 0.44017244752160134 0.5937454191955158 0.44017244752160134 0.6056613165188808 0.4049439011276118 0.6056613165188808
9 0.40570973909269853 0.641409008488975 0.44553331327720835 0.641409008488975 0.44553331327720835 0.6576579593844726 0.40570973909269853 0.6576579593844726
10 0.4646792624043766 0.3971331133599962 0.5068003504841467 0.3971331133599962 0.5068003504841467 0.4133820642554936 0.4646792624043766 0.4133820642554936
10 0.46238174850911645 0.44804649283255493 0.5029711606587131 0.44804649283255493 0.5029711606587131 0.4599623901559197 0.46238174850911645 0.4599623901559197
10 0.46238174850911645 0.49679334551904747 0.5006736467634529 0.49679334551904747 0.5006736467634529 0.5087092428424123 0.46238174850911645 0.5087092428424123
10 0.4639134105465376 0.5422904323457564 0.49914195694052715 0.5422904323457564 0.49914195694052715 0.5563728564551875 0.4639134105465376 0.5563728564551875
10 0.4662109383345502 0.5964535776780988 0.5029711606587132 0.5964535776780988 0.5029711606587132 0.6056613165188808 0.4662109383345502 0.6056613165188808
10 0.4631475864742033 0.6435755352750415 0.49990780879836616 0.6435755352750415 0.49990780879836616 0.6538665375088565 0.4631475864742033 0.6538665375088565
7 0.5726624154816053 0.3965914816634795 0.615549341526462 0.3965914816634795 0.615549341526462 0.4106739057729107 0.5726624154816053 0.4106739057729107
7 0.5734282534466921 0.44479670265345544 0.6147835035613755 0.44479670265345544 0.6147835035613755 0.4599623901559197 0.5734282534466921 0.4599623901559197
7 0.5627065219354779 0.4946268187329811 0.6147835035613755 0.4946268187329811 0.6147835035613755 0.5070843477528626 0.5627065219354779 0.5070843477528626
7 0.5741940914117788 0.5433736714194736 0.615549341526462 0.5433736714194736 0.615549341526462 0.5574560955289047 0.5741940914117788 0.5574560955289047
7 0.5734282534466921 0.5915788924094496 0.6186126933868089 0.5915788924094496 0.6186126933868089 0.6078278433049471 0.5734282534466921 0.6078278433049471
7 0.5772574432721257 0.6424922718820083 0.618612693386809 0.6424922718820083 0.618612693386809 0.6538665375088565 0.5772574432721257 0.6538665375088565
8 0.6622654573967526 0.3976747450565128 0.7212349807084306 0.3976747450565128 0.7212349807084306 0.4095906423798776 0.6622654573967526 0.4095906423798776
8 0.6791138879977433 0.4437134473668609 0.7151082723568196 0.4437134473668609 0.7151082723568196 0.4615872933519081 0.6791138879977433 0.4615872933519081
8 0.6676263231523598 0.4951684504294977 0.7181716288480837 0.4951684504294977 0.7181716288480837 0.5070843477528626 0.6676263231523598 0.5070843477528626
8 0.6768163787334004 0.5422904080264405 0.7181716288480837 0.5422904080264405 0.7181716288480837 0.5569144638323883 0.6768163787334004 0.5569144638323883
8 0.6760505407683138 0.5926621558024826 0.7174057908829972 0.5926621558024826 0.7174057908829972 0.6045780531258476 0.6760505407683138 0.6045780531258476
8 0.6791138926286606 0.6419506645048074 0.7135766010575635 0.6419506645048074 0.7135766010575635 0.6560330886142386 0.6791138926286606 0.6560330886142386
11 0.7710144484390681 0.3971331133599962 0.8070088327981444 0.3971331133599962 0.8070088327981444 0.4106739057729107 0.7710144484390681 0.4106739057729107
11 0.7710144484390681 0.44533833434997205 0.805477156867971 0.44533833434997205 0.805477156867971 0.45833749506637006 0.7710144484390681 0.45833749506637006
11 0.7725461243692415 0.49246029194691476 0.8077746707632312 0.49246029194691476 0.8077746707632312 0.5087092428424123 0.7725461243692415 0.5087092428424123
11 0.7717802864041547 0.5422904080264405 0.8031796429727106 0.5422904080264405 0.8031796429727106 0.5574560955289048 0.7717802864041547 0.5574560955289048
11 0.7717802864041547 0.592120524105966 0.8077746707632311 0.592120524105966 0.8077746707632311 0.6116192651805631 0.7717802864041547 0.6116192651805631
11 0.7725461243692415 0.6424922718820083 0.8093063466934046 0.6424922718820083 0.8093063466934046 0.6592828544740222 0.7725461243692415 0.6592828544740222
5 0.8598516523891278 0.39604984996696246 0.9080994997606009 0.39604984996696246 0.9080994997606009 0.40850737898684386 0.8598516523891278 0.40850737898684386
5 0.8682758700050826 0.4464215977430052 0.906567768259419 0.4464215977430052 0.906567768259419 0.4599623901559197 0.8682758700050826 0.4599623901559197
5 0.8575541384938683 0.49625171382253086 0.909631120119766 0.49625171382253086 0.909631120119766 0.5070843477528626 0.8575541384938683 0.5070843477528626
5 0.8682758700050826 0.542832039722957 0.906567768259419 0.542832039722957 0.906567768259419 0.5569144638323882 0.8682758700050826 0.5569144638323882
5 0.8675100320399958 0.5937454191955158 0.909631120119766 0.5937454191955158 0.909631120119766 0.6072862116084304 0.8675100320399958 0.6072862116084304
5 0.8675100320399958 0.6397841133994253 0.9050360923292456 0.6397841133994253 0.9050360923292456 0.6560330642949229 0.8675100320399958 0.6560330642949229
19 0.39846543720052435 0.7683842551300348 0.4363744725064179 0.7683842551300348 0.4363744725064179 0.7797043665043132 0.39846543720052435 0.7797043665043132
17 0.568634689076896 0.789237084363006 0.6452950693820777 0.789237084363006 0.6452950693820777 0.8047277508833803 0.568634689076896 0.8047277508833803
18 0.6899434227466337 0.7916202638276789 0.7539674766278843 0.7916202638276789 0.7539674766278843 0.8077067252142214 0.6899434227466337 0.8077067252142214
16 0.8424217615954014 0.7916202638276789 0.9131851895694152 0.7916202638276789 0.9131851895694152 0.8088983149465576 0.8424217615954014 0.8088983149465576
