4 0.20770892724846116 0.027011639472336424 0.33533730423245534 0.027011639472336424 0.33533730423245534 0.05178998390725301 0.20770892724846116 0.05178998390725301
3 0.4829858187825662 0.05798457001598214 0.5981016097877374 0.05798457001598214 0.5981016097877374 0.07833821008752076 0.4829858187825662 0.07833821008752076
14 0.08133180886234923 0.21461910447956192 0.2164677374336372 0.21461910447956192 0.2164677374336372 0.22877815844237137 0.08133180886234923 0.22877815844237137
13 0.08508558465599611 0.23408780367842494 0.3415935972218668 0.23408780367842494 0.3415935972218668 0.26683061596742186 0.08508558465599611 0.26683061596742186
15 0.14514599735434633 0.27744990643952894 0.2565080125658706 0.27744990643952894 0.2565080125658706 0.2907240195296628 0.14514599735434633 0.2907240195296628
12 0.13513592857128795 0.29072401952966276 0.4004027513223347 0.29072401952966276 0.4004027513223347 0.3146174230919037 0.13513592857128795 0.3146174230919037
1 0.5017546977508007 0.21461910447956195 0.6118654543644427 0.21461910447956195 0.6118654543644427 0.23054804018772257 0.5017546977508007 0.23054804018772257
0 0.5017546977508007 0.2314329810603982 0.7432476071420839 0.2314329810603982 0.7432476071420839 0.26329085247671946 0.5017546977508007 0.26329085247671946
2 0.5630663690470331 0.2747950838215022 0.676930901454322 0.2747950838215022 0.676930901454322 0.2916089604023384 0.5630663690470331 0.2916089604023384
6 0.14014096296281714 0.39868680599608497 0.35160366600492515 0.39868680599608497 0.35160366600492515 0.43585432264845986 0.14014096296281714 0.43585432264845986
6 0.14139222156069944 0.44470373137521574 0.3378398214282199 0.44470373137521574 0.3378398214282199 0.4836411297729419 0.14139222156069944 0.4836411297729419
6 0.14514599735434633 0.4933754793723734 0.3578599589943366 0.4933754793723734 0.3578599589943366 0.5323128777700994 0.14514599735434633 0.5323128777700994
9 0.4054077857138639 0.3951470425053827 0.44795057804186195 0.3951470425053827 0.44795057804186195 0.4084211555955166 0.4054077857138639 0.4084211555955166
9 0.40040275132233477 0.44735855399324265 0.4517043538355089 0.44735855399324265 0.4517043538355089 0.4570929035926741 0.40040275132233477 0.4570929035926741
9 0.40165400992021705 0.49426042024504896 0.4517043538355089 0.49426042024504896 0.4517043538355089 0.5119592376985608 0.40165400992021705 0.5119592376985608
10 0.46171442261856727 0.3969169242507339 0.5067597321423299 0.3969169242507339 0.5067597321423299 0.41284585995889445 0.46171442261856727 0.41284585995889445
10 0.46046316402068493 0.44647361312056705 0.5080109907402122 0.44647361312056705 0.5080109907402122 0.45886278533802527 0.46046316402068493 0.45886278533802527
10 0.4642169398143318 0.4978001837357513 0.5092622493380945 0.4978001837357513 0.5092622493380945 0.5101893559532096 0.4642169398143318 0.5101893559532096
7 0.5630663690470331 0.3951470425053827 0.6168704887559718 0.3951470425053827 0.6168704887559718 0.41284585995889445 0.5630663690470331 0.41284585995889445
7 0.5718251792322093 0.4429338496298646 0.6231267817453834 0.4429338496298646 0.6231267817453834 0.46594231231943 0.5718251792322093 0.46594231231943
7 0.5718251792322093 0.49072065675434656 0.6206242645496187 0.49072065675434656 0.6206242645496187 0.5084194742078584 0.5718251792322093 0.5084194742078584
8 0.663167056877617 0.3951470425053827 0.7182224351844378 0.3951470425053827 0.7182224351844378 0.4084211555955166 0.663167056877617 0.4084211555955166
8 0.6694233498670283 0.44470373137521574 0.723227469575967 0.44470373137521574 0.723227469575967 0.4632874897014032 0.6694233498670283 0.4632874897014032
8 0.6706746084649106 0.49249053849969776 0.7207249523802025 0.49249053849969776 0.7207249523802025 0.5110742968258852 0.6706746084649106 0.5110742968258852
11 0.7757803306870233 0.3942621016327071 0.8108155714277275 0.3942621016327071 0.8108155714277275 0.4155006825769212 0.7757803306870233 0.4155006825769212
11 0.7720265548933766 0.4429338496298646 0.8158206058192571 0.4429338496298646 0.8158206058192571 0.46594231231943 0.7720265548933766 0.46594231231943
11 0.7757803306870233 0.49249053849969776 0.81206683002561 0.49249053849969776 0.81206683002561 0.5119592376985608 0.7757803306870233 0.5119592376985608
5 0.858363398147255 0.39072233814200463 0.9121675178561937 0.39072233814200463 0.9121675178561937 0.4128458599588944 0.858363398147255 0.4128458599588944
5 0.8621171739409016 0.4411639678845132 0.9109162592583113 0.4411639678845132 0.9109162592583113 0.4615176079560518 0.8621171739409016 0.4615176079560518
5 0.8483533293641967 0.49072065675434656 0.917172552247723 0.49072065675434656 0.917172552247723 0.5119592376985608 0.8483533293641967 0.5119592376985608
19 0.3966489755286878 0.6163822606742808 0.43794050925880346 0.6163822606742808 0.43794050925880346 0.6323111963824413 0.3966489755286878 0.6323111963824413
17 0.5530563002639748 0.6385057824911706 0.6431469193115 0.6385057824911706 0.6431469193115 0.657089540817358 0.5530563002639748 0.657089540817358
18 0.6831871944437335 0.6447003685998997 0.7582627103166711 0.6447003685998997 0.7582627103166711 0.6562045999446824 0.6831871944437335 0.6562045999446824
16 0.8258306746023153 0.6411606051091971 0.9171725522477229 0.6411606051091971 0.9171725522477229 0.6597443634353848 0.8258306746023153 0.6597443634353848
