4 0.20476680176881998 0.029728518726684753 0.3296600283795896 0.029728518726684753 0.3296600283795896 0.04821610097716786 0.20476680176881998 0.04821610097716786
3 0.47778920412724657 0.05643280419960479 0.5939689498116834 0.05643280419960479 0.5939689498116834 0.0810829138669156 0.47778920412724657 0.0810829138669156
14 0.07842132833699501 0.21049598962029734 0.23235949136887377 0.21049598962029734 0.23235949136887377 0.2320648355791943 0.07842132833699501 0.2320648355791943
13 0.07116009423171771 0.2310377476763897 0.2904493642110922 0.2310377476763897 0.2904493642110922 0.26287747266333283 0.07116009423171771 0.26287747266333283
15 0.14377243528449068 0.27725670330259744 0.25849993414787203 0.27725670330259744 0.25849993414787203 0.29060884603905746 0.14377243528449068 0.29060884603905746
12 0.13215446071604703 0.29060884603905746 0.38048866711653073 0.29060884603905746 0.38048866711653073 0.31012351619234524 0.13215446071604703 0.31012351619234524
1 0.4995729337076164 0.21460434123151587 0.7203144505080461 0.21460434123151587 0.7203144505080461 0.22898357187078053 0.4995729337076164 0.22898357187078053
0 0.495216165979912 0.23001065977358506 0.8001879984015586 0.23001065977358506 0.8001879984015586 0.26595873637174666 0.495216165979912 0.26595873637174666
2 0.5634717665695186 0.27622961539979285 0.6840082527171218 0.27622961539979285 0.6840082527171218 0.2967713734558851 0.5634717665695186 0.2967713734558851
6 0.13796344800026886 0.396398900027933 0.36596619890597604 0.396398900027933 0.36596619890597604 0.43542824033450844 0.13796344800026886 0.43542824033450844
6 0.14086794164237978 0.44569911936255463 0.36015721162175435 0.44569911936255463 0.36015721162175435 0.48370137176632544 0.14086794164237978 0.48370137176632544
6 0.14086794164237978 0.4939722507943716 0.349991483874366 0.4939722507943716 0.349991483874366 0.5330015911009471 0.14086794164237978 0.5330015911009471
9 0.39791562896919624 0.39331763631951916 0.45310100816930376 0.39331763631951916 0.45310100816930376 0.4128323064728069 0.39791562896919624 0.4128323064728069
9 0.40372461625341816 0.4415907677513362 0.4458397740640265 0.4415907677513362 0.4458397740640265 0.46418670161303777 0.40372461625341816 0.46418670161303777
9 0.39791562896919624 0.49191807498876244 0.44293528042191554 0.49191807498876244 0.44293528042191554 0.5124598330448548 0.39791562896919624 0.5124598330448548
10 0.46326673591669193 0.3974259879307376 0.5039296469062449 0.3974259879307376 0.5039296469062449 0.4128323064728069 0.46326673591669193 0.4128323064728069
10 0.46181448909563644 0.44467203145975 0.5010251532641339 0.44467203145975 0.5010251532641339 0.45905126209901465 0.46181448909563644 0.45905126209901465
10 0.46036224227458095 0.49294516289156703 0.514095374653633 0.49294516289156703 0.514095374653633 0.5083514814336363 0.46036224227458095 0.5083514814336363
7 0.5649240133905741 0.3974259879307376 0.6201093925906815 0.3974259879307376 0.6201093925906815 0.4118052185700023 0.5649240133905741 0.4118052185700023
7 0.5721852474958514 0.44364494355694545 0.6259183798749034 0.44364494355694545 0.6259183798749034 0.4590512620990147 0.5721852474958514 0.4590512620990147
7 0.5663762602116296 0.49191807498876244 0.6230138862327925 0.49191807498876244 0.6230138862327925 0.5083514814336363 0.5663762602116296 0.5083514814336363
8 0.6723902781486781 0.3943447242223238 0.7261234105277301 0.3943447242223238 0.7261234105277301 0.41283230647280683 0.6723902781486781 0.41283230647280683
8 0.6680335376855118 0.44569911936255463 0.7290279041698411 0.44569911936255463 0.7290279041698411 0.46418670161303766 0.6680335376855118 0.46418670161303766
8 0.6694857845065671 0.4960264265999809 0.7290279041698411 0.4960264265999809 0.7290279041698411 0.5124598330448548 0.6694857845065671 0.5124598330448548
11 0.7609773342330612 0.396398900027933 0.8103537261489469 0.396398900027933 0.8103537261489469 0.4118052185700023 0.7609773342330612 0.4118052185700023
11 0.7624295810541167 0.44467203145975 0.8161627134331687 0.44467203145975 0.8161627134331687 0.46315961371023323 0.7624295810541167 0.46315961371023323
11 0.7682385683383386 0.4939722507943716 0.8059969856857805 0.4939722507943716 0.8059969856857805 0.5124598330448548 0.7682385683383386 0.5124598330448548
5 0.8626346117069433 0.3974259879307376 0.9134632504438845 0.3974259879307376 0.9134632504438845 0.4118052185700023 0.8626346117069433 0.4118052185700023
5 0.8669913521701098 0.44467203145975 0.9120110036228289 0.44467203145975 0.9120110036228289 0.4611054379046239 0.8669913521701098 0.4611054379046239
5 0.861182364885888 0.4939722507943716 0.9134632504438845 0.4939722507943716 0.9134632504438845 0.5124598330448548 0.861182364885888 0.5124598330448548
19 0.3950111353270853 0.6192769749365349 0.4400307867798047 0.6192769749365349 0.4400307867798047 0.6336562055757995 0.3950111353270853 0.6336562055757995
17 0.5707330006747959 0.6439270846038457 0.6447975885486243 0.6439270846038457 0.6447975885486243 0.6613875789515242 0.5707330006747959 0.6613875789515242
18 0.6956262272855657 0.6459812604094549 0.7624295810541168 0.6459812604094549 0.7624295810541168 0.6613875789515241 0.6956262272855657 0.6613875789515241
16 0.839398662570056 0.640845820895432 0.9192722377281063 0.640845820895432 0.9192722377281063 0.6624146668543288 0.839398662570056 0.6624146668543288
