4 0.21355521434931032 0.022775106444254716 0.33050211744536123 0.022775106444254716 0.33050211744536123 0.05513973139135353 0.21355521434931032 0.05513973139135353
3 0.47965179095916527 0.053941041578498015 0.6033782246694799 0.053941041578498015 0.6033782246694799 0.08270959708703028 0.47965179095916527 0.08270959708703028
14 0.07457483675690202 0.21336678668828102 0.2288091582314039 0.21336678668828102 0.2288091582314039 0.22894975425540265 0.07457483675690202 0.22894975425540265
13 0.07626971941046798 0.23134713388111372 0.36609465317024625 0.23134713388111372 0.36609465317024625 0.2697052078924901 0.07626971941046798 0.2697052078924901
15 0.145431479524353 0.2752759457515226 0.2602375282169549 0.2752759457515226 0.2602375282169549 0.2908384161918161 0.145431479524353 0.2908384161918161
12 0.13682102587240788 0.29083841619181605 0.38556746470637865 0.29083841619181605 0.38556746470637865 0.3172269530253572 0.13682102587240788 0.3172269530253572
1 0.5022869475438572 0.21234943484077073 0.7098945522629789 0.21234943484077073 0.7098945522629789 0.23197168017853204 0.5022869475438572 0.23197168017853204
0 0.4975033621816655 0.23264830932811006 0.6926736449590887 0.23264830932811006 0.6926736449590887 0.26783302510616486 0.4975033621816655 0.26783302510616486
2 0.5625601231074732 0.27459931660194464 0.6850199083795819 0.27459931660194464 0.6850199083795819 0.295574820238862 0.5625601231074732 0.295574820238862
6 0.13775769126039789 0.39397023117049135 0.35423406324102313 0.39397023117049135 0.35423406324102313 0.4365437372619376 0.13775769126039789 0.4365437372619376
9 0.3993815418893888 0.39560767371247 0.4468442758530553 0.39560767371247 0.4468442758530553 0.4103446565902784 0.3993815418893888 0.4103446565902784
10 0.4607358077448602 0.39560767371247 0.5128290523391283 0.39560767371247 0.5128290523391283 0.41525698421621454 0.4607358077448602 0.41525698421621454
7 0.5695528075639981 0.39397023117049135 0.6239613074735669 0.39397023117049135 0.6239613074735669 0.41689442675819316 0.5695528075639981 0.41689442675819316
8 0.6633206478336805 0.3964263949834594 0.7246749136891519 0.3964263949834594 0.7246749136891519 0.4168944267581933 0.6633206478336805 0.4168944267581933
11 0.7675071370222168 0.39560767371247 0.8161274986435337 0.39560767371247 0.8161274986435337 0.4177131480291825 0.7675071370222168 0.4177131480291825
5 0.8485410730577452 0.39397023117049135 0.911052966570867 0.39397023117049135 0.911052966570867 0.41689442675819316 0.8485410730577452 0.41689442675819316
19 0.391278148285836 0.5167784218188942 0.4433713928801042 0.5167784218188942 0.4433713928801042 0.5380651748646174 0.391278148285836 0.5380651748646174
17 0.5602917863027949 0.5421587812195642 0.6540596265724774 0.5421587812195642 0.6540596265724774 0.5650829768072659 0.5602917863027949 0.5650829768072659
18 0.6853155733290383 0.5405213386775855 0.7605613710763144 0.5405213386775855 0.7605613710763144 0.5659016980782554 0.6853155733290383 0.5659016980782554
16 0.8358071688235904 0.5405213386775855 0.9179987325167691 0.5405213386775855 0.9179987325167691 0.5634455342652872 0.8358071688235904 0.5634455342652872
