4 0.20694517200040302 0.024336419903662584 0.33341166600064936 0.024336419903662584 0.33341166600064936 0.04872975759527224 0.20694517200040302 0.04872975759527224
3 0.48122964600093726 0.056860870159142124 0.6126234060011931 0.056860870159142124 0.6126234060011931 0.07776944532337896 0.48122964600093726 0.07776944532337896
14 0.08144241322329909 0.21455401080428296 0.1850963936893161 0.21455401080428296 0.1850963936893161 0.22764477912649486 0.08144241322329909 0.22764477912649486
13 0.08020843726537034 0.23200836856723211 0.2998561577766921 0.23200836856723211 0.2998561577766921 0.26080805887609826 0.08020843726537034 0.26080805887609826
15 0.1480771149514529 0.2747715450864577 0.2579009752071138 0.2747715450864577 0.2579009752071138 0.2896077491849645 0.1480771149514529 0.2896077491849645
12 0.13573735537216516 0.2878623134086696 0.37636266716827615 0.2878623134086696 0.37636266716827615 0.30793482483606116 0.13573735537216516 0.30793482483606116
1 0.5009942389190822 0.21717216446872536 0.6132860510906007 0.21717216446872536 0.6132860510906007 0.2311356506790847 0.5009942389190822 0.2311356506790847
0 0.5009942389190822 0.2337538043435271 0.7675330458316975 0.2337538043435271 0.7675330458316975 0.26604436620498306 0.5009942389190822 0.26604436620498306
2 0.5639270127734497 0.2765169808627526 0.6749848489870394 0.2765169808627526 0.6749848489870394 0.290480467073112 0.5639270127734497 0.290480467073112
6 0.1382053072880227 0.3964397081728149 0.35168314800970063 0.3964397081728149 0.35168314800970063 0.44007560258018785 0.1382053072880227 0.44007560258018785
6 0.1431412111197378 0.447930063573515 0.3405773643883416 0.447930063573515 0.3405773643883416 0.48371149698756094 0.1431412111197378 0.48371149698756094
6 0.1382053072880227 0.4959295474216253 0.360320979715202 0.4959295474216253 0.360320979715202 0.535201852388261 0.1382053072880227 0.535201852388261
6 0.1431412111197378 0.5430563133815881 0.36278893163105963 0.5430563133815881 0.36278893163105963 0.5814559004600764 0.1431412111197378 0.5814559004600764
9 0.3998082103689228 0.39556699028466746 0.4454653208122874 0.39556699028466746 0.4454653208122874 0.41127591227132176 0.3998082103689228 0.41127591227132176
9 0.4059780901585667 0.44618462779722007 0.4541031525177889 0.44618462779722007 0.4541031525177889 0.46014811400757955 0.4059780901585667 0.46014811400757955
9 0.39857423441099404 0.4924386758690355 0.4466992967702163 0.4924386758690355 0.4466992967702163 0.5090203157438372 0.39857423441099404 0.5090203157438372
9 0.4035101382427091 0.5421835954934406 0.44793327272814504 0.5421835954934406 0.44793327272814504 0.5587652353682424 0.4035101382427091 0.5587652353682424
10 0.46150700826536145 0.3964397081728149 0.49852628700322466 0.3964397081728149 0.49852628700322466 0.4121486301594692 0.46150700826536145 0.4121486301594692
10 0.4652089361391478 0.44618462779722007 0.5046961667928687 0.44618462779722007 0.5046961667928687 0.46189354978387437 0.4652089361391478 0.46189354978387437
10 0.46274098422329035 0.49505682953347796 0.5046961667928687 0.49505682953347796 0.5046961667928687 0.5072748799675423 0.46274098422329035 0.5072748799675423
10 0.4652089361391478 0.5482926207104729 0.5059301427507974 0.5482926207104729 0.5059301427507974 0.5570197995919475 0.4652089361391478 0.5570197995919475
7 0.5700968925630936 0.3929488366202251 0.6157540030064584 0.3929488366202251 0.6157540030064584 0.41127591227132176 0.5700968925630936 0.41127591227132176
7 0.5614590608575922 0.44531190990907266 0.623157858754031 0.44531190990907266 0.623157858754031 0.45752996034313703 0.5614590608575922 0.45752996034313703
7 0.5812026761844525 0.4933113937571829 0.6219238827961021 0.4933113937571829 0.6219238827961021 0.5098930336319847 0.5812026761844525 0.5098930336319847
7 0.5787347242685951 0.546547184934178 0.623157858754031 0.546547184934178 0.623157858754031 0.5631288248089796 0.5787347242685951 0.5631288248089796
8 0.6725168970711819 0.39469427239652 0.7144720796407603 0.39469427239652 0.7144720796407603 0.40953047649502683 0.6725168970711819 0.40953047649502683
8 0.666347017281538 0.4444391920209252 0.7194079834724754 0.4444391920209252 0.7194079834724754 0.4601481140075796 0.666347017281538 0.4601481140075796
8 0.6799207528187545 0.4941841116453304 0.7206419594304039 0.4941841116453304 0.7206419594304039 0.510765751520132 0.6799207528187545 0.510765751520132
8 0.682388704734612 0.5430563133815881 0.7243438873041904 0.5430563133815881 0.7243438873041904 0.5587652353682424 0.682388704734612 0.5587652353682424
11 0.7675330458316975 0.39556699028466746 0.8070202764854181 0.39556699028466746 0.8070202764854181 0.4121486301594692 0.7675330458316975 0.4121486301594692
11 0.76506509391584 0.44618462779722007 0.8057863005274895 0.44618462779722007 0.8057863005274895 0.46014811400757955 0.76506509391584 0.46014811400757955
11 0.7700009977475549 0.48982052220459316 0.808254252443347 0.48982052220459316 0.808254252443347 0.5133839051845747 0.7700009977475549 0.5133839051845747
11 0.76506509391584 0.543056313381588 0.8045523245695608 0.543056313381588 0.8045523245695608 0.5578925174800948 0.76506509391584 0.5578925174800948
5 0.8650171465080706 0.39382155450837253 0.9032704012038627 0.39382155450837253 0.9032704012038627 0.4130213480476166 0.8650171465080706 0.4130213480476166
5 0.8526773869287827 0.44531190990907266 0.9057383531197202 0.44531190990907266 0.9057383531197202 0.46102083189572696 0.8526773869287827 0.46102083189572696
5 0.8637831705501418 0.4933113937571829 0.9143761848252215 0.4933113937571829 0.9143761848252215 0.512511187296427 0.8637831705501418 0.512511187296427
5 0.8711870262977146 0.546547184934178 0.9106742569514352 0.546547184934178 0.9106742569514352 0.5587652353682424 0.8711870262977146 0.5587652353682424
19 0.3998082103689228 0.6704731250511172 0.43806146506471483 0.6704731250511172 0.43806146506471483 0.6809457397088868 0.3998082103689228 0.6809457397088868
17 0.5651609887313785 0.6922910722548036 0.6515393057863927 0.6922910722548036 0.6515393057863927 0.7114908657940476 0.5651609887313785 0.7114908657940476
18 0.6897925604821846 0.693163790142951 0.753959310294481 0.693163790142951 0.753959310294481 0.7071272763533104 0.6897925604821846 0.7071272763533104
16 0.8415716033074239 0.6922910722548036 0.9131422088672928 0.6922910722548036 0.9131422088672928 0.7106181479059004 0.8415716033074239 0.7106181479059004
