4 0.2097045847578379 0.030281711070325533 0.33133324391738384 0.030281711070325533 0.33133324391738384 0.047090358488287014 0.2097045847578379 0.047090358488287014
3 0.4823205449430273 0.05697779814591142 0.591366929017103 0.05697779814591142 0.591366929017103 0.07675267746116021 0.4823205449430273 0.07675267746116021
14 0.08248380333808292 0.21319934473637694 0.19572427910731538 0.21319934473637694 0.19572427910731538 0.23000799215433843 0.08248380333808292 0.23000799215433843
13 0.0740956199477694 0.23099673612010085 0.3061686937464434 0.23099673612010085 0.3061686937464434 0.2646140309560238 0.0740956199477694 0.2646140309560238
15 0.14399714820038204 0.2735127266478858 0.2628297462298235 0.2735127266478858 0.2628297462298235 0.2903213740658473 0.14399714820038204 0.2903213740658473
12 0.1342109342450163 0.2903213740658473 0.38725446651947404 0.2903213740658473 0.38725446651947404 0.31009625338109603 0.1342109342450163 0.31009625338109603
1 0.5018929728537588 0.21616557663366426 0.5927649595821551 0.21616557663366426 0.5927649595821551 0.23000799215433843 0.5018929728537588 0.23000799215433843
0 0.4990969117236541 0.23099668728264974 0.7619266579534774 0.23099668728264974 0.7619266579534774 0.2705464947505984 0.4990969117236541 0.2705464947505984
2 0.5648043482811101 0.2735127266478858 0.6766467934852904 0.2735127266478858 0.6766467934852904 0.2932876059631346 0.5648043482811101 0.2932876059631346
6 0.13025450774591846 0.3912163249332248 0.3636976514983437 0.3912163249332248 0.3636976514983437 0.4354823922804093 0.13025450774591846 0.4354823922804093
6 0.14040420964819783 0.4450534338689897 0.3670808854657702 0.4450534338689897 0.3670808854657702 0.4881231210176016 0.14040420964819783 0.4881231210176016
6 0.13532935869705814 0.4964977824076094 0.3653892684820569 0.4964977824076094 0.3653892684820569 0.5359783289605037 0.13532935869705814 0.5359783289605037
9 0.40429645910746115 0.396001845727515 0.4465868837002918 0.396001845727515 0.4465868837002918 0.41275116850753074 0.40429645910746115 0.41275116850753074
9 0.4076796930748876 0.4426606734718446 0.44827850068400504 0.4426606734718446 0.44827850068400504 0.4594099962518603 0.4076796930748876 0.4594099962518603
9 0.4059880760911744 0.4917122616133192 0.44827850068400504 0.4917122616133192 0.44827850068400504 0.5096579645919075 0.4059880760911744 0.5096579645919075
10 0.4668862875048506 0.3971982259260875 0.5057934781302548 0.3971982259260875 0.5057934781302548 0.40916202791181305 0.4668862875048506 0.40916202791181305
10 0.46350305353742427 0.4498390531521397 0.5091767120976813 0.4498390531521397 0.5091767120976813 0.4629992353364377 0.46350305353742427 0.4629992353364377
10 0.4567365856025712 0.49051588141474667 0.5142515630488209 0.49051588141474667 0.5142515630488209 0.5072652041947624 0.4567365856025712 0.5072652041947624
7 0.5616168385927913 0.3924127051317974 0.6258982839738939 0.3924127051317974 0.6258982839738939 0.4139475487061033 0.5616168385927913 0.4139475487061033
7 0.5430090517719458 0.4426606734718446 0.6292815179413203 0.4426606734718446 0.6292815179413203 0.4606063764504329 0.5430090517719458 0.4606063764504329
7 0.5480839027230854 0.4881231210176016 0.6225150500064675 0.4881231210176016 0.6225150500064675 0.5072652041947624 0.5480839027230854 0.5072652041947624
8 0.6546557726970187 0.396001845727515 0.7223204520455478 0.396001845727515 0.7223204520455478 0.41275116850753074 0.6546557726970187 0.41275116850753074
8 0.6445060707947392 0.4426606734718446 0.7206288350618346 0.4426606734718446 0.7206288350618346 0.46299913684757793 0.6445060707947392 0.46299913684757793
8 0.649580921745879 0.4929086418118918 0.7223204520455477 0.4929086418118918 0.7223204520455477 0.5096579645919075 0.649580921745879 0.5096579645919075
11 0.7595360256872388 0.396001845727515 0.8069013012312092 0.396001845727515 0.8069013012312092 0.41634030910324843 0.7595360256872388 0.41634030910324843
11 0.7713773445732314 0.4450534338689897 0.8069013012312092 0.4450534338689897 0.8069013012312092 0.4641955170461505 0.7713773445732314 0.4641955170461505
11 0.7646108766383785 0.4929086418118918 0.8102845351986356 0.4929086418118918 0.8102845351986356 0.5156398655847703 0.7646108766383785 0.5156398655847703
5 0.8441168748729001 0.3936090853303698 0.9083983202540028 0.3936090853303698 0.9083983202540028 0.41155478830895814 0.8441168748729001 0.41155478830895814
5 0.8390420239217605 0.44624981406756226 0.9083983202540029 0.44624981406756226 0.9083983202540029 0.4618027566490054 0.8390420239217605 0.4618027566490054
5 0.8407336409054736 0.4964977824076094 0.910089937237716 0.4964977824076094 0.910089937237716 0.5132471051876252 0.8407336409054736 0.5132471051876252
19 0.39399597146563226 0.6161702054805652 0.4402118579136406 0.6161702054805652 0.4402118579136406 0.6374159435878572 0.39399597146563226 0.6374159435878572
17 0.5453529995828597 0.6415016624546442 0.6493387440908784 0.6415016624546442 0.6493387440908784 0.6594788254685069 0.5453529995828597 0.6594788254685069
18 0.6666697015088816 0.643135950001359 0.7556352829212977 0.643135950001359 0.7556352829212977 0.6578445379217919 0.6666697015088816 0.6578445379217919
16 0.8145605381425082 0.6415016624546442 0.9150800911669266 0.6415016624546442 0.9150800911669266 0.6594788254685069 0.8145605381425082 0.6594788254685069
