4 0.21255612562720827 0.028945204533584668 0.33005609569442274 0.028945204533584668 0.33005609569442274 0.046685813763846236 0.21255612562720827 0.046685813763846236
3 0.4818818997138573 0.05508926024133856 0.5980616453982942 0.05508926024133856 0.5980616453982942 0.0793658833985386 0.4818818997138573 0.0793658833985386
14 0.08185391173221684 0.21288731076313883 0.20199433056498678 0.21288731076313883 0.20199433056498678 0.23062791999340038 0.08185391173221684 0.23062791999340038
13 0.07921346296666147 0.22969420371812346 0.30497183242164666 0.22969420371812346 0.30497183242164666 0.2642417059033697 0.07921346296666147 0.2642417059033697
15 0.14654490648832372 0.2763800174819697 0.2600842034072051 0.2763800174819697 0.2600842034072051 0.2903857616111236 0.14654490648832372 0.2903857616111236
12 0.13862356019165756 0.29225319416167744 0.3789043978571973 0.29225319416167744 0.3789043978571973 0.30812637084138517 0.13862356019165756 0.30812637084138517
1 0.4977245923071896 0.21288731076313883 0.6310672549677364 0.21288731076313883 0.6310672549677364 0.23062791999340038 0.4977245923071896 0.23062791999340038
0 0.500365041072745 0.23156163626867735 0.7670503663938387 0.23156163626867735 0.7670503663938387 0.2623742733528158 0.500365041072745 0.2623742733528158
2 0.5637358114460741 0.2763800174819697 0.6772751083649557 0.2763800174819697 0.6772751083649557 0.29225319416167744 0.5637358114460741 0.29225319416167744
6 0.1399437845744353 0.39496198444213915 0.36438192964664273 0.39496198444213915 0.36438192964664273 0.4351117842790469 0.1399437845744353 0.4351117842790469
6 0.14126400895721297 0.4444489470318162 0.35778080773275434 0.4444489470318162 0.35778080773275434 0.48459874686872395 0.14126400895721297 0.48459874686872395
9 0.4026684367471958 0.39589570071741614 0.4435953926133042 0.39589570071741614 0.4435953926133042 0.40990144484656993 0.4026684367471958 0.40990144484656993
9 0.4026684367471958 0.4453826633070932 0.4435953926133042 0.4453826633070932 0.4435953926133042 0.4621895562620778 0.4026684367471958 0.4621895562620778
10 0.4620785339721919 0.3977631332679699 0.5030054898383004 0.3977631332679699 0.5030054898383004 0.4108351611218469 0.4620785339721919 0.4108351611218469
10 0.4620785339721919 0.4453826633070932 0.508286387369411 0.4453826633070932 0.508286387369411 0.4612558399868008 0.4620785339721919 0.4612558399868008
7 0.5703369333599626 0.3977631332679699 0.6165447867571818 0.3977631332679699 0.6165447867571818 0.40990144484656993 0.5703369333599626 0.40990144484656993
7 0.5637358114460741 0.4453826633070932 0.6191852355227372 0.4453826633070932 0.6191852355227372 0.4612558399868008 0.5637358114460741 0.4612558399868008
8 0.6680335376855117 0.39496198444213915 0.7208425129966195 0.39496198444213915 0.7208425129966195 0.4117688773971238 0.6680335376855117 0.4117688773971238
8 0.6614324157716234 0.4444489470318162 0.7208425129966194 0.4444489470318162 0.7208425129966194 0.4621895562620777 0.6614324157716234 0.4621895562620777
11 0.773651488307727 0.39496198444213915 0.8053368734943915 0.39496198444213915 0.8053368734943915 0.4117688773971238 0.773651488307727 0.4117688773971238
11 0.773651488307727 0.4453826633070932 0.8079773222599471 0.4453826633070932 0.8079773222599471 0.4631232725373547 0.773651488307727 0.4631232725373547
5 0.8541851756571662 0.396829416992693 0.9083143753510515 0.396829416992693 0.9083143753510515 0.4117688773971238 0.8541851756571662 0.4117688773971238
5 0.8581458488054995 0.4435152307565392 0.9109548241166069 0.4435152307565392 0.9109548241166069 0.4631232725373547 0.8581458488054995 0.4631232725373547
19 0.3987077635988628 0.5733017930200318 0.4369942706994159 0.5733017930200318 0.4369942706994159 0.5854401045986318 0.3987077635988628 0.5854401045986318
17 0.5624155870632965 0.5919761185255702 0.6429492744127355 0.5919761185255702 0.6429492744127355 0.6115841603063857 0.5624155870632965 0.6115841603063857
18 0.6851964546616217 0.5966446999019549 0.7604492444799501 0.5966446999019549 0.7604492444799501 0.6125178765816626 0.6851964546616217 0.6125178765816626
16 0.8251402392360571 0.5966446999019549 0.9149154972649399 0.5966446999019549 0.9149154972649399 0.6134515928569394 0.8251402392360571 0.6134515928569394
