4 0.20655536292691928 0.022590361445783132 0.3300626933368297 0.022590361445783132 0.3300626933368297 0.05271084337349398 0.20655536292691928 0.05271084337349398
3 0.47273495432758844 0.052710843373493986 0.6111483418559366 0.052710843373493986 0.6111483418559366 0.08433734939759036 0.47273495432758844 0.08433734939759036
14 0.0755080689663044 0.21265456741724786 0.22302766465965668 0.21265456741724786 0.22302766465965668 0.22965679422609653 0.0755080689663044 0.22965679422609653
13 0.0755080689663044 0.23042962271740886 0.3694545226071328 0.23042962271740886 0.3694545226071328 0.2675253903003514 0.0755080689663044 0.2675253903003514
15 0.14544328470241227 0.2752536752134645 0.2656444367488477 0.2752536752134645 0.2656444367488477 0.2914830735310019 0.14544328470241227 0.2914830735310019
12 0.13123769400601537 0.2914830735310019 0.4077003437128169 0.2914830735310019 0.4077003437128169 0.3100309573224732 0.13123769400601537 0.3100309573224732
1 0.49730483887470506 0.21420022439987146 0.6207842041587704 0.21420022439987146 0.6207842041587704 0.23042962271740888 0.49730483887470506 0.23042962271740888
0 0.4943873383669889 0.23296450025735305 0.7275775733370736 0.23296450025735305 0.7275775733370736 0.26441861985372317 0.4943873383669889 0.26441861985372317
2 0.5604979719925284 0.2754700672794748 0.6927192392436073 0.2754700672794748 0.6927192392436073 0.293322405428766 0.5604979719925284 0.293322405428766
6 0.13902902340789075 0.3948102428193234 0.34227824414095426 0.3948102428193234 0.34227824414095426 0.44813540871980345 0.13902902340789075 0.44813540871980345
6 0.13902902340789075 0.45663652212422773 0.36631847455024136 0.45663652212422773 0.36631847455024136 0.48523117630274604 0.13902902340789075 0.48523117630274604
6 0.13684354791613737 0.4921866327245478 0.3695966877878714 0.4921866327245478 0.3695966877878714 0.5246454293596226 0.13684354791613737 0.5246454293596226
6 0.1357508101702607 0.530828057290113 0.3728749010255014 0.530828057290113 0.3728749010255014 0.5710151388383009 0.1357508101702607 0.5710151388383009
6 0.1357508101702607 0.578743423751414 0.36850395004199465 0.578743423751414 0.36850395004199465 0.622021819264847 0.1357508101702607 0.622021819264847
9 0.402378820164172 0.39558307131063475 0.4460883299992393 0.39558307131063475 0.4460883299992393 0.41335812661079463 0.402378820164172 0.41335812661079463
9 0.4034715579100487 0.4574093506155391 0.44718106774511607 0.4574093506155391 0.44718106774511607 0.4736387489330764 0.4034715579100487 0.4736387489330764
9 0.4034715579100487 0.49450511819848164 0.44281011676160936 0.49450511819848164 0.44281011676160936 0.5099616880247078 0.4034715579100487 0.5099616880247078
9 0.4034715579100487 0.5331465427640469 0.4460883299992393 0.5331465427640469 0.4460883299992393 0.5493759410815843 0.4034715579100487 0.5493759410815843
9 0.4012860824182953 0.5802890807340365 0.44499559225336266 0.5802890807340365 0.44499559225336266 0.5957456505602626 0.4012860824182953 0.5957456505602626
10 0.4635721339332664 0.396355899801946 0.5040034305307037 0.396355899801946 0.5040034305307037 0.41490378359341723 0.4635721339332664 0.41490378359341723
10 0.46247939618738965 0.4589550075981617 0.5083743815142104 0.4589550075981617 0.5083743815142104 0.4720930919504538 0.46247939618738965 0.4720930919504538
10 0.46029392069563635 0.4937322897071704 0.5040034305307037 0.4937322897071704 0.5040034305307037 0.5122801734986417 0.46029392069563635 0.5122801734986417
10 0.4646648716791431 0.5339193712553583 0.502910692784827 0.5339193712553583 0.502910692784827 0.548603112590273 0.4646648716791431 0.548603112590273
10 0.458108445203883 0.5833803946992817 0.5116525947518406 0.5833803946992817 0.5116525947518406 0.5965184790515741 0.458108445203883 0.5965184790515741
7 0.5597330555704146 0.39558307131063475 0.6187408938477559 0.39558307131063475 0.6187408938477559 0.414130955102106 0.5597330555704146 0.414130955102106
7 0.5597330555704146 0.45663652212422773 0.6252973203230159 0.45663652212422773 0.6252973203230159 0.4720930919504538 0.5597330555704146 0.4720930919504538
7 0.5695676952833049 0.4937322897071704 0.6242045825771392 0.4937322897071704 0.6242045825771392 0.513053001989953 0.5695676952833049 0.513053001989953
7 0.5575475800786612 0.5331465427640469 0.6263900580688926 0.5331465427640469 0.6263900580688926 0.5501487695728956 0.5575475800786612 0.5501487695728956
7 0.565196744299798 0.5810619092253478 0.6242045825771393 0.5810619092253478 0.6242045825771393 0.5988369645255078 0.565196744299798 0.5988369645255078
8 0.6569867149534397 0.396355899801946 0.7291074061813009 0.396355899801946 0.7291074061813009 0.41335812661079463 0.6569867149534397 0.41335812661079463
8 0.6690068301580833 0.4558636936329165 0.7225509797060408 0.4558636936329165 0.7225509797060408 0.47595723440701043 0.6690068301580833 0.47595723440701043
8 0.6668213546663299 0.49450511819848164 0.7269219306895477 0.49450511819848164 0.7269219306895477 0.5091888595333963 0.6668213546663299 0.5091888595333963
8 0.6602649281910697 0.530828057290113 0.7225509797060408 0.530828057290113 0.7225509797060408 0.5455117986250277 0.6602649281910697 0.5455117986250277
8 0.6635431414286999 0.5795162522427253 0.7225509797060408 0.5795162522427253 0.7225509797060408 0.596518479051574 0.6635431414286999 0.596518479051574
11 0.7666434702129519 0.39670739366956764 0.8063793882448315 0.39670739366956764 0.8063793882448315 0.41356910620726883 0.7666434702129519 0.41356910620726883
11 0.7666434702129519 0.45642595890725934 0.8123397759496134 0.45642595890725934 0.8123397759496134 0.47328767144496064 0.7666434702129519 0.47328767144496064
11 0.7666434702129519 0.4936622407613483 0.8083661841464258 0.4936622407613483 0.8083661841464258 0.5119290960105246 0.7666434702129519 0.5119290960105246
11 0.767636868163749 0.5308985226154397 0.8133331739004103 0.5308985226154397 0.8133331739004103 0.5484628065088784 0.767636868163749 0.5484628065088784
11 0.769623664065343 0.5807810888728057 0.8103529800480193 0.5807810888728057 0.8103529800480193 0.6011556581891948 0.769623664065343 0.6011556581891948
5 0.8530690919322899 0.39670739366956764 0.912672968980109 0.39670739366956764 0.912672968980109 0.4128665348515312 0.8530690919322899 0.4128665348515312
5 0.850088898079899 0.45642595890725934 0.9116795710293122 0.45642595890725934 0.9116795710293122 0.47609795686791084 0.850088898079899 0.47609795686791084
5 0.8550558878338838 0.4929596694056119 0.9106861730785153 0.4929596694056119 0.9106861730785153 0.5098213819433132 0.8550558878338838 0.5098213819433132
5 0.8540624898830868 0.5308985226154397 0.913666366930906 0.5308985226154397 0.913666366930906 0.5477602351531409 0.8540624898830868 0.5477602351531409
5 0.8540624898830868 0.5807810888728057 0.9106861730785151 0.5807810888728057 0.9106861730785151 0.5976428014105069 0.8540624898830868 0.5976428014105069
19 0.39323795964613917 0.7028809869674956 0.44492445502610634 0.7028809869674956 0.44492445502610634 0.7215834364572292 0.39323795964613917 0.7215834364572292
17 0.5470954342655764 0.7317847725425382 0.6480644019845822 0.7317847725425382 0.6480644019845822 0.7479368880109445 0.5470954342655764 0.7479368880109445
18 0.6672965863120119 0.7309346612020958 0.7646595194696246 0.7309346612020958 0.7646595194696246 0.7487869993513869 0.6672965863120119 0.7487869993513869
16 0.8199520494109849 0.7309346612020958 0.9161129710481329 0.7309346612020958 0.9161129710481329 0.7487869993513869 0.8199520494109849 0.7487869993513869
