4 0.2109096388969625 0.027916890968152985 0.32684827080523426 0.027916890968152985 0.32684827080523426 0.04536295623929142 0.2109096388969625 0.04536295623929142
3 0.4797886161224771 0.05408601498586156 0.600660806835356 0.05408601498586156 0.600660806835356 0.0785105063654554 0.4797886161224771 0.0785105063654554
14 0.08154642652243486 0.2097751883326762 0.1945994269285377 0.2097751883326762 0.1945994269285377 0.23009179326901322 0.08154642652243486 0.23009179326901322
13 0.08432641833569969 0.23140254197458338 0.27336586163770776 0.23140254197458338 0.27336586163770776 0.25892826479155606 0.08432641833569969 0.25892826479155606
15 0.1445595742897709 0.27793412102232296 0.26873254194893315 0.27793412102232296 0.26873254194893315 0.28842011066688406 0.1445595742897709 0.28842011066688406
12 0.13899959066324125 0.2910416080780243 0.3873455259815656 0.2910416080780243 0.3873455259815656 0.3107028386615763 0.13899959066324125 0.3107028386615763
1 0.5031785182009333 0.21501818315495672 0.7079712484447753 0.21501818315495672 0.7079712484447753 0.2287810445634431 0.5031785182009333 0.2287810445634431
0 0.4985451424780577 0.2327133004889442 0.7404044302320976 0.2327133004889442 0.7404044302320976 0.2628605207170572 0.4985451424780577 0.2628605207170572
2 0.5652650020305143 0.27400187490561256 0.6801713303121273 0.27400187490561256 0.6801713303121273 0.2910416080780243 0.5652650020305143 0.2910416080780243
6 0.13862892508813926 0.3961296471056314 0.3373983397365742 0.3961296471056314 0.3373983397365742 0.4343379718730008 0.13862892508813926 0.4343379718730008
6 0.14168691608273057 0.4451516486939543 0.357784946367183 0.4451516486939543 0.357784946367183 0.4826390616732601 0.14168691608273057 0.4826390616732601
6 0.14372557674579145 0.4956154738584043 0.3598236070302438 0.4956154738584043 0.3598236070302438 0.5201264746525658 0.14372557674579145 0.5201264746525658
6 0.13862892508813926 0.5309401514735194 0.36084293736177425 0.5309401514735194 0.36084293736177425 0.5691484762408887 0.13862892508813926 0.5691484762408887
6 0.13862892508813926 0.577078505909588 0.3506496340464699 0.577078505909588 0.3506496340464699 0.6196123014053389 0.13862892508813926 0.6196123014053389
6 0.14372557674579145 0.6318678018024195 0.3679782496824873 0.6318678018024195 0.3679782496824873 0.6570997143846444 0.14372557674579145 0.6570997143846444
9 0.40365481128605263 0.3975714706817585 0.45258266719951357 0.3975714706817585 0.45258266719951357 0.4105478828669028 0.40365481128605263 0.4105478828669028
9 0.4026354809545222 0.4444307369058908 0.4464666852103309 0.4444307369058908 0.4464666852103309 0.4559653255149079 0.4026354809545222 0.4559653255149079
9 0.40059682029146126 0.4948945620703407 0.45156333686798306 0.4948945620703407 0.45156333686798306 0.5093127978316122 0.40059682029146126 0.5093127978316122
9 0.4056934719491134 0.531661063261583 0.4474860155418613 0.531661063261583 0.4474860155418613 0.5475211225989814 0.4056934719491134 0.5475211225989814
9 0.40059682029146126 0.580683064849906 0.44952467620492215 0.580683064849906 0.44952467620492215 0.5951013006111774 0.40059682029146126 0.5951013006111774
9 0.4016161506229917 0.6318678018024195 0.44442802454727 0.6318678018024195 0.44442802454727 0.6419605668353094 0.4016161506229917 0.6419605668353094
10 0.4637953008463483 0.3968505588936949 0.5025298534445048 0.3968505588936949 0.5025298534445048 0.406943323926585 0.4637953008463483 0.406943323926585
10 0.4637953008463483 0.4487562076342722 0.5045685141075656 0.4487562076342722 0.5045685141075656 0.45956988445522573 0.4637953008463483 0.45956988445522573
10 0.46481463117787875 0.49417365028227717 0.4994718624499136 0.49417365028227717 0.4994718624499136 0.5085918860435487 0.46481463117787875 0.5085918860435487
10 0.4637952823550948 0.5331028868377101 0.5004911742901905 0.5331028868377101 0.5004911742901905 0.5439165636586637 0.4637952823550948 0.5439165636586637
10 0.46481463117787875 0.5842876237902237 0.5035491837760354 0.5842876237902237 0.5035491837760354 0.5951013006111774 0.46481463117787875 0.5951013006111774
10 0.4668532918409396 0.6304259782262922 0.5055878444390963 0.6304259782262922 0.5055878444390963 0.6426814786233731 0.4668532918409396 0.6426814786233731
7 0.5636896425175756 0.39685059126270433 0.6299461140670538 0.39685059126270433 0.6299461140670538 0.412710650600103 0.5636896425175756 0.412710650600103
7 0.5687863249939832 0.44370982511782714 0.6166948505759137 0.44370982511782714 0.6166948505759137 0.45884897266716224 0.5687863249939832 0.45884897266716224
7 0.5647090036678615 0.4912900031300229 0.6207721719020355 0.4912900031300229 0.6207721719020355 0.5093127978316122 0.5647090036678615 0.5093127978316122
7 0.5616510126732701 0.5338237986257738 0.619752841570505 0.5338237986257738 0.619752841570505 0.5439165636586636 0.5616510126732701 0.5439165636586636
7 0.563689673336331 0.5814039766379694 0.6228108325650963 0.5814039766379694 0.6228108325650963 0.592217653458923 0.563689673336331 0.592217653458923
7 0.5606316576867353 0.6304260645436507 0.6177141562524395 0.6304260645436507 0.6177141562524395 0.6470070356691129 0.5606316576867353 0.6470070356691129
8 0.6482940908533572 0.3961296471056314 0.7237245353866092 0.3961296471056314 0.7237245353866092 0.4105478828669028 0.6482940908533572 0.4105478828669028
8 0.6686806974839657 0.4451516486939543 0.7216858747235484 0.4451516486939543 0.7216858747235484 0.4595698844552258 0.6686806974839657 0.4595698844552258
8 0.6554294031740702 0.49345273849421367 0.7186278837289571 0.49345273849421367 0.7186278837289571 0.5085918860435487 0.6554294031740702 0.5085918860435487
8 0.6635840458263137 0.5331028868377101 0.7237245353866093 0.5331028868377101 0.7237245353866093 0.5446374754467274 0.6635840458263137 0.5446374754467274
8 0.6676613671524353 0.5785203294857152 0.7165892230658963 0.5785203294857152 0.7165892230658963 0.5943803888231138 0.6676613671524353 0.5943803888231138
8 0.6666420368209051 0.6289841546501651 0.7216858747235485 0.6289841546501651 0.7216858747235485 0.6426814786233732 0.6666420368209051 0.6426814786233732
11 0.769594400305479 0.3961296471056314 0.8062902922405748 0.3961296471056314 0.8062902922405748 0.4105478828669028 0.769594400305479 0.4105478828669028
11 0.7685750699739486 0.44370982511782714 0.8134256045612878 0.44370982511782714 0.8134256045612878 0.46317444339554364 0.7685750699739486 0.46317444339554364
11 0.7675557396424182 0.4912900031300229 0.8134256045612878 0.4912900031300229 0.8134256045612878 0.5078709742554851 0.7675557396424182 0.5078709742554851
11 0.7675557396424182 0.531661063261583 0.8093482832351662 0.531661063261583 0.8093482832351662 0.5453583872347908 0.7675557396424182 0.5453583872347908
11 0.7675557396424182 0.5799621530618423 0.8134256045612878 0.5799621530618423 0.8134256045612878 0.5951013006111774 0.7675557396424182 0.5951013006111774
11 0.769594400305479 0.6304259782262922 0.8052709619090443 0.6304259782262922 0.8052709619090443 0.6434023904114367 0.769594400305479 0.6434023904114367
5 0.8440055145072008 0.3932459999533771 0.9082233253936182 0.3932459999533771 0.9082233253936182 0.4127106182310935 0.8440055145072008 0.4127106182310935
5 0.8552181481540356 0.4429889133297636 0.9051653343990269 0.4429889133297636 0.9051653343990269 0.4617326198194164 0.8552181481540356 0.4617326198194164
5 0.8440055145072008 0.4956154738584043 0.91230064671974 0.4956154738584043 0.91230064671974 0.5093127978316122 0.8440055145072008 0.5093127978316122
5 0.8501214964963835 0.5309401514735194 0.9051653343990271 0.5309401514735194 0.9051653343990271 0.5446374754467272 0.8501214964963835 0.5446374754467272
5 0.856237478485566 0.580683064849906 0.9051653343990269 0.580683064849906 0.9051653343990269 0.5965431241873045 0.856237478485566 0.5965431241873045
5 0.8521600955219335 0.6311469008040257 0.9051652727615159 0.6311469008040257 0.9051652727615159 0.64412331298917 0.8521600955219335 0.64412331298917
19 0.3984654932346249 0.7418167109773113 0.43300478546003623 0.7418167109773113 0.43300478546003623 0.7567115826315173 0.3984654932346249 0.7567115826315173
17 0.555998362652965 0.7650527107578726 0.6385556952893143 0.7650527107578726 0.6385556952893143 0.7817349670105832 0.555998362652965 0.7817349670105832
18 0.6815192051306798 0.768627479954882 0.7539674766278843 0.768627479954882 0.7539674766278843 0.78292655674292 0.6815192051306798 0.78292655674292
16 0.8281005916482795 0.766244300490209 0.9098155025230334 0.766244300490209 0.9098155025230334 0.7817349670105832 0.8281005916482795 0.7817349670105832
