4 0.20967042013837792 0.03129754750223404 0.3265645081942327 0.03129754750223404 0.3265645081942327 0.04536941884635088 0.20967042013837792 0.04536941884635088
3 0.47952166596944695 0.05856179823146039 0.5976593081535554 0.05856179823146039 0.5976593081535554 0.07615163741160641 0.47952166596944695 0.07615163741160641
13 0.08158434492823918 0.22830374631986963 0.36014046965708457 0.22830374631986963 0.36014046965708457 0.2608449488031398 0.08158434492823918 0.2608449488031398
15 0.14500560546918168 0.2757963121062639 0.25941258526852884 0.2757963121062639 0.25941258526852884 0.2898681834503807 0.14500560546918168 0.2898681834503807
12 0.1338136183148977 0.2898681834503807 0.3812808898373988 0.2898681834503807 0.3812808898373988 0.30745802263052674 0.1338136183148977 0.30745802263052674
0 0.5019056402780149 0.2291832382788769 0.6772467723617971 0.2291832382788769 0.6772467723617971 0.26084494880313974 0.5019056402780149 0.26084494880313974
2 0.5653269008189573 0.2766758040652712 0.6772467723617971 0.2766758040652712 0.6772467723617971 0.29074767540938806 0.5653269008189573 0.29074767540938806
6 0.14003138895616657 0.39804569440827897 0.35516625314406947 0.39804569440827897 0.35516625314406947 0.4349843566865855 0.14003138895616657 0.4349843566865855
9 0.4024213100177129 0.3971662024492716 0.44097148799358 0.3971662024492716 0.44097148799358 0.4103585818343811 0.4024213100177129 0.4103585818343811
10 0.46335546230214786 0.39804569440827897 0.5031491944062687 0.39804569440827897 0.5031491944062687 0.4094790898753738 0.46335546230214786 0.4094790898753738
7 0.5615962384341959 0.3962867104902642 0.6175561742056158 0.3962867104902642 0.6175561742056158 0.41123807379338834 0.5615962384341959 0.41123807379338834
8 0.6635676769510055 0.3962867104902642 0.7195276127224253 0.3962867104902642 0.7195276127224253 0.4103585818343811 0.6635676769510055 0.4103585818343811
11 0.7692697778525763 0.39540721853125693 0.809063509956697 0.39540721853125693 0.809063509956697 0.41211756575239566 0.7692697778525763 0.41211756575239566
14 0.08340936703498575 0.21423187497575286 0.2164696587581396 0.21423187497575286 0.2164696587581396 0.229183238278877 0.08340936703498575 0.229183238278877
1 0.4987564458717462 0.21423187497575286 0.6678798073142596 0.21423187497575286 0.6678798073142596 0.23270120611490613 0.4987564458717462 0.23270120611490613
5 0.8569000348088334 0.3971662024492716 0.9128599705802533 0.3971662024492716 0.9128599705802533 0.4112380737933884 0.8569000348088334 0.4112380737933884
19 0.40300277799620565 0.521174568669301 0.43409163120255 0.521174568669301 0.43409163120255 0.5343669480544105 0.40300277799620565 0.5343669480544105
17 0.5659083687974501 0.5475593274395202 0.638034508236169 0.5475593274395202 0.638034508236169 0.561631198783637 0.5659083687974501 0.561631198783637
18 0.6902637816228276 0.5484388193985273 0.7511979339072625 0.5484388193985273 0.7511979339072625 0.5607517068246297 0.6902637816228276 0.5607517068246297
16 0.8357596146285193 0.5466798354805128 0.9116164164519995 0.5466798354805128 0.9116164164519995 0.561631198783637 0.8357596146285193 0.561631198783637
