4 0.27109375 0.0390625 0.128125 0.01796875
3 0.5390625 0.0671875 0.12109375 0.01953125
12 0.2109375 0.24609375 0.26484375 0.03046875
13 0.2046875 0.22265625 0.24921875 0.01640625
11 0.26171875 0.3 0.25078125 0.01640625
14 0.2015625 0.284375 0.1125 0.01328125
0 0.6125 0.24765625 0.2234375 0.03515625
1 0.55078125 0.221875 0.10078125 0.01640625
2 0.6234375 0.284375 0.11953125 0.01796875
6 0.24375 0.415625 0.2125 0.0421875
9 0.4109375 0.403125 0.0125 0.01328125
7 0.58359375 0.403125 0.065625 0.0125
8 0.68359375 0.403125 0.0765625 0.01640625
10 0.79140625 0.403125 0.0359375 0.01484375
5 0.87109375 0.40390625 0.075 0.0125
16 0.5921875 0.8 0.0984375 0.0125
17 0.7109375 0.8 0.08359375 0.01328125
15 0.86484375 0.8 0.09609375 0.0140625