4 0.20727522809609752 0.030812637084138516 0.3313763200772005 0.030812637084138516 0.3313763200772005 0.045752097488569315 0.20727522809609752 0.045752097488569315
3 0.47792122656552416 0.059757841617723184 0.5954211966327386 0.059757841617723184 0.5954211966327386 0.07563101829743088 0.47792122656552416 0.07563101829743088
13 0.08317413611499454 0.23156163626867735 0.2878089154455367 0.23156163626867735 0.2878089154455367 0.26144055707753894 0.08317413611499454 0.26144055707753894
15 0.14390445772276833 0.27451258493141584 0.2600842034072051 0.27451258493141584 0.2600842034072051 0.29225319416167744 0.14390445772276833 0.29225319416167744
12 0.13466288704332452 0.2931869104369544 0.37362350032608665 0.2931869104369544 0.37362350032608665 0.30906008711666205 0.13466288704332452 0.30906008711666205
0 0.500365041072745 0.23249535254395426 0.6997189228721763 0.23249535254395426 0.6997189228721763 0.26144055707753894 0.500365041072745 0.26144055707753894
14 0.08185391173221684 0.21382102703841574 0.30497183242164666 0.21382102703841574 0.30497183242164666 0.23062791999340038 0.08185391173221684 0.23062791999340038
2 0.5663762602116295 0.27357886865613895 0.6772751083649556 0.27357886865613895 0.6772751083649556 0.2922531941616774 0.5663762602116295 0.2922531941616774
1 0.49772459230718963 0.21568845958896962 0.6640728645371786 0.21568845958896962 0.6640728645371786 0.2296942037181235 0.49772459230718963 0.2296942037181235
6 0.13730333580887988 0.39589570071741614 0.3683426027949758 0.39589570071741614 0.3683426027949758 0.42297347270044694 0.13730333580887988 0.42297347270044694
6 0.13994378457443524 0.4304432029026623 0.35646058334997666 0.4304432029026623 0.35646058334997666 0.4743278678406778 0.13994378457443524 0.4743278678406778
6 0.13994378457443524 0.48086388176761624 0.3683426027949758 0.48086388176761624 0.3683426027949758 0.5219473978798008 0.13994378457443524 0.5219473978798008
6 0.13730333580887988 0.5303508443572933 0.3551403589671989 0.5303508443572933 0.3551403589671989 0.5723680767447549 0.13730333580887988 0.5723680767447549
9 0.40398866112997356 0.396829416992693 0.44359539261330433 0.396829416992693 0.44359539261330433 0.40990144484656993 0.40398866112997356 0.40990144484656993
9 0.40530888551275124 0.43324435172849307 0.4435953926133042 0.43324435172849307 0.4435953926133042 0.45098496095875457 0.40530888551275124 0.45098496095875457
9 0.40530888551275124 0.48273131431817007 0.4435953926133042 0.48273131431817007 0.4435953926133042 0.49860449099787774 0.40530888551275124 0.49860449099787774
9 0.4066291098955289 0.5312845606325701 0.4435953926133042 0.5312845606325701 0.4435953926133042 0.546224021037001 0.4066291098955289 0.546224021037001
10 0.46075830958941427 0.3977631332679699 0.5056459386038558 0.3977631332679699 0.5056459386038558 0.40990144484656993 0.46075830958941427 0.40990144484656993
10 0.4620785339721919 0.43604550055432384 0.5016852654555227 0.43604550055432384 0.5016852654555227 0.447250095857647 0.4620785339721919 0.447250095857647
10 0.4620785339721919 0.4845987468687239 0.5030054898383004 0.4845987468687239 0.5030054898383004 0.49767077472260085 0.4620785339721919 0.49767077472260085
10 0.4633987583549696 0.5322182769078471 0.5030054898383004 0.5322182769078471 0.5030054898383004 0.546224021037001 0.4633987583549696 0.546224021037001
7 0.5716571577427403 0.3930945518915853 0.6191852355227372 0.3930945518915853 0.6191852355227372 0.4117688773971238 0.5716571577427403 0.4117688773971238
7 0.5756178308910733 0.4351117842790469 0.6178650111399596 0.4351117842790469 0.6178650111399596 0.44818381213292385 0.5756178308910733 0.44818381213292385
7 0.5782582796566287 0.48086388176761624 0.6165447867571817 0.48086388176761624 0.6165447867571817 0.49767077472260085 0.5782582796566287 0.49767077472260085
7 0.5703369333599626 0.5322182769078471 0.615224562374404 0.5322182769078471 0.615224562374404 0.5471577373122779 0.5703369333599626 0.5471577373122779
8 0.670673986451067 0.39589570071741614 0.7221627373793968 0.39589570071741614 0.7221627373793968 0.4117688773971238 0.670673986451067 0.4117688773971238
8 0.6693537620682894 0.4351117842790469 0.7208425129966194 0.4351117842790469 0.7208425129966194 0.44911752840820074 0.6693537620682894 0.44911752840820074
8 0.6825560058960662 0.48273131431817007 0.722162737379397 0.48273131431817007 0.722162737379397 0.49860449099787774 0.6825560058960662 0.49860449099787774
8 0.6772751083649555 0.5322182769078471 0.7168818398482864 0.5322182769078471 0.7168818398482864 0.5480914535875548 0.6772751083649555 0.5480914535875548
11 0.7710110395421717 0.39589570071741614 0.8066570978771692 0.39589570071741614 0.8066570978771692 0.4117688773971238 0.7710110395421717 0.4117688773971238
11 0.7683705907766164 0.43417806800377 0.8066570978771692 0.43417806800377 0.8066570978771692 0.44818381213292385 0.7683705907766164 0.44818381213292385
11 0.769690815159394 0.4817975980428931 0.8079773222599471 0.4817975980428931 0.8079773222599471 0.4986044909978778 0.769690815159394 0.4986044909978778
11 0.769690815159394 0.5312845606325701 0.8053368734943916 0.5312845606325701 0.8053368734943916 0.5499588861381086 0.769690815159394 0.5499588861381086
5 0.860056215425565 0.396829416992693 0.907584293205562 0.396829416992693 0.907584293205562 0.41363630994767764 0.860056215425565 0.41363630994767764
5 0.8521348691288988 0.43324435172849307 0.9089045175883395 0.43324435172849307 0.9089045175883395 0.44818381213292385 0.8521348691288988 0.44818381213292385
5 0.8666573373394534 0.4817975980428931 0.9089045175883395 0.4817975980428931 0.9089045175883395 0.49767077472260085 0.8666573373394534 0.49767077472260085
5 0.8626966641911203 0.5303508443572933 0.907584293205562 0.5303508443572933 0.907584293205562 0.5471577373122779 0.8626966641911203 0.5471577373122779
19 0.3940170083050399 0.6564025415196781 0.43890463731948137 0.6564025415196781 0.43890463731948137 0.6704082856488321 0.3940170083050399 0.6704082856488321
17 0.5643259536833621 0.6788117321263242 0.6395787435016904 0.6788117321263242 0.6395787435016904 0.6974860576318628 0.5643259536833621 0.6974860576318628
18 0.6871068212816873 0.6825465972274319 0.7544382648033496 0.6825465972274319 0.7544382648033496 0.696552341356586 0.6871068212816873 0.696552341356586
16 0.8376124009183441 0.6797454484016012 0.9128651907366726 0.6797454484016012 0.9128651907366726 0.6993534901824165 0.8376124009183441 0.6993534901824165
