4 0.20936811501487465 0.028328717362180445 0.335529654766092 0.028328717362180445 0.335529654766092 0.048703286678569394 0.20936811501487465 0.048703286678569394
3 0.47559876582846716 0.05713414294741999 0.6087140912352634 0.05713414294741999 0.6087140912352634 0.08102156904249667 0.47559876582846716 0.08102156904249667
14 0.0802263814112664 0.21380755527689352 0.19744733960531086 0.21380755527689352 0.19744733960531086 0.2299666964588572 0.0802263814112664 0.2299666964588572
13 0.0802263814112664 0.23207441052606984 0.3325494609137011 0.23207441052606984 0.3325494609137011 0.26439269288999706 0.0802263814112664 0.26439269288999706
15 0.14579064616386753 0.2770389772932723 0.25903801255472364 0.2770389772932723 0.25903801255472364 0.29179297576376084 0.14579064616386753 0.29179297576376084
12 0.13386987075430368 0.2903878330522865 0.3842061543551443 0.2903878330522865 0.3842061543551443 0.3086546883014628 0.13386987075430368 0.3086546883014628
1 0.4958297521915462 0.2151461782986049 0.6292530309630894 0.2151461782986049 0.6292530309630894 0.23129829376701116 0.4958297521915462 0.23129829376701116
0 0.4958297521915457 0.23129829376701116 0.7819084940620616 0.23129829376701116 0.7819084940620616 0.2670029700655933 0.4958297521915457 0.2670029700655933
2 0.5619403858170855 0.27635419481046025 0.6833435493839853 0.27635419481046025 0.6833435493839853 0.29420653295975147 0.5619403858170855 0.29420653295975147
6 0.13522629605223982 0.39366955979151624 0.3744265886246463 0.39366955979151624 0.3744265886246463 0.4370252381540805 0.13522629605223982 0.4370252381540805
6 0.13162026149084677 0.4438261288776201 0.3840426807883611 0.4438261288776201 0.3840426807883611 0.4854815845592994 0.13162026149084677 0.4854815845592994
6 0.13642830757270416 0.49228247528283875 0.3792346347065037 0.49228247528283875 0.3792346347065037 0.535638153645403 0.13642830757270416 0.535638153645403
6 0.13763031909316853 0.5415889330285 0.38043664622696816 0.5415889330285 0.38043664622696816 0.5832443887101794 0.13763031909316853 0.5832443887101794
9 0.3996688305543977 0.3953697824724011 0.4477492913729719 0.3953697824724011 0.4477492913729719 0.4132221206216923 0.3996688305543977 0.4132221206216923
9 0.40207285359532646 0.4446762402180624 0.4453452683320432 0.4446762402180624 0.4453452683320432 0.46422880104823855 0.40207285359532646 0.46422880104823855
9 0.4008708420748621 0.4939826979637237 0.4453452683320432 0.4939826979637237 0.4453452683320432 0.5126851474534573 0.4008708420748621 0.5126851474534573
9 0.3984668190339334 0.5441392670498273 0.4441432568115788 0.5441392670498273 0.4441432568115788 0.5628417165395609 0.3984668190339334 0.5628417165395609
10 0.4585673950571511 0.39621989381284367 0.5090518789166539 0.39621989381284367 0.5090518789166539 0.4132221206216923 0.4585673950571511 0.4132221206216923
10 0.45616337201622237 0.4472265742393898 0.5114559019575826 0.4472265742393898 0.5114559019575826 0.463378689707796 0.45616337201622237 0.463378689707796
10 0.4597694065776154 0.4939826979637237 0.5102538904371183 0.4939826979637237 0.5102538904371183 0.5143853701343422 0.4597694065776154 0.5143853701343422
10 0.4597694065776154 0.5449893783902697 0.5090518789166538 0.5449893783902697 0.5090518789166538 0.5594412711777912 0.4597694065776154 0.5594412711777912
7 0.5619403858170855 0.3953697824724011 0.6244449848812319 0.3953697824724011 0.6244449848812319 0.4132221206216923 0.5619403858170855 0.4132221206216923
7 0.5583343512556924 0.4446762402180624 0.6220409618403034 0.4446762402180624 0.6220409618403034 0.46252857836735356 0.5583343512556924 0.46252857836735356
7 0.566748431898943 0.49483280930416607 0.6172329157584459 0.49483280930416607 0.6172329157584459 0.5118350361130148 0.566748431898943 0.5118350361130148
7 0.5571323397352281 0.5449893783902697 0.6316570540040182 0.5449893783902697 0.6316570540040182 0.5611414938586761 0.5571323397352281 0.5611414938586761
8 0.6629093535360915 0.39621989381284367 0.7218079180388447 0.39621989381284367 0.7218079180388447 0.41492234330257727 0.6629093535360915 0.41492234330257727
8 0.6593033189746983 0.4463764628989473 0.729019987161631 0.4463764628989473 0.729019987161631 0.46422880104823844 0.6593033189746983 0.46422880104823844
8 0.6629093535360915 0.49568292064460856 0.7254139526002378 0.49568292064460856 0.7254139526002378 0.5143853701343422 0.6629093535360915 0.5143853701343422
8 0.6581013074542339 0.5424390443689425 0.730221998682095 0.5424390443689425 0.730221998682095 0.5628417165395609 0.6581013074542339 0.5628417165395609
11 0.7650803327755614 0.3928194484510739 0.8143628051145999 0.3928194484510739 0.8143628051145999 0.41322212062169233 0.7650803327755614 0.41322212062169233
11 0.7674843558164902 0.4438261288776201 0.8119587820736712 0.4438261288776201 0.8119587820736712 0.46422880104823855 0.7674843558164902 0.46422880104823855
11 0.7650803327755614 0.49228247528283875 0.8131607935941356 0.49228247528283875 0.8131607935941356 0.5152354814747845 0.7650803327755614 0.5152354814747845
11 0.7614742982141683 0.5424390443689425 0.8167668281555286 0.5424390443689425 0.8167668281555286 0.5611414938586761 0.7614742982141683 0.5611414938586761
6 0.13742510294449303 0.5914962647753526 0.3470320705626572 0.5914962647753526 0.3470320705626572 0.6210042617163295 0.13742510294449303 0.6210042617163295
6 0.13841850089529004 0.62943511798518 0.37584061113576994 0.62943511798518 0.37584061113576994 0.6687791139064829 0.13841850089529004 0.6687791139064829
9 0.39769536605330363 0.5914962647753526 0.445378467691559 0.5914962647753526 0.445378467691559 0.6097631200245288 0.39769536605330363 0.6097631200245288
9 0.4016689578564916 0.6301376893409177 0.443391671789965 0.6301376893409177 0.443391671789965 0.6462968305228813 0.4016689578564916 0.6462968305228813
10 0.46027943695351375 0.5929014074868275 0.5059757426901752 0.5929014074868275 0.5059757426901752 0.6111682627360039 0.46027943695351375 0.6111682627360039
10 0.46027943695351375 0.6308402606966551 0.5049823447393782 0.6308402606966551 0.5049823447393782 0.646999401878619 0.46027943695351375 0.646999401878619
7 0.5695532115411823 0.5929014074868275 0.6212099049826257 0.5929014074868275 0.6212099049826257 0.6104656913802663 0.5695532115411823 0.6104656913802663
7 0.5546522422792275 0.6301376893409177 0.6231967008842196 0.6301376893409177 0.6231967008842196 0.646999401878619 0.5546522422792275 0.646999401878619
8 0.667899608670084 0.5914962647753526 0.7235298939147153 0.5914962647753526 0.7235298939147153 0.612573405447479 0.667899608670084 0.612573405447479
8 0.666906210719287 0.6273274039179675 0.7215430980131213 0.6273274039179675 0.7215430980131213 0.648404544590094 0.666906210719287 0.648404544590094
11 0.7655611373837474 0.5901474675769182 0.8091941555766033 0.5901474675769182 0.8091941555766033 0.6069796721176783 0.7655611373837474 0.6069796721176783
11 0.7629167120387259 0.6294226115053586 0.8144830062666467 0.6294226115053586 0.8144830062666467 0.6490601834695789 0.7629167120387259 0.6490601834695789
5 0.8527424865941542 0.3951503871489106 0.9093661697895825 0.3951503871489106 0.9093661697895825 0.41482238510956193 0.8527424865941542 0.41482238510956193
5 0.8517490886433573 0.44433038205053904 0.9153265574943643 0.44433038205053904 0.9153265574943643 0.4640023800111905 0.8517490886433573 0.4640023800111905
5 0.8507556906925603 0.49210523424069236 0.9093661697895825 0.49210523424069236 0.9093661697895825 0.5117772322013439 0.8507556906925603 0.5117772322013439
5 0.8517490886433573 0.5433929432095335 0.9153265574943643 0.5433929432095335 0.9153265574943643 0.5609572271029722 0.8517490886433573 0.5609572271029722
5 0.8596962722497332 0.5925729381111621 0.9133397615927705 0.5925729381111621 0.9133397615927705 0.6073269365816506 0.8596962722497332 0.6073269365816506
5 0.8527424865941542 0.6291066486095146 0.9103595677403795 0.6291066486095146 0.9103595677403795 0.6480760752144284 0.8527424865941542 0.6480760752144284
19 0.39578425714158094 0.7514132349654326 0.4416792424684017 0.7514132349654326 0.4416792424684017 0.7707339472482152 0.39578425714158094 0.7707339472482152
17 0.552045754801947 0.7784622321613281 0.6482066764390954 0.7784622321613281 0.6482066764390954 0.7970101159527996 0.552045754801947 0.7970101159527996
18 0.6711541691025057 0.7800078891439509 0.7684078284855306 0.7800078891439509 0.7684078284855306 0.7970101159527996 0.6711541691025057 0.7970101159527996
16 0.8164882893041049 0.7800078891439509 0.91374194868713 0.7800078891439509 0.91374194868713 0.7954644589701768 0.8164882893041049 0.7954644589701768
