4 0.20768889387784292 0.02937720329024677 0.33396374135557144 0.02937720329024677 0.33396374135557144 0.04935370152761456 0.20768889387784292 0.04935370152761456
3 0.47519218919250467 0.05405405405405405 0.5948209920661421 0.05405405405405405 0.5948209920661421 0.07755581668625147 0.47519218919250467 0.07755581668625147
14 0.08141404640011443 0.2162162162162162 0.19273529351863825 0.2162162162162162 0.19273529351863825 0.22796709753231495 0.08141404640011443 0.22796709753231495
13 0.0764295129470462 0.23501762632197415 0.32565618560045767 0.23501762632197415 0.32565618560045767 0.26321974148061106 0.0764295129470462 0.26321974148061106
15 0.14288995898795595 0.27262044653349 0.259195739559548 0.27262044653349 0.259195739559548 0.2890716803760282 0.14288995898795595 0.2890716803760282
12 0.12793635862875125 0.2925969447708578 0.3854705870372765 0.2925969447708578 0.3854705870372765 0.31022326674500583 0.12793635862875125 0.31022326674500583
1 0.5001148564578458 0.21386603995299647 0.5881749474620512 0.21386603995299647 0.5881749474620512 0.23031727379553465 0.5001148564578458 0.23031727379553465
0 0.5017763676088686 0.23149236192714454 0.7177728172418253 0.23149236192714454 0.7177728172418253 0.263219741480611 0.5017763676088686 0.263219741480611
2 0.5665753024987555 0.27379553466509987 0.6812195719193247 0.27379553466509987 0.6812195719193247 0.29377203290246773 0.5665753024987555 0.29377203290246773
6 0.13624391438386496 0.39247943595769685 0.3539018751678443 0.39247943595769685 0.3539018751678443 0.4253819036427732 0.13624391438386496 0.4253819036427732
6 0.14455147013897865 0.42773207990599293 0.3655324532250035 0.42773207990599293 0.3655324532250035 0.472385428907168 0.14455147013897865 0.472385428907168
6 0.13956693668591044 0.48413631022326675 0.3671939643760263 0.48413631022326675 0.3671939643760263 0.5088131609870741 0.13956693668591044 0.5088131609870741
6 0.1412284478369332 0.518213866039953 0.36553245322500355 0.518213866039953 0.36553245322500355 0.5593419506462984 0.1412284478369332 0.5593419506462984
6 0.13790542553488772 0.5699177438307873 0.3588864086209126 0.5699177438307873 0.3588864086209126 0.5945945945945946 0.13790542553488772 0.5945945945945946
6 0.1412284478369332 0.6039952996474736 0.36553245322500355 0.6039952996474736 0.36553245322500355 0.6451233842538189 0.1412284478369332 0.6451233842538189
6 0.13292089208181948 0.6556991774383079 0.3588864086209126 0.6556991774383079 0.3588864086209126 0.6968272620446534 0.13292089208181948 0.6968272620446534
9 0.39953676465878857 0.39736945073594576 0.4408034727456118 0.39736945073594576 0.4408034727456118 0.4099722764363239 0.39953676465878857 0.4099722764363239
9 0.4032882835757725 0.4325247013738425 0.4436171119333498 0.4325247013738425 0.4436171119333498 0.44446422045841133 0.4032882835757725 0.44446422045841133
9 0.40235040384652654 0.4842626174069737 0.4445549916625957 0.4842626174069737 0.4445549916625957 0.4975287497231612 0.40235040384652654 0.4975287497231612
9 0.4032882835757725 0.5214077878922987 0.4426792322041038 0.5214077878922987 0.4426792322041038 0.5346739202084861 0.4032882835757725 0.5346739202084861
9 0.40891556195124834 0.5698291708463827 0.4426792322041037 0.5698291708463827 0.4426792322041037 0.5824319965467609 0.40891556195124834 0.5824319965467609
9 0.4061019227635105 0.6076376479475173 0.44736863085033374 0.6076376479475173 0.44736863085033374 0.6228937001111328 0.4061019227635105 0.6228937001111328
9 0.40235040384652654 0.6567223375174109 0.4426792322041038 0.6567223375174109 0.4426792322041038 0.6686618566019796 0.40235040384652654 0.6686618566019796
10 0.4633125862475153 0.39537953088851757 0.5036414146050927 0.39537953088851757 0.5036414146050927 0.4112988896679426 0.4633125862475153 0.4112988896679426
10 0.4661262254352532 0.43517792783708 0.4998898956881087 0.43517792783708 0.4998898956881087 0.44579083369003003 0.4661262254352532 0.44579083369003003
10 0.46518834570600753 0.4842626174069737 0.49988989568810877 0.4842626174069737 0.49988989568810877 0.4962021364915425 0.46518834570600753 0.4962021364915425
10 0.46612622543525334 0.5194178680448704 0.5027035348758466 0.5194178680448704 0.5027035348758466 0.5320206937452486 0.46612622543525334 0.5320206937452486
10 0.46518834570600753 0.5691658642305736 0.49895201595886285 0.5691658642305736 0.49895201595886285 0.5837586097783798 0.46518834570600753 0.5837586097783798
10 0.4633125862475153 0.6069743413317078 0.5083308132513226 0.6069743413317078 0.5083308132513226 0.6209037802637047 0.4633125862475153 0.6209037802637047
10 0.46518834570600753 0.6580489507490297 0.5036414146050928 0.6580489507490297 0.5036414146050928 0.671315083065217 0.46518834570600753 0.671315083065217
7 0.5758581537570333 0.39471622427270825 0.6171248618438566 0.39471622427270825 0.6171248618438566 0.4099722764363239 0.5758581537570333 0.4099722764363239
7 0.5739823942985414 0.4325247013738425 0.6208763807608404 0.4325247013738425 0.6208763807608404 0.4477807535374582 0.5739823942985414 0.4477807535374582
7 0.5758581537570333 0.4816093909437362 0.6227521402193325 0.4816093909437362 0.6227521402193325 0.4981920563389705 0.5758581537570333 0.4981920563389705
7 0.5749202740277864 0.5214077878922979 0.6152491023853646 0.5214077878922979 0.6152491023853646 0.534010613592677 0.5749202740277864 0.534010613592677
7 0.5824233118617551 0.5678392509989548 0.6171248618438565 0.5678392509989548 0.6171248618438565 0.5837586097783798 0.5824233118617551 0.5837586097783798
7 0.5824233118617551 0.6063110347158984 0.6227521402193323 0.6063110347158984 0.6227521402193323 0.6222303934953235 0.5824233118617551 0.6222303934953235
7 0.5711687551108034 0.6553957242857922 0.6152491023853646 0.6553957242857922 0.6152491023853646 0.6699884698335982 0.5711687551108034 0.6699884698335982
8 0.6733976455986155 0.3920629978094708 0.7202916320609147 0.3920629978094708 0.7202916320609147 0.41129888966794265 0.6733976455986155 0.41129888966794265
8 0.6658946077646476 0.4325247013738425 0.7165401131439307 0.4325247013738425 0.7165401131439307 0.4477807535374582 0.6658946077646476 0.4477807535374582
8 0.6733976455986155 0.4816093909437362 0.7212295117901606 0.4816093909437362 0.7212295117901606 0.4975287497231612 0.6733976455986155 0.4975287497231612
8 0.6724597658693695 0.5227344011239173 0.7212295117901606 0.5227344011239173 0.7212295117901606 0.5346739202084861 0.6724597658693695 0.5346739202084861
8 0.6733976455986155 0.5691658642305736 0.7221673915194066 0.5691658642305736 0.7221673915194066 0.5837586097783798 0.6733976455986155 0.5837586097783798
8 0.6827764428910753 0.6076376479475173 0.7240431509778985 0.6076376479475173 0.7240431509778985 0.6222303934953234 0.6827764428910753 0.6222303934953234
8 0.6696461266816316 0.6567223375174109 0.7184158726024227 0.6567223375174109 0.7184158726024227 0.6686618566019796 0.6696461266816316 0.6686618566019796
11 0.7662477387939678 0.39471622427270825 0.803762927963807 0.39471622427270825 0.803762927963807 0.41063558305213327 0.7662477387939678 0.41063558305213327
11 0.7690613779817057 0.4318613947580332 0.807514446880791 0.4318613947580332 0.807514446880791 0.4477807535374582 0.7690613779817057 0.4477807535374582
11 0.7662477387939678 0.4822726975595456 0.8103280860685289 0.4822726975595456 0.8103280860685289 0.49819205633897057 0.7662477387939678 0.49819205633897057
11 0.7690613779817057 0.5187545614290612 0.8103280860685289 0.5187545614290612 0.8103280860685289 0.5373271466717237 0.7690613779817057 0.5373271466717237
11 0.7699992577109517 0.5704924774621923 0.808452326610037 0.5704924774621923 0.808452326610037 0.5864118362416172 0.7699992577109517 0.5864118362416172
11 0.7699992577109517 0.6063110347158984 0.810328086068529 0.6063110347158984 0.810328086068529 0.6248836199585609 0.7699992577109517 0.6248836199585609
11 0.7709371374401978 0.6567223375174109 0.8084523266100369 0.6567223375174109 0.8084523266100369 0.6699884698335983 0.7709371374401978 0.6699884698335983
5 0.86378723063555 0.39537953088851757 0.9116190968270953 0.39537953088851757 0.9116190968270953 0.41262550289956135 0.86378723063555 0.41262550289956135
5 0.8525326738845981 0.4292081682947957 0.9125569765563412 0.4292081682947957 0.9125569765563412 0.4477807535374581 0.8525326738845981 0.4477807535374581
5 0.86378723063555 0.4822726975595456 0.9125569765563412 0.4822726975595456 0.9125569765563412 0.49620213649154254 0.86378723063555 0.49620213649154254
5 0.857222072530828 0.5200811746606799 0.9050539387223733 0.5200811746606799 0.9050539387223733 0.532684000361058 0.857222072530828 0.532684000361058
5 0.86378723063555 0.5671759443831453 0.9097433373686031 0.5671759443831453 0.9097433373686031 0.5837586097783798 0.86378723063555 0.5837586097783798
5 0.8750417873865017 0.6049844214842797 0.9116190968270952 0.6049844214842797 0.9116190968270952 0.6228937001111328 0.8750417873865017 0.6228937001111328
5 0.857222072530828 0.6567223375174109 0.9134948562855871 0.6567223375174109 0.9134948562855871 0.6699884698335983 0.857222072530828 0.6699884698335983
19 0.39719206533567364 0.7791407100468407 0.4459899476483422 0.7791407100468407 0.4459899476483422 0.7935875281391689 0.39719206533567364 0.7935875281391689
17 0.5685520706662073 0.8048239422109799 0.6468556492609543 0.8048239422109799 0.6468556492609543 0.8200733613084372 0.5685520706662073 0.8200733613084372
18 0.6899793592116846 0.8064291442212386 0.7671481033340439 0.8064291442212386 0.7671481033340439 0.8224811643238253 0.6899793592116846 0.8224811643238253
16 0.8375078406220778 0.8032187402007211 0.9146765847444372 0.8032187402007211 0.9146765847444372 0.8224811643238253 0.8375078406220778 0.8224811643238253
