4 0.2065730309366352 0.027669049032132402 0.33670816249104046 0.027669049032132402 0.33670816249104046 0.049448761059996446 0.2065730309366352 0.049448761059996446
3 0.4757838756026187 0.054366760550159286 0.600952017403039 0.054366760550159286 0.600952017403039 0.08106447206818619 0.4757838756026187 0.08106447206818619
14 0.07842469528382394 0.21314788694684553 0.20855982683822918 0.21314788694684553 0.20855982683822918 0.2307121708402843 0.07842469528382394 0.2307121708402843
13 0.07743129733302695 0.2328198849074969 0.3516091317529953 0.2328198849074969 0.3516091317529953 0.2679484526943744 0.07743129733302695 0.2679484526943744
15 0.14398896003642506 0.27497416625174986 0.2651835100336575 0.27497416625174986 0.2651835100336575 0.2911333074337136 0.14398896003642506 0.2911333074337136
12 0.1340549805284552 0.2918358787894511 0.3794242743753109 0.2918358787894511 0.3794242743753109 0.31010273403862737 0.1340549805284552 0.31010273403862737
1 0.4955320943530457 0.21453608799466178 0.7574279177449785 0.21453608799466178 0.7574279177449785 0.23021330006483853 0.4955320943530457 0.23021330006483853
0 0.4971740744370077 0.23253585000116098 0.7525019774930927 0.23253585000116098 0.7525019774930927 0.261567724205192 0.4971740744370077 0.261567724205192
2 0.5644952578794481 0.27666429879128807 0.6843598040086714 0.27666429879128807 0.6843598040086714 0.29234151086146487 0.5644952578794481 0.29234151086146487
6 0.13464781620628466 0.39428427419796636 0.37035405725902426 0.39428427419796636 0.37035405725902426 0.4364385555422194 0.13464781620628466 0.4364385555422194
6 0.13645399429864283 0.4447416715645722 0.37667568058227774 0.4447416715645722 0.37667568058227774 0.4875346541413139 0.13645399429864283 0.4875346541413139
6 0.13555090525246374 0.49328296523371196 0.344164474919831 0.49328296523371196 0.344164474919831 0.5335211428804989 0.13555090525246374 0.5335211428804989
6 0.1337447271601056 0.5431016613678291 0.3766756805822778 0.5431016613678291 0.3766756805822778 0.5833398390146161 0.1337447271601056 0.5833398390146161
6 0.13103546002156835 0.5910042538044802 0.34777683110454727 0.5910042538044802 0.34777683110454727 0.621661912963937 0.13103546002156835 0.621661912963937
6 0.13284163811392652 0.6286876265213125 0.3694509682128451 0.6286876265213125 0.3694509682128451 0.667648401703122 0.13284163811392652 0.667648401703122
9 0.40286526292147107 0.39428427419796636 0.44350426999952963 0.39428427419796636 0.44350426999952963 0.4121679087076494 0.40286526292147107 0.4121679087076494
9 0.4019621738752921 0.4447416715645722 0.4453104480918878 0.4447416715645722 0.4453104480918878 0.46262530607425517 0.4019621738752921 0.46262530607425517
9 0.4001559957829339 0.4926442640012233 0.4453104480918878 0.4926442640012233 0.4453104480918878 0.511166599743395 0.4001559957829339 0.511166599743395
9 0.4019621738752921 0.5431016613678291 0.44711662618424597 0.5431016613678291 0.44711662618424597 0.5622626983424895 0.4019621738752921 0.5622626983424895
9 0.3992529067367548 0.5916429550369688 0.4453104480918878 0.5916429550369688 0.4453104480918878 0.6120813944766067 0.3992529067367548 0.6120813944766067
9 0.40105908482911296 0.6299650289862897 0.4453104480918878 0.6299650289862897 0.4453104480918878 0.6472099622634842 0.40105908482911296 0.6472099622634842
10 0.4633722290154693 0.396839079127921 0.504914325139707 0.396839079127921 0.504914325139707 0.4115292074751606 0.4633722290154693 0.4115292074751606
10 0.46337222901546943 0.44665777526203804 0.5022050580011699 0.44665777526203804 0.5022050580011699 0.4600705011443005 0.46337222901546943 0.4600705011443005
10 0.4615660509231112 0.49456036769868933 0.5067205032320652 0.49456036769868933 0.5067205032320652 0.5105278985109064 0.4615660509231112 0.5105278985109064
10 0.4606629618769321 0.5431016613678291 0.5085266813244234 0.5431016613678291 0.5085266813244234 0.5577917897150688 0.4606629618769321 0.5577917897150688
10 0.45975987283075315 0.5916429550369688 0.5094297703706023 0.5916429550369688 0.5094297703706023 0.6088878883141633 0.45975987283075315 0.6088878883141633
10 0.45885678378457384 0.6293263277538012 0.5058174141858861 0.6293263277538012 0.5058174141858861 0.6465712610309955 0.45885678378457384 0.6465712610309955
7 0.5618089350489891 0.39428427419796636 0.618703544958271 0.39428427419796636 0.618703544958271 0.41344531117262673 0.5618089350489891 0.41344531117262673
7 0.5654212912337053 0.44282556786710614 0.6214128120968082 0.44282556786710614 0.6214128120968082 0.46070920237678925 0.5654212912337053 0.46070920237678925
7 0.5618089350489891 0.4926442640012233 0.6205097230506291 0.4926442640012233 0.6205097230506291 0.509250496045929 0.5618089350489891 0.509250496045929
7 0.5590996679104517 0.5424629601353405 0.6214128120968082 0.5424629601353405 0.6214128120968082 0.5603465946450236 0.5590996679104517 0.5603465946450236
7 0.5645182021875262 0.5922816562694576 0.6214128120968082 0.5922816562694576 0.6214128120968082 0.611442693244118 0.5645182021875262 0.611442693244118
7 0.5572934898180936 0.6293263277538012 0.6232189901891664 0.6293263277538012 0.6232189901891664 0.6491260659609502 0.5572934898180936 0.6491260659609502
8 0.6617409983382003 0.3950793143419516 0.7265294192912289 0.3950793143419516 0.7265294192912289 0.4128466413571985 0.6617409983382003 0.4128466413571985
8 0.6577743603206678 0.44370568301525887 0.7331404826537828 0.44370568301525887 0.7331404826537828 0.46334325497947915 0.6577743603206678 0.46334325497947915
8 0.6590965729931788 0.4923320516885662 0.7304960573087614 0.4923320516885662 0.7304960573087614 0.5147749910762465 0.6590965729931788 0.5147749910762465
8 0.6458744462680709 0.5428286653108468 0.7238849939462074 0.5428286653108468 0.7238849939462074 0.5605959923260938 0.6458744462680709 0.5605959923260938
8 0.6683520617007543 0.5914550339841542 0.7278516319637399 0.5914550339841542 0.7278516319637399 0.6110926059483744 0.6683520617007543 0.6110926059483744
8 0.6577743603206678 0.6279248104891346 0.7225627812736966 0.6279248104891346 0.7225627812736966 0.6484975049278418 0.6577743603206678 0.6484975049278418
11 0.7635513741215312 0.39414419186746497 0.8111510303319195 0.39414419186746497 0.8111510303319195 0.41565200878065856 0.7635513741215312 0.41565200878065856
11 0.7635513741215312 0.44370568301525887 0.8124732430044305 0.44370568301525887 0.8124732430044305 0.4614730100305058 0.7635513741215312 0.4614730100305058
11 0.7661957994665528 0.49139692921407957 0.8111510303319195 0.49139692921407957 0.8111510303319195 0.5147749910762465 0.7661957994665528 0.5147749910762465
11 0.7661957994665528 0.5409584203618736 0.8124732430044305 0.5409584203618736 0.8124732430044305 0.5634013597495539 0.7661957994665528 0.5634013597495539
11 0.7635513741215312 0.5895847890351807 0.8124732430044305 0.5895847890351807 0.8124732430044305 0.6110926059483744 0.7635513741215312 0.6110926059483744
11 0.7635513741215312 0.6279248104891346 0.8111510303319195 0.6279248104891346 0.8111510303319195 0.6484975049278418 0.7635513741215312 0.6484975049278418
5 0.8455285598172 0.39414419186746497 0.9116391934427396 0.39414419186746497 0.9116391934427396 0.4147168863061719 0.8455285598172 0.4147168863061719
5 0.8494951978347325 0.4409003155917988 0.9116391934427396 0.4409003155917988 0.9116391934427396 0.46521349992845257 0.8494951978347325 0.46521349992845257
5 0.8494951978347325 0.4923320516885662 0.9129614061152502 0.4923320516885662 0.9129614061152502 0.5157101135507332 0.8494951978347325 0.5157101135507332
5 0.8375952837821353 0.5409584203618736 0.9129614061152505 0.5409584203618736 0.9129614061152505 0.5624662372750672 0.8375952837821353 0.5624662372750672
5 0.8627173245598404 0.5886496665606941 0.9103169807702288 0.5886496665606941 0.9103169807702288 0.6110926059483746 0.8627173245598404 0.6110926059483746
5 0.8508174105072431 0.629795055438108 0.914283618787761 0.629795055438108 0.914283618787761 0.6522379948257884 0.8508174105072431 0.6522379948257884
19 0.3944265959900582 0.7513370577610674 0.4393818268554251 0.7513370577610674 0.4393818268554251 0.7737799971487476 0.3944265959900582 0.7737799971487476
17 0.5478032660013099 0.7765853645722078 0.6509358544571513 0.7765853645722078 0.6509358544571513 0.7962229365364281 0.5478032660013099 0.7962229365364281
18 0.6760578952348566 0.7784556095211811 0.7699349949831227 0.7784556095211811 0.7699349949831227 0.7971580590109147 0.6760578952348566 0.7971580590109147
16 0.8201790765385326 0.7775204870466943 0.9153783889593096 0.7775204870466943 0.9153783889593096 0.7971580590109147 0.8201790765385326 0.7971580590109147
