4 0.2077664467029232 0.026282105927308903 0.3327641463453323 0.026282105927308903 0.3327641463453323 0.05077225008684675 0.2077664467029232 0.05077225008684675
3 0.47296426891722354 0.0555508148009029 0.6064077590760116 0.0555508148009029 0.6064077590760116 0.07944363837118373 0.47296426891722354 0.07944363837118373
14 0.07939292960922002 0.2149139982071435 0.17084087754152721 0.2149139982071435 0.17084087754152721 0.22993347377575934 0.07939292960922002 0.22993347377575934
13 0.07852612441554888 0.23115955341401376 0.33423365654854054 0.23115955341401376 0.33423365654854054 0.26334414391819067 0.07852612441554888 0.26334414391819067
15 0.14483672173139248 0.2783636194868065 0.2618554228769988 0.2783636194868065 0.2618554228769988 0.29093093577891366 0.14483672173139248 0.29093093577891366
12 0.134001656810503 0.29185049550760445 0.38494176037830324 0.29185049550760445 0.38494176037830324 0.3090156104431655 0.134001656810503 0.3090156104431655
1 0.4984748869141519 0.2145890247018151 0.7962224709401948 0.2145890247018151 0.7962224709401948 0.23114109981824893 0.4984748869141519 0.23114109981824893
0 0.4989082895109876 0.23206065954693972 0.7728187307110737 0.23206065954693972 0.7728187307110737 0.26301917041286227 0.4989082895109876 0.26301917041286227
2 0.5617516660521465 0.27711908625278736 0.6831043931661087 0.27711908625278736 0.6831043931661087 0.29152552200227605 0.5617516660521465 0.29152552200227605
6 0.1331575096873806 0.39451457198517237 0.3742464389731081 0.39451457198517237 0.3742464389731081 0.4368700319506703 0.1331575096873806 0.4368700319506703
6 0.1354609071009385 0.4455583314307724 0.3650328493188766 0.4455583314307724 0.3650328493188766 0.4857417165262447 0.1354609071009385 0.4857417165262447
6 0.13008631313597008 0.4928009598538276 0.37040744328384495 0.4928009598538276 0.37040744328384495 0.5346134011018191 0.13008631313597008 0.5346134011018191
6 0.1354609071009385 0.5416726444294021 0.3719430415595502 0.5416726444294021 0.3719430415595502 0.5840281043949 0.1354609071009385 0.5840281043949
9 0.40035160966009786 0.39451457198517237 0.44411616051769803 0.39451457198517237 0.44411616051769803 0.4097190960753512 0.40035160966009786 0.4097190960753512
9 0.40111940879795044 0.44610135014827873 0.4471873570691085 0.44610135014827873 0.4471873570691085 0.4645639865434957 0.40111940879795044 0.4645639865434957
9 0.3965126139708346 0.4928009598538276 0.4441161605176979 0.4928009598538276 0.4441161605176979 0.5123496336840575 0.3965126139708346 0.5123496336840575
9 0.3965126139708346 0.5438447192994276 0.4471873570691085 0.5438447192994276 0.4471873570691085 0.5595922621071127 0.3965126139708346 0.5595922621071127
10 0.45771935765692134 0.39395265939584484 0.5083941007551953 0.39395265939584484 0.5083941007551953 0.4135013332260747 0.45771935765692134 0.4135013332260747
10 0.4615583533461845 0.4455394375589511 0.504555105065932 0.4455394375589511 0.504555105065932 0.462373017801649 0.4615583533461845 0.462373017801649
10 0.45771935765692134 0.49441112213452554 0.5114652973066058 0.49441112213452554 0.5114652973066058 0.5112447023772234 0.45771935765692134 0.5112447023772234
10 0.4600227550704793 0.5443688441451128 0.5114652973066058 0.5443688441451128 0.5114652973066058 0.5601163869527979 0.4600227550704793 0.5601163869527979
7 0.5682824335077009 0.39286662196083216 0.622796172295238 0.39286662196083216 0.622796172295238 0.4140443519435809 0.5682824335077009 0.4140443519435809
7 0.565979036094143 0.4449964188414448 0.626635167984501 0.4449964188414448 0.626635167984501 0.46345905523666175 0.565979036094143 0.46345905523666175
7 0.5644434378184376 0.49332508469951286 0.6220283731573855 0.49332508469951286 0.6220283731573855 0.5112447023772235 0.5644434378184376 0.5112447023772235
7 0.5736570274726693 0.5427397879925936 0.625099569708796 0.5427397879925936 0.625099569708796 0.5606594056703043 0.5736570274726693 0.5606594056703043
8 0.6634895266014277 0.39395265939584484 0.7279846541810491 0.39395265939584484 0.7279846541810491 0.41513038937859376 0.6634895266014277 0.41513038937859376
8 0.6680963214285434 0.4444534001239384 0.7264490559053438 0.4444534001239384 0.7264490559053438 0.462373017801649 0.6680963214285434 0.462373017801649
8 0.6619539283257222 0.49386810341701914 0.7226100602160807 0.49386810341701914 0.7226100602160807 0.510701683659717 0.6619539283257222 0.510701683659717
8 0.6757743128070699 0.5411107477964725 0.7249134576296384 0.5411107477964725 0.7249134576296384 0.5617454590617149 0.6757743128070699 0.5617454590617149
11 0.7625356153844176 0.3950386968308577 0.814745956758397 0.3950386968308577 0.814745956758397 0.41404435194358097 0.7625356153844176 0.41404435194358097
11 0.7602322179708597 0.443910381406432 0.8101391619312811 0.443910381406432 0.8101391619312811 0.4629160365191554 0.7602322179708597 0.4629160365191554
11 0.7640712136601229 0.49332508469951286 0.8170493541719549 0.49332508469951286 0.8170493541719549 0.5123307398122362 0.7640712136601229 0.5123307398122362
11 0.7633034145222701 0.5416537505575808 0.8147459567583969 0.5416537505575808 0.8147459567583969 0.5617454431053168 0.7633034145222701 0.5617454431053168
5 0.8585105076159971 0.39395265939584484 0.9130242464035342 0.39395265939584484 0.9130242464035342 0.41295831450856835 0.8585105076159971 0.41295831450856835
5 0.8554393110645865 0.44336734274342804 0.9137920455413868 0.44336734274342804 0.9137920455413868 0.4618299791386451 0.8554393110645865 0.4618299791386451
5 0.8516003153753233 0.4916960125905955 0.9130242464035342 0.4916960125905955 0.9130242464035342 0.512330723855838 0.8516003153753233 0.512330723855838
5 0.8631173024431128 0.5432828067101 0.9137920455413868 0.5432828067101 0.9137920455413868 0.5617454431053169 0.8631173024431128 0.5617454431053169
19 0.3970632257665631 0.6681771117365679 0.4469701697269844 0.6681771117365679 0.4469701697269844 0.6860967294142786 0.3970632257665631 0.6860967294142786
17 0.5660301791947152 0.6932562515321269 0.6489524860828 0.6932562515321269 0.6489524860828 0.7095468130573181 0.5660301791947152 0.7095468130573181
18 0.6788966524590527 0.6921702140971139 0.7610511602092846 0.6921702140971139 0.7610511602092846 0.709546813057318 0.6788966524590527 0.709546813057318
16 0.8355276765809905 0.6910841886293998 0.914610987779812 0.6910841886293998 0.914610987779812 0.7122619186121488 0.8355276765809905 0.7122619186121488
