4 0.2072714201633622 0.02501803713947991 0.32450638631911 0.02501803713947991 0.32450638631911 0.04889707530861736 0.2072714201633622 0.04889707530861736
3 0.4783186619154512 0.05884667454575797 0.6002430267174289 0.05884667454575797 0.6002430267174289 0.08007248625165794 0.4783186619154512 0.08007248625165794
14 0.08253341617364647 0.2153870358767702 0.2063335404341162 0.2153870358767702 0.2063335404341162 0.23130639465619512 0.08253341617364647 0.23130639465619512
1 0.5008277754173548 0.21671364910838892 0.6302551780533002 0.21671364910838892 0.6302551780533002 0.23130639465619515 0.5008277754173548 0.23130639465619515
13 0.07878189725666251 0.2279898615771483 0.34701549982101354 0.2279898615771483 0.34701549982101354 0.2704414849889482 0.07878189725666251 0.2704414849889482
0 0.48863533893715677 0.2313063946561951 0.6837143226203212 0.2313063946561951 0.6837143226203212 0.2604918857518076 0.48863533893715677 0.2604918857518076
15 0.14630923776237328 0.27641124453123256 0.26823360256435097 0.27641124453123256 0.26823360256435097 0.28967737684742006 0.14630923776237328 0.28967737684742006
12 0.13224104182368354 0.29100399007903877 0.3910958470955747 0.29100399007903877 0.3910958470955747 0.30626004224265435 0.13224104182368354 0.30626004224265435
2 0.5664793564645735 0.27707455114704194 0.6790249239740915 0.27707455114704194 0.6790249239740915 0.2929939099264669 0.5664793564645735 0.2929939099264669
6 0.13411680128217568 0.3910650776584206 0.3321970000989272 0.3910650776584206 0.3321970000989272 0.424628392418375 0.13411680128217568 0.424628392418375
6 0.13618013668651682 0.42900621608271683 0.32807032929024493 0.42900621608271683 0.32807032929024493 0.45673243262354857 0.13618013668651682 0.45673243262354857
6 0.14133847519736975 0.4713251781713549 0.37552704359009165 0.4713251781713549 0.37552704359009165 0.5099959538730414 0.14133847519736975 0.5099959538730414
6 0.14546514600605207 0.5180219639243347 0.3198169876728802 0.5180219639243347 0.3198169876728802 0.5340739840269216 0.14546514600605207 0.5340739840269216
6 0.1423701428995403 0.5457481804651667 0.367273701972727 0.5457481804651667 0.367273701972727 0.5712854851738275 0.1423701428995403 0.5712854851738275
9 0.4054454069530385 0.3910650776584206 0.45083878584854403 0.3910650776584206 0.45083878584854403 0.4144134705349106 0.4054454069530385 0.4144134705349106
9 0.40441373925086793 0.42900621608271683 0.43949044112466773 0.42900621608271683 0.43949044112466773 0.44870642257225524 0.40441373925086793 0.44870642257225524
9 0.4013187361443562 0.4662177172296227 0.43949044112466773 0.4662177172296227 0.43949044112466773 0.4837290118869902 0.4013187361443562 0.4837290118869902
9 0.40441373925086793 0.5180219639243347 0.43845877342249717 0.5180219639243347 0.43845877342249717 0.5355332585817023 0.40441373925086793 0.5355332585817023
9 0.40235040384652687 0.5428296313556054 0.44568044733769124 0.5428296313556054 0.44568044733769124 0.5588816514581922 0.40235040384652687 0.5588816514581922
10 0.4663138013811029 0.3983614504323237 0.507580509467926 0.3983614504323237 0.507580509467926 0.41076528414795904 0.4663138013811029 0.41076528414795904
10 0.46321879827459106 0.42827657880532655 0.5055171740635848 0.42827657880532655 0.5055171740635848 0.44797678529486495 0.46321879827459106 0.44797678529486495
10 0.46321879827459106 0.4691362663391839 0.5117071802766084 0.4691362663391839 0.5117071802766084 0.48591792371916115 0.46321879827459106 0.48591792371916115
10 0.46321879827459106 0.5209405130338961 0.5055171740635848 0.5209405130338961 0.5055171740635848 0.5355332585817023 0.46321879827459106 0.5355332585817023
10 0.46321879827459106 0.5450185431877763 0.5003588355527319 0.5450185431877763 0.5003588355527319 0.5574223769034117 0.46321879827459106 0.5574223769034117
7 0.5694805715981609 0.39617253860015283 0.6169372858980078 0.39617253860015283 0.6169372858980078 0.4136838332575203 0.5694805715981609 0.4136838332575203
7 0.5653539007894786 0.43338403974705864 0.6169372858980077 0.43338403974705864 0.6169372858980077 0.4494360598496456 0.5653539007894786 0.4494360598496456
7 0.5581322268742845 0.4713251781713549 0.6169372858980076 0.4713251781713549 0.6169372858980076 0.48445864916438053 0.5581322268742845 0.48445864916438053
7 0.5797972486198667 0.5194812384791154 0.6200322890045195 0.5194812384791154 0.6200322890045195 0.5326147094721411 0.5797972486198667 0.5326147094721411
7 0.5715439070025021 0.5413703568008248 0.6231272921110312 0.5413703568008248 0.6231272921110312 0.5603409260129729 0.5715439070025021 0.5603409260129729
8 0.6612989970913423 0.39398362676798176 0.7199794047821553 0.39398362676798176 0.7199794047821553 0.4113351995843524 0.6612989970913423 0.4113351995843524
8 0.6736790095173896 0.4231691178635943 0.7180407207107246 0.4231691178635943 0.7180407207107246 0.45089533440442614 0.6736790095173896 0.45089533440442614
8 0.665425667900025 0.4691362663391839 0.7262940623280892 0.4691362663391839 0.7262940623280892 0.48591792371916115 0.665425667900025 0.48591792371916115
8 0.6736790095173896 0.5165626893695542 0.7190723884128952 0.5165626893695542 0.7190723884128952 0.5384518076912636 0.6736790095173896 0.5384518076912636
8 0.6726473418152191 0.544288905910386 0.7231990592215775 0.544288905910386 0.7231990592215775 0.5574223769034117 0.6726473418152191 0.5574223769034117
11 0.7685924381170831 0.3939836267679819 0.8067641430973947 0.3939836267679819 0.8067641430973947 0.4144134705349107 0.7685924381170831 0.4144134705349107
11 0.7706557735214244 0.43338403974705886 0.8108908139060769 0.43338403974705886 0.8108908139060769 0.44943605984964574 0.7706557735214244 0.44943605984964574
11 0.7716874412235949 0.47132517817135494 0.8129541493104181 0.47132517817135494 0.8129541493104181 0.48664756099655154 0.7716874412235949 0.48664756099655154
11 0.7727191089257655 0.5180219639243347 0.8047008076930535 0.5180219639243347 0.8047008076930535 0.5333443467495314 0.7727191089257655 0.5333443467495314
11 0.7685924381170831 0.5391814449686538 0.8088274785017358 0.5391814449686538 0.8088274785017358 0.5603409260129728 0.7685924381170831 0.5603409260129728
5 0.848030851184218 0.39617253860015283 0.9058042425057704 0.39617253860015283 0.9058042425057704 0.41295419598013 0.848030851184218 0.41295419598013
5 0.8666008698232885 0.42900621608271683 0.9130259164209645 0.42900621608271683 0.9130259164209645 0.45162497168181637 0.8666008698232885 0.45162497168181637
5 0.8562841928015824 0.4713251781713549 0.9130259164209645 0.4713251781713549 0.9130259164209645 0.48591792371916115 0.8562841928015824 0.48591792371916115
5 0.8635058667167773 0.5136441402599929 0.9109625810166232 0.5136441402599929 0.9109625810166232 0.5311554349173604 0.8635058667167773 0.5311554349173604
5 0.8676325375254589 0.5428296313556054 0.9130259164209645 0.5428296313556054 0.9130259164209645 0.5596112887355825 0.8676325375254589 0.5596112887355825
19 0.3982237330378445 0.6559234093511037 0.4467121150398618 0.6559234093511037 0.4467121150398618 0.6734347040084712 0.3982237330378445 0.6734347040084712
17 0.5674172361938198 0.6821903513371547 0.6437606461544428 0.6821903513371547 0.6437606461544428 0.7004312832719125 0.5674172361938198 0.7004312832719125
18 0.6870906896456072 0.6800014395049839 0.7593074287975479 0.6800014395049839 0.7593074287975479 0.6989720087171319 0.6870906896456072 0.6989720087171319
16 0.8346191710560003 0.6785421649502033 0.911994248718794 0.6785421649502033 0.911994248718794 0.7004312832719125 0.8346191710560003 0.7004312832719125
