4 0.2071650190821329 0.02662270950259043 0.3297728875184972 0.02662270950259043 0.3297728875184972 0.04904855301229878 0.2071650190821329 0.04904855301229878
3 0.47795172348141596 0.055894420184294386 0.5938392784298177 0.055894420184294386 0.5938392784298177 0.07607562003692449 0.47795172348141596 0.07607562003692449
14 0.08346815703896697 0.21355138185413114 0.16738472321014633 0.21355138185413114 0.16738472321014633 0.23122022825571956 0.08346815703896697 0.23122022825571956
13 0.08154640361519949 0.23303241763024143 0.30126687839927985 0.23303241763024143 0.30126687839927985 0.264292684340744 0.08154640361519949 0.264292684340744
15 0.14304251317575845 0.2747127732442448 0.26347239439851966 0.2747127732442448 0.26347239439851966 0.2919285723022028 0.14304251317575845 0.2919285723022028
12 0.13407433053151024 0.29147552495857226 0.3806993532483351 0.29147552495857226 0.3806993532483351 0.3077852293292692 0.13407433053151024 0.3077852293292692
1 0.4966451431489724 0.21355138185413114 0.6401360654569431 0.21355138185413114 0.6401360654569431 0.23031413356845856 0.4966451431489724 0.23031413356845856
0 0.49408280525061565 0.23303241763024143 0.6747276270847574 0.23303241763024143 0.6747276270847574 0.25930916356080874 0.49408280525061565 0.25930916356080874
2 0.565828266404601 0.27561886793150575 0.6753682115593467 0.27561886793150575 0.6753682115593467 0.29147552495857226 0.565828266404601 0.29147552495857226
6 0.1379178373790452 0.39703555602447227 0.35187305189182316 0.39703555602447227 0.35187305189182316 0.4364506749203233 0.1379178373790452 0.4364506749203233
6 0.141069512994024 0.4456808903295731 0.3565493185563241 0.4456808903295731 0.3565493185563241 0.4846021876208669 0.141069512994024 0.4846021876208669
6 0.14261972742252974 0.49337318419355286 0.3596497474133356 0.49337318419355286 0.3596497474133356 0.5328426687706396 0.14261972742252974 0.5328426687706396
6 0.13641886970850672 0.5465473509154614 0.36119996184184144 0.5465473509154614 0.36119996184184144 0.5810831499204122 0.13641886970850672 0.5810831499204122
6 0.14261972742252974 0.590950521064684 0.35422399691356543 0.590950521064684 0.35422399691356543 0.6320645674991493 0.14261972742252974 0.6320645674991493
6 0.14261972742252974 0.6435765005007994 0.35809953298483 0.6435765005007994 0.35809953298483 0.6781122995057504 0.14261972742252974 0.6781122995057504
9 0.40693128748276114 0.3968922218940076 0.4387106832671292 0.3968922218940076 0.4387106832671292 0.41004871675303645 0.40693128748276114 0.41004871675303645
9 0.40693128748276114 0.4440363284721945 0.44103600490988787 0.4440363284721945 0.44103600490988787 0.46157832161756635 0.40693128748276114 0.46157832161756635
9 0.4046059658400026 0.4939213714793458 0.44413643376689943 0.4939213714793458 0.44413643376689943 0.5092706154815462 0.4046059658400026 0.5092706154815462
9 0.4046059658400026 0.5449027890580828 0.44181111212414076 0.5449027890580828 0.44181111212414076 0.556962909345526 0.4046059658400026 0.556962909345526
9 0.40383085862574963 0.594787832065234 0.446461755409658 0.594787832065234 0.446461755409658 0.6073961396384701 0.40383085862574963 0.6073961396384701
9 0.40770639469701414 0.6435765005007994 0.4449115409811522 0.6435765005007994 0.4449115409811522 0.6556366207882425 0.40770639469701414 0.6556366207882425
10 0.4635141141232213 0.39798859646559337 0.5030445820501181 0.39798859646559337 0.5030445820501181 0.4111450913246223 0.4635141141232213 0.4111450913246223
10 0.45963857805195685 0.4440363284721945 0.5007192604073595 0.4440363284721945 0.5007192604073595 0.4604819470459806 0.45963857805195685 0.4604819470459806
10 0.4642892213374739 0.49611412062251714 0.5014943676216121 0.49611412062251714 0.5014943676216121 0.5059814917667886 0.4642892213374739 0.5059814917667886
10 0.4650643285517272 0.5465473509154614 0.49994415319310664 0.5465473509154614 0.49994415319310664 0.5580592839171117 0.4650643285517272 0.5580592839171117
10 0.46583943576597986 0.5953360193510269 0.5022694748358653 0.5953360193510269 0.5022694748358653 0.6062997650668842 0.46583943576597986 0.6062997650668842
10 0.4635141141232213 0.6435765005007994 0.5007192604073595 0.6435765005007994 0.5007192604073595 0.6600221190745855 0.4635141141232213 0.6600221190745855
7 0.5704789096901185 0.3946994727508361 0.617760449759544 0.3946994727508361 0.617760449759544 0.41278965318200084 0.5704789096901185 0.41278965318200084
7 0.5751295529756357 0.4429399539006088 0.6177604497595441 0.4429399539006088 0.6177604497595441 0.458837385188602 0.5751295529756357 0.458837385188602
7 0.5503261221195437 0.49666230790831006 0.6200857714023028 0.49666230790831006 0.6200857714023028 0.5092706154815462 0.5503261221195437 0.5092706154815462
7 0.5712540169043714 0.5443546017722899 0.6169853425452912 0.5443546017722899 0.6169853425452912 0.5580592839171117 0.5712540169043714 0.5580592839171117
7 0.5495510149052908 0.5925950829220625 0.6200857714023028 0.5925950829220625 0.6200857714023028 0.6079443269242628 0.5495510149052908 0.6079443269242628
7 0.57357933854713 0.6380946276428708 0.6154351281167855 0.6380946276428708 0.6154351281167855 0.6561848080740355 0.57357933854713 0.6561848080740355
8 0.6743432764000041 0.3968922218940076 0.7192994948266711 0.3968922218940076 0.7192994948266711 0.41114509132462224 0.6743432764000041 0.41114509132462224
8 0.6743432764000041 0.44348814118640173 0.7200746020409239 0.44348814118640173 0.7200746020409239 0.45719282333122346 0.6743432764000041 0.45719282333122346
8 0.6456643094726477 0.49446955876513865 0.7223999236836824 0.49446955876513865 0.7223999236836824 0.5070778663383746 0.6456643094726477 0.5070778663383746
8 0.6782188124712686 0.543806414486497 0.7231750308979356 0.543806414486497 0.7231750308979356 0.5575110966313188 0.6782188124712686 0.5575110966313188
8 0.6456643094726477 0.590950521064684 0.7208497092551769 0.590950521064684 0.7208497092551769 0.6057515777810916 0.6456643094726477 0.6057515777810916
8 0.6774437052570157 0.641383751357628 0.7208497092551769 0.641383751357628 0.7208497092551769 0.6561848080740355 0.6774437052570157 0.6561848080740355
11 0.7720067853958668 0.39579584732242185 0.8099870388942578 0.39579584732242185 0.8099870388942578 0.41224146589620797 0.7720067853958668 0.41224146589620797
11 0.7696814637531082 0.446229077615366 0.8123123605370165 0.446229077615366 0.8123123605370165 0.46157832161756635 0.7696814637531082 0.46157832161756635
11 0.7727818926101196 0.49611412062251714 0.8107621461085106 0.49611412062251714 0.8107621461085106 0.5136561137678891 0.7727818926101196 0.5136561137678891
11 0.7696814637531082 0.5443546017722899 0.8123123605370165 0.5443546017722899 0.8123123605370165 0.5591556584886973 0.7696814637531082 0.5591556584886973
11 0.7689063565388552 0.5920468956362697 0.8138625749655222 0.5920468956362697 0.8138625749655222 0.6106852633532273 0.7689063565388552 0.6106852633532273
11 0.7689063565388552 0.6424801259292137 0.8092119316800048 0.6424801259292137 0.8092119316800048 0.658377557217207 0.7689063565388552 0.658377557217207
5 0.8634694366777064 0.3946994727508361 0.9092007623186262 0.3946994727508361 0.9092007623186262 0.4105969040388294 0.8634694366777064 0.4105969040388294
5 0.8650196511062122 0.44348814118640173 0.9123011911756376 0.44348814118640173 0.9123011911756376 0.458837385188602 0.8650196511062122 0.458837385188602
5 0.8386660058216144 0.49446955876513865 0.911526083961385 0.49446955876513865 0.911526083961385 0.5131079264820964 0.8386660058216144 0.5131079264820964
5 0.8650196511062122 0.5443546017722898 0.9068754406758677 0.5443546017722898 0.9068754406758677 0.5580592839171115 0.8650196511062122 0.5580592839171115
5 0.8371157913931085 0.5925950829220625 0.9084256551043732 0.5925950829220625 0.9084256551043732 0.6095888887816413 0.8371157913931085 0.6095888887816413
5 0.8634694366777064 0.6424801259292137 0.909975869532879 0.6424801259292137 0.909975869532879 0.6567329953598285 0.8634694366777064 0.6567329953598285
19 0.395614722154669 0.7651626762568234 0.43995085480993357 0.7651626762568234 0.43995085480993357 0.7820468446592438 0.395614722154669 0.7820468446592438
17 0.5431176250269917 0.7910919348748263 0.6454317773083716 0.7910919348748263 0.6454317773083716 0.8085791092916189 0.5431176250269917 0.8085791092916189
18 0.6693050795073603 0.7880769048029655 0.7511564013324642 0.7880769048029655 0.7511564013324642 0.8097851213203632 0.6693050795073603 0.8097851213203632
16 0.8185132182510394 0.7910919348748263 0.9114485732399593 0.7910919348748263 0.9114485732399593 0.812197145377852 0.8185132182510394 0.812197145377852
