4 0.21175027438057764 0.0279224939816039 0.327127026446918 0.0279224939816039 0.327127026446918 0.04712228752084801 0.21175027438057764 0.04712228752084801
3 0.4805102380174647 0.058642163644394486 0.6026738578524133 0.058642163644394486 0.6026738578524133 0.07496198815275197 0.4805102380174647 0.07496198815275197
14 0.08008503966957745 0.21128052228138522 0.30676642314109326 0.21128052228138522 0.30676642314109326 0.23048031582062933 0.08008503966957745 0.23048031582062933
13 0.08551453388446405 0.23432027452847815 0.25111410743850554 0.23432027452847815 0.25111410743850554 0.25736002677557107 0.08551453388446405 0.25736002677557107
15 0.14523897024821672 0.275599830637853 0.2579009752071138 0.275599830637853 0.2579009752071138 0.2890396861153239 0.14523897024821672 0.2890396861153239
12 0.1370947289258868 0.2938396345001349 0.3800645950420624 0.2938396345001349 0.3800645950420624 0.30727948997760574 0.1370947289258868 0.30727948997760574
1 0.4995134677695678 0.21704046034315844 0.6325360760342896 0.21704046034315844 0.6325360760342896 0.22856033646670482 0.4995134677695678 0.22856033646670482
0 0.5022282148770111 0.23144030549759148 0.6881883917368773 0.23144030549759148 0.6881883917368773 0.2592800061294955 0.5022282148770111 0.2592800061294955
2 0.5646673983482069 0.2775198099917773 0.6800441504145474 0.2775198099917773 0.6800441504145474 0.2938396345001348 0.5646673983482069 0.2938396345001348
6 0.14246813332450392 0.3978947527365613 0.35897482412473425 0.3978947527365613 0.35897482412473425 0.4343902280590914 0.14246813332450392 0.4343902280590914
6 0.14022454067372433 0.4478776863304613 0.35673123147395475 0.4478776863304613 0.35673123147395475 0.47088570338162156 0.14022454067372433 0.47088570338162156
6 0.1458335223006733 0.4843731616529915 0.3556094351485649 0.4843731616529915 0.3556094351485649 0.5097613183990993 0.1458335223006733 0.5097613183990993
6 0.1435899296498937 0.5192818771788899 0.2939106372521262 0.5192818771788899 0.2939106372521262 0.535942855043523 0.1435899296498937 0.535942855043523
6 0.1447117259752835 0.5478435535182612 0.3376606939423281 0.5478435535182612 0.3376606939423281 0.5827522690441596 0.1447117259752835 0.5827522690441596
9 0.4004812881641567 0.3955146130416136 0.44647493750513834 0.3955146130416136 0.44647493750513834 0.4105888311096152 0.4004812881641567 0.4105888311096152
9 0.4016030844895464 0.4423240270422501 0.4453531411797484 0.4423240270422501 0.4453531411797484 0.45660486521193583 0.4016030844895464 0.45660486521193583
9 0.40496847346571585 0.48357978175467553 0.44647493750513834 0.48357978175467553 0.44647493750513834 0.49706724002604535 0.40496847346571585 0.49706724002604535
9 0.39823769551337695 0.5192818771788897 0.4475967338305279 0.5192818771788897 0.4475967338305279 0.5335627153485755 0.39823769551337695 0.5335627153485755
9 0.4004812881641567 0.5462567937216294 0.44198775220357905 0.5462567937216294 0.44198775220357905 0.5581574921963677 0.4004812881641567 0.5581574921963677
10 0.46218008606059535 0.3955146130416136 0.5014429574492383 0.3955146130416136 0.5014429574492383 0.412175590906247 0.46218008606059535 0.412175590906247
10 0.46218008606059535 0.443117406940566 0.5070519390761871 0.443117406940566 0.5070519390761871 0.4589850049068834 0.46218008606059535 0.4589850049068834
10 0.46330188238598513 0.4851665415513073 0.5003211611238484 0.4851665415513073 0.5003211611238484 0.49548048022941366 0.46330188238598513 0.49548048022941366
10 0.46442367871137497 0.517695117382258 0.4980775684730688 0.517695117382258 0.4980775684730688 0.5335627153485755 0.46442367871137497 0.5335627153485755
10 0.46218008606059535 0.5478435535182612 0.5025647537746278 0.5478435535182612 0.5025647537746278 0.5597442519929993 0.46218008606059535 0.5597442519929993
7 0.5698725332980157 0.3955146130416136 0.6237187569167256 0.3955146130416136 0.6237187569167256 0.4097954512112993 0.5698725332980157 0.4097954512112993
7 0.5799687002265238 0.4454975466355136 0.6192315716151666 0.4454975466355136 0.6192315716151666 0.4581916250085676 0.5799687002265238 0.4581916250085676
7 0.5743597185995748 0.4819930219580438 0.618109775289777 0.4819930219580438 0.618109775289777 0.49548048022941366 0.5743597185995748 0.49548048022941366
7 0.5687507369726259 0.5184884972805739 0.6169879789643871 0.5184884972805739 0.6169879789643871 0.5319759555519438 0.5687507369726259 0.5319759555519438
7 0.5721161259487952 0.5446700339249977 0.6225969605913361 0.5446700339249977 0.6225969605913361 0.5573641122980517 0.5721161259487952 0.5573641122980517
8 0.671955998908487 0.3955146130416136 0.7246804262018073 0.3955146130416136 0.7246804262018073 0.4097954512112993 0.671955998908487 0.4097954512112993
8 0.6697124062577073 0.4447041667371977 0.7246804262018073 0.4447041667371977 0.7246804262018073 0.45898500490688354 0.6697124062577073 0.45898500490688354
8 0.6753213878846563 0.48357978175467553 0.7190714445748584 0.48357978175467553 0.7190714445748584 0.4962738601277295 0.6753213878846563 0.4962738601277295
8 0.6708342025830971 0.5169017374839422 0.720193240900248 0.5169017374839422 0.720193240900248 0.5327693354502597 0.6708342025830971 0.5327693354502597
8 0.6708342025830971 0.5446700339249977 0.7145842592732992 0.5446700339249977 0.7145842592732992 0.5589508720946834 0.6708342025830971 0.5589508720946834
11 0.7684304828920093 0.3955146130416136 0.8121805395822114 0.3955146130416136 0.8121805395822114 0.4113822110079311 0.7684304828920093 0.4113822110079311
11 0.7639432975904501 0.44391078683888185 0.8155459285583806 0.44391078683888185 0.8155459285583806 0.45660486521193594 0.7639432975904501 0.45660486521193594
11 0.7684304828920093 0.4819930219580438 0.8099369469314316 0.4819930219580438 0.8099369469314316 0.49706724002604535 0.7684304828920093 0.49706724002604535
11 0.7684304828920093 0.5169017374839422 0.8099369469314316 0.5169017374839422 0.8099369469314316 0.5343560952468914 0.7684304828920093 0.5343560952468914
11 0.7673086865666194 0.543083274128366 0.813302335907601 0.543083274128366 0.813302335907601 0.5597442519929994 0.7673086865666194 0.5597442519929994
5 0.8649049668755316 0.3971013728382454 0.9097768198911235 0.3971013728382454 0.9097768198911235 0.412175590906247 0.8649049668755316 0.412175590906247
5 0.8649049668755316 0.443117406940566 0.9142640051926828 0.443117406940566 0.9142640051926828 0.4581916250085675 0.8649049668755316 0.4581916250085675
5 0.862661374224752 0.4827864018563596 0.9108986162165132 0.4827864018563596 0.9108986162165132 0.49548048022941366 0.862661374224752 0.49548048022941366
5 0.8615395778993623 0.5184884972805739 0.9108986162165132 0.5184884972805739 0.9108986162165132 0.5327693354502596 0.8615395778993623 0.5327693354502596
5 0.8637831705501418 0.5446700339249977 0.9097768198911232 0.5446700339249977 0.9097768198911232 0.5605376318913152 0.8637831705501418 0.5605376318913152
19 0.39599410286259745 0.667643918163958 0.4397441595527995 0.667643918163958 0.4397441595527995 0.6858916558252229 0.39599410286259745 0.6858916558252229
17 0.5680368665837414 0.6931697646037246 0.6435031648372367 0.6931697646037246 0.6435031648372367 0.7104798714760708 0.5680368665837414 0.7104798714760708
18 0.6863353881703014 0.6946122735097536 0.753643167693689 0.6946122735097536 0.753643167693689 0.7090373625700421 0.6863353881703014 0.7090373625700421
16 0.8372679846772918 0.6910060012446813 0.914773912613314 0.6910060012446813 0.914773912613314 0.7097586170230566 0.8372679846772918 0.7097586170230566
