4 0.20745153514198258 0.019305019305019305 0.3384735573369189 0.019305019305019305 0.3384735573369189 0.05405405405405405 0.20745153514198258 0.05405405405405405
3 0.47222520499424986 0.05019305019305019 0.6114361035763697 0.05019305019305019 0.6114361035763697 0.0888030888030888 0.47222520499424986 0.0888030888030888
14 0.07287995410333607 0.21111575510182193 0.18135244393155722 0.21111575510182193 0.18135244393155722 0.22909610229465457 0.07287995410333607 0.22909610229465457
13 0.07457483675690202 0.23149348192036562 0.38473836235947173 0.23149348192036562 0.38473836235947173 0.2674541763060309 0.07457483675690202 0.2674541763060309
15 0.14745479086023808 0.272248935557453 0.26270681130272305 0.272248935557453 0.26270681130272305 0.29022928275028564 0.14745479086023808 0.29022928275028564
12 0.13389572963171045 0.2914279725631412 0.39999230624156534 0.2914279725631412 0.39999230624156534 0.3189978382588179 0.13389572963171045 0.3189978382588179
1 0.5011677184306447 0.2149361392827983 0.6663927568407474 0.2149361392827983 0.6663927568407474 0.2305662726380496 0.5011677184306447 0.2305662726380496
0 0.4990629408712803 0.23205485676712118 0.7484790816559578 0.23205485676712118 0.7484790816559578 0.26182653934855216 0.4990629408712803 0.26182653934855216
2 0.5632586564318935 0.2744795044456604 0.6842833660953447 0.2744795044456604 0.6842833660953447 0.29457539018812634 0.5632586564318935 0.29457539018812634
6 0.1389803775924083 0.39438875193190287 0.3610100052095485 0.39438875193190287 0.3610100052095485 0.43874027500755675 0.1389803775924083 0.43874027500755675
6 0.13050596432457853 0.4435350342589788 0.36609465317024625 0.4435350342589788 0.36609465317024625 0.48429048789606616 0.13050596432457853 0.48429048789606616
6 0.13389572963171045 0.49268131658605474 0.3677895358238123 0.49268131658605474 0.3677895358238123 0.5346354600359977 0.13389572963171045 0.5346354600359977
6 0.13389572963171045 0.5394302192874199 0.3610100052095485 0.5394302192874199 0.3610100052095485 0.5825830525502182 0.13389572963171045 0.5825830525502182
6 0.1322008469781445 0.5933712608659177 0.3491458266345867 0.5933712608659177 0.3491458266345867 0.6329280246901496 0.1322008469781445 0.6329280246901496
6 0.13728549493884235 0.6389214737544272 0.3593151225559825 0.6389214737544272 0.3593151225559825 0.6808756172043702 0.13728549493884235 0.6808756172043702
9 0.3949076582808676 0.3907926824933363 0.4440592552342803 0.3907926824933363 0.4440592552342803 0.41716385837615755 0.3949076582808676 0.41716385837615755
9 0.3949076582808676 0.4447337240718343 0.45083878584854414 0.4447337240718343 0.45083878584854414 0.467508830516089 0.3949076582808676 0.467508830516089
9 0.3999923062415654 0.4950786962117658 0.4457541378878461 0.4950786962117658 0.4457541378878461 0.5154564230303096 0.3999923062415654 0.5154564230303096
9 0.3982974235879994 0.5382315294745642 0.4440592552342803 0.5382315294745642 0.4440592552342803 0.5610066359188189 0.3982974235879994 0.5610066359188189
9 0.3999923062415654 0.5885765016144958 0.4440592552342802 0.5885765016144958 0.4440592552342802 0.6149476774973169 0.3999923062415654 0.6149476774973169
9 0.3966025409344335 0.6365240941287162 0.4440592552342802 0.6365240941287162 0.4440592552342802 0.6592992005729709 0.3966025409344335 0.6592992005729709
10 0.46100808176993985 0.39438875193190287 0.5033801481090888 0.39438875193190287 0.5033801481090888 0.4195612380018686 0.46100808176993985 0.4195612380018686
10 0.46439784707707166 0.44113765463326776 0.5033801481090887 0.44113765463326776 0.5033801481090887 0.4687075203289446 0.46439784707707166 0.4687075203289446
10 0.46100808176993985 0.49268131658605474 0.5169392093376163 0.49268131658605474 0.5169392093376163 0.5190524924688761 0.46100808176993985 0.5190524924688761
10 0.4593131991163738 0.5442249785388418 0.5152443266840502 0.5442249785388418 0.5152443266840502 0.5693974646088075 0.4593131991163738 0.5693974646088075
10 0.46100808176993985 0.5921725710530622 0.5118545613769184 0.5921725710530622 0.5118545613769184 0.6161463673101726 0.46100808176993985 0.6161463673101726
10 0.4559234338092419 0.6389214737544272 0.5118545613769184 0.6389214737544272 0.5118545613769184 0.6581005107601154 0.4559234338092419 0.6581005107601154
7 0.566090806291029 0.3907926824933363 0.6169372858980076 0.3907926824933363 0.6169372858980076 0.41836254818901314 0.566090806291029 0.41836254818901314
7 0.5694805715981609 0.44113765463326776 0.6288014644729693 0.44113765463326776 0.6288014644729693 0.46631014070323357 0.5694805715981609 0.46631014070323357
7 0.566090806291029 0.49148262677319926 0.6220219338587054 0.49148262677319926 0.6220219338587054 0.516655112843165 0.566090806291029 0.516655112843165
7 0.5677856889445949 0.5370328396617087 0.6220219338587055 0.5370328396617087 0.6220219338587055 0.5646027053573855 0.5677856889445949 0.5646027053573855
7 0.5610061583303312 0.5909738812402068 0.6321912297801011 0.5909738812402068 0.6321912297801011 0.6161463673101725 0.5610061583303312 0.6161463673101725
7 0.564395923637463 0.6401201635672826 0.6237168165122715 0.6401201635672826 0.6237168165122715 0.6604978903858264 0.564395923637463 0.6604978903858264
8 0.6626991175442885 0.3919913723061918 0.7254097757262288 0.3919913723061918 0.7254097757262288 0.41716385837615755 0.6626991175442885 0.41716385837615755
8 0.6694786481585521 0.4447337240718343 0.7237148930726627 0.4447337240718343 0.7237148930726627 0.465111450890378 0.6694786481585521 0.465111450890378
8 0.6643940001978543 0.49148262677319926 0.7271046583797947 0.49148262677319926 0.7271046583797947 0.5130590434045985 0.6643940001978543 0.5130590434045985
8 0.6677837655049863 0.5406289091002753 0.7271046583797947 0.5406289091002753 0.7271046583797947 0.5670000849830965 0.6677837655049863 0.5670000849830965
8 0.6677837655049863 0.5885765016144958 0.7237148930726627 0.5885765016144958 0.7237148930726627 0.6125502978716059 0.6677837655049863 0.6125502978716059
8 0.6694786481585521 0.6365240941287162 0.7338841889940586 0.6365240941287162 0.7338841889940586 0.6652926496372483 0.6694786481585521 0.6652926496372483
11 0.7677818420653777 0.39319006211904733 0.8152385563652245 0.39319006211904733 0.8152385563652245 0.4171638583761575 0.7677818420653777 0.4171638583761575
11 0.759307428797548 0.4435350342589788 0.8169334390187901 0.4435350342589788 0.8169334390187901 0.465111450890378 0.759307428797548 0.465111450890378
11 0.7643920767582457 0.4902839369603438 0.8237129696330541 0.4902839369603438 0.8237129696330541 0.5142577332174539 0.7643920767582457 0.5142577332174539
11 0.7660869594118117 0.5406289091002753 0.8186283216723564 0.5406289091002753 0.8186283216723564 0.568198774795952 0.7660869594118117 0.568198774795952
11 0.7610023114511137 0.5933712608659177 0.8220180869794882 0.5933712608659177 0.8220180869794882 0.614947677497317 0.7610023114511137 0.614947677497317
11 0.7677818420653777 0.6365240941287162 0.8169334390187901 0.6365240941287162 0.8169334390187901 0.6640939598243929 0.7677818420653777 0.6640939598243929
5 0.8559157400508073 0.39319006211904733 0.9186263982327476 0.39319006211904733 0.9186263982327476 0.4171638583761575 0.8559157400508073 0.4171638583761575
5 0.8576106227043732 0.4399389648204123 0.9203212808863136 0.4399389648204123 0.9203212808863136 0.46750883051608905 0.8576106227043732 0.46750883051608905
5 0.8559157400508073 0.49148262677319926 0.9135417502720499 0.49148262677319926 0.9135417502720499 0.5142577332174539 0.8559157400508073 0.5142577332174539
5 0.8576106227043732 0.5406289091002753 0.9135417502720499 0.5406289091002753 0.9135417502720499 0.568198774795952 0.8576106227043732 0.568198774795952
5 0.8593055053579393 0.5837817423630737 0.9101519849649179 0.5837817423630737 0.9101519849649179 0.6089542284330394 0.8593055053579393 0.6089542284330394
5 0.8593055053579393 0.6365240941287162 0.9186263982327478 0.6365240941287162 0.9186263982327478 0.6628952700115374 0.8593055053579393 0.6628952700115374
19 0.38304347970590585 0.7587904550399783 0.44914390319497816 0.7587904550399783 0.44914390319497816 0.7863603207356549 0.38304347970590585 0.7863603207356549
17 0.5474470971018035 0.7827642512970886 0.6525298216228927 0.7827642512970886 0.6525298216228927 0.8103341169927655 0.5474470971018035 0.8103341169927655
18 0.679647944079948 0.7851616309227996 0.7728664900260754 0.7851616309227996 0.7728664900260754 0.8103341169927654 0.679647944079948 0.8103341169927654
16 0.8237129696330541 0.7851616309227996 0.9203212808863136 0.7851616309227996 0.9203212808863136 0.8103341169927654 0.8237129696330541 0.8103341169927654
