4 0.21003569726008714 0.029709154213356688 0.331256299678766 0.029709154213356688 0.331256299678766 0.04923231269641966 0.21003569726008714 0.04923231269641966
3 0.4812817977216855 0.057720642471664425 0.5989017881873344 0.057720642471664425 0.5989017881873344 0.07894146690977633 0.4812817977216855 0.07894146690977633
14 0.08161387093534817 0.21305707735864363 0.331256299678766 0.21305707735864363 0.331256299678766 0.23003373690913315 0.08161387093534817 0.23003373690913315
13 0.0804136669510048 0.2291849039316087 0.33965772756916945 0.2291849039316087 0.33965772756916945 0.2622893900550633 0.0804136669510048 0.2622893900550633
15 0.14642488608988932 0.2767195506729794 0.2604442646025081 0.2767195506729794 0.2604442646025081 0.2911497112908955 0.14642488608988932 0.2911497112908955
12 0.13442284624645578 0.29199854426842 0.38166486702118696 0.29199854426842 0.38166486702118696 0.3089752038189095 0.13442284624645578 0.3089752038189095
1 0.5016852654555225 0.21220824438111915 0.6061030120933943 0.21220824438111915 0.6061030120933943 0.23003373690913317 0.5016852654555225 0.23003373690913317
0 0.5028854694398658 0.23258023584170665 0.7201223906060131 0.23258023584170665 0.7201223906060131 0.26313822303258777 0.5028854694398658 0.26313822303258777
2 0.5616954646726903 0.27502188471793043 0.6805156591226824 0.27502188471793043 0.6805156591226824 0.29199854426842 0.5616954646726903 0.29199854426842
6 0.14042386616817257 0.3964050005039306 0.3456587474908863 0.3964050005039306 0.3456587474908863 0.43545131747005655 0.14042386616817257 0.43545131747005655
6 0.14162407015251594 0.44563731320035027 0.36726241920906666 0.44563731320035027 0.36726241920906666 0.48468363016647625 0.14162407015251594 0.48468363016647625
6 0.14162407015251594 0.493171959941721 0.35526037936563315 0.493171959941721 0.35526037936563315 0.5347647758404204 0.14162407015251594 0.5347647758404204
6 0.13802345819948583 0.5432531056156651 0.3648620112403799 0.5432531056156651 0.3648620112403799 0.5831482555593156 0.13802345819948583 0.5831482555593156
6 0.1392236621838292 0.5907877523570358 0.3792644590525002 0.5907877523570358 0.3792644590525002 0.6332294012332595 0.1392236621838292 0.6332294012332595
6 0.13802345819948583 0.6417177310085045 0.3648620112403799 0.6417177310085045 0.3648620112403799 0.6807640479746304 0.13802345819948583 0.6807640479746304
9 0.4032685387393673 0.3964050005039306 0.44287527022269807 0.3964050005039306 0.44287527022269807 0.4116839940993712 0.4032685387393673 0.4116839940993712
9 0.4008681307706807 0.4430908142677768 0.44407547420704147 0.4430908142677768 0.44407547420704147 0.4609163067957909 0.4008681307706807 0.4609163067957909
9 0.4032685387393673 0.49486962589676997 0.4464758821757281 0.49486962589676997 0.4464758821757281 0.507602120559637 0.4032685387393673 0.507602120559637
9 0.40566894670805403 0.5424042726381407 0.44407547420704135 0.5424042726381407 0.44407547420704135 0.5585320992111057 0.40566894670805403 0.5585320992111057
9 0.4008681307706807 0.5916365853345602 0.439274658269668 0.5916365853345602 0.439274658269668 0.6077644119075253 0.4008681307706807 0.6077644119075253
9 0.4032685387393673 0.6425665639860288 0.44287527022269807 0.6425665639860288 0.44287527022269807 0.6578455575814696 0.4032685387393673 0.6578455575814696
10 0.4608783299878484 0.39725383348145515 0.5064860813928959 0.39725383348145515 0.5064860813928959 0.4150793260094691 0.4608783299878484 0.4150793260094691
10 0.45847792201916165 0.4430908142677768 0.5040856734242092 0.4430908142677768 0.5040856734242092 0.46006747381826635 0.45847792201916165 0.46006747381826635
10 0.46207853397219184 0.49656729185181886 0.5064860813928959 0.49656729185181886 0.5064860813928959 0.5101486194922104 0.46207853397219184 0.5101486194922104
10 0.4632787379565351 0.5441019385931896 0.5040856734242092 0.5441019385931896 0.5040856734242092 0.5610785981436791 0.4632787379565351 0.5610785981436791
10 0.46207853397219184 0.5941830842671336 0.5016852654555224 0.5941830842671336 0.5016852654555224 0.6077644119075253 0.46207853397219184 0.6077644119075253
10 0.46207853397219184 0.6425665639860288 0.5064860813928959 0.6425665639860288 0.5064860813928959 0.6578455575814696 0.46207853397219184 0.6578455575814696
7 0.5496934248292568 0.3964050005039306 0.618105051936828 0.3964050005039306 0.618105051936828 0.40998632814432223 0.5496934248292568 0.40998632814432223
7 0.5736975045161238 0.4430908142677768 0.618105051936828 0.4430908142677768 0.618105051936828 0.46346280572836435 0.5736975045161238 0.46346280572836435
7 0.5700968925630937 0.49232312696419656 0.6193052559211712 0.49232312696419656 0.6193052559211712 0.507602120559637 0.5700968925630937 0.507602120559637
7 0.5616954646726903 0.5432531056156651 0.6193052559211712 0.5432531056156651 0.6193052559211712 0.5585320992111056 0.5616954646726903 0.5585320992111056
7 0.5688966885787503 0.5933342512896093 0.6217056638898582 0.5933342512896093 0.6217056638898582 0.6086132448850499 0.5688966885787503 0.6086132448850499
7 0.5628956686570337 0.6408688980309799 0.6169048479524848 0.6408688980309799 0.6169048479524848 0.6578455575814696 0.5628956686570337 0.6578455575814696
8 0.6373083156863216 0.3947073345488817 0.7273236145120733 0.3947073345488817 0.7273236145120733 0.41423049303194465 0.6373083156863216 0.41423049303194465
8 0.6601121913888455 0.44648614617787474 0.7189221866216698 0.44648614617787474 0.7189221866216698 0.46006747381826635 0.6601121913888455 0.46006747381826635
8 0.6589119874045021 0.493171959941721 0.7237230025590432 0.493171959941721 0.7237230025590432 0.5101486194922105 0.6589119874045021 0.5101486194922105
8 0.6601121913888455 0.5449507715707141 0.7213225945903564 0.5449507715707141 0.7213225945903564 0.5585320992111057 0.6601121913888455 0.5585320992111057
8 0.6589119874045021 0.5933342512896093 0.7213225945903563 0.5933342512896093 0.7213225945903563 0.6077644119075255 0.6589119874045021 0.6077644119075255
8 0.6625125993575322 0.6425665639860288 0.7201223906060134 0.6425665639860288 0.7201223906060134 0.655299058648896 0.6625125993575322 0.655299058648896
11 0.7681305499797475 0.39725383348145515 0.807737281463078 0.39725383348145515 0.807737281463078 0.41168399409937123 0.7681305499797475 0.41168399409937123
11 0.7693307539640908 0.44563731320035027 0.8101376894317647 0.44563731320035027 0.8101376894317647 0.46346280572836435 0.7693307539640908 0.46346280572836435
11 0.7705309579484342 0.49486962589676997 0.8053368734943915 0.49486962589676997 0.8053368734943915 0.5084509535371615 0.7705309579484342 0.5084509535371615
11 0.7681305499797475 0.5424042726381407 0.807737281463078 0.5424042726381407 0.807737281463078 0.5602297651661546 0.7681305499797475 0.5602297651661546
11 0.7705309579484342 0.5916365853345602 0.8113378934161083 0.5916365853345602 0.8113378934161083 0.6094620778625743 0.7705309579484342 0.6094620778625743
11 0.7681305499797475 0.6425665639860288 0.8089374854474214 0.6425665639860288 0.8089374854474214 0.6561478916264205 0.7681305499797475 0.6561478916264205
5 0.8317413611499452 0.39725383348145515 0.909754620132263 0.39725383348145515 0.909754620132263 0.4099863281443223 0.8317413611499452 0.4099863281443223
5 0.8557454408368124 0.44563731320035027 0.9097546201322633 0.44563731320035027 0.9097546201322633 0.4609163067957909 0.8557454408368124 0.4609163067957909
5 0.8569456448211558 0.49232312696419656 0.909754620132263 0.49232312696419656 0.909754620132263 0.5109974524697349 0.8569456448211558 0.5109974524697349
5 0.8509446248994389 0.5415554396606161 0.9121550281009498 0.5415554396606161 0.9121550281009498 0.5585320992111057 0.8509446248994389 0.5585320992111057
5 0.8545452368524689 0.5916365853345602 0.9109548241166063 0.5916365853345602 0.9109548241166063 0.6086132448850498 0.8545452368524689 0.6086132448850498
5 0.8545452368524689 0.6408688980309799 0.9109548241166063 0.6408688980309799 0.9109548241166063 0.6561478916264205 0.8545452368524689 0.6561478916264205
19 0.3996679267863373 0.7664961787046025 0.439274658269668 0.7664961787046025 0.439274658269668 0.7809263393225186 0.3996679267863373 0.7809263393225186
17 0.5376913849858231 0.7902635020752878 0.6493103555297554 0.7902635020752878 0.6493103555297554 0.8072401616257774 0.5376913849858231 0.8072401616257774
18 0.6613123953731888 0.7894146690977634 0.7549283061519704 0.7894146690977634 0.7549283061519704 0.8072401616257772 0.6613123953731888 0.8072401616257772
16 0.8113378934161082 0.7911123350528125 0.9145554360696365 0.7911123350528125 0.9145554360696365 0.8080889946033019 0.8113378934161082 0.8080889946033019
