4 0.20679937665972428 0.0295290836099528 0.3349477123125356 0.0295290836099528 0.3349477123125356 0.04920108157060418 0.20679937665972428 0.04920108157060418
3 0.4730300274733167 0.055524223772242136 0.6021717610769249 0.055524223772242136 0.6021717610769249 0.08151936393453148 0.4730300274733167 0.08151936393453148
14 0.075670847154522 0.21360277881319079 0.1839512237913936 0.21360277881319079 0.1839512237913936 0.23116706270662954 0.075670847154522 0.23116706270662954
13 0.07368405125292805 0.23186963406236713 0.3428948959189114 0.23186963406236713 0.3428948959189114 0.26770077320498215 0.07368405125292805 0.26770077320498215
15 0.14322190780871713 0.27472648676235767 0.2654098557567465 0.27472648676235767 0.2654098557567465 0.29158819930005886 0.14322190780871713 0.29158819930005886
12 0.13229453034995026 0.2922907706557964 0.4024987729667307 0.2922907706557964 0.4024987729667307 0.30844991183776005 0.13229453034995026 0.30844991183776005
1 0.49512727206212515 0.21559715444848454 0.6149918181913484 0.21559715444848454 0.6149918181913484 0.23185500400274187 0.49512727206212515 0.23185500400274187
0 0.49676925214608725 0.2330162789709031 0.7340353742785906 0.2330162789709031 0.7340353742785906 0.26379006562717594 0.49676925214608725 0.26379006562717594
2 0.5632694455465467 0.27482217782470775 0.6864179518436938 0.27482217782470775 0.6864179518436938 0.29456385228344883 0.5632694455465467 0.29456385228344883
6 0.13255077751080688 0.3961336574926597 0.3686702276012046 0.3961336574926597 0.3686702276012046 0.43836183815306834 0.13255077751080688 0.43836183815306834
6 0.13051526501002758 0.4441202264249423 0.3673132192673517 0.4441202264249423 0.3673132192673517 0.4858685413960282 0.13051526501002758 0.4858685413960282
9 0.3983754702460523 0.3959734133668979 0.4498515458782598 0.3959734133668979 0.4498515458782598 0.4113022429466263 0.3983754702460523 0.4113022429466263
9 0.39476311406133596 0.4438760058035489 0.44623918969354354 0.4438760058035489 0.44623918969354354 0.4649531464756754 0.39476311406133596 0.4649531464756754
10 0.45888243634005055 0.3959734133668979 0.509455422926079 0.3959734133668979 0.509455422926079 0.41449574910906967 0.45888243634005055 0.41449574910906967
10 0.4597855253862297 0.44323730457106036 0.5112616010184372 0.44323730457106036 0.5112616010184372 0.46559184770816425 0.4597855253862297 0.46559184770816425
7 0.566350032835361 0.3927799072044545 0.623244642744643 0.3927799072044545 0.623244642744643 0.413857047876581 0.566350032835361 0.413857047876581
7 0.5636407656968238 0.44579210950101505 0.6223415536984639 0.44579210950101505 0.6223415536984639 0.4649531464756754 0.5636407656968238 0.4649531464756754
8 0.6702052731459551 0.3934186084369432 0.7280029721014161 0.3934186084369432 0.7280029721014161 0.4151344503415583 0.6702052731459551 0.4151344503415583
8 0.6665929169612387 0.44451470703603774 0.7270998830552369 0.44451470703603774 0.7270998830552369 0.4649531464756755 0.6665929169612387 0.4649531464756755
11 0.760514177763863 0.3940573096694318 0.8146995205346077 0.3940573096694318 0.8146995205346077 0.4106635417141376 0.760514177763863 0.4106635417141376
11 0.760514177763863 0.44451470703603774 0.8156026095807867 0.44451470703603774 0.8156026095807867 0.4636757440106982 0.760514177763863 0.4636757440106982
5 0.8616601509359199 0.3940573096694318 0.9158454937066646 0.3940573096694318 0.9158454937066646 0.4164118528065357 0.8616601509359199 0.4164118528065357
5 0.8616601509359199 0.4438760058035489 0.9149424046604855 0.4438760058035489 0.9149424046604855 0.4630370427782094 0.8616601509359199 0.4630370427782094
19 0.39476311406133596 0.5703388498363079 0.44623918969354354 0.5703388498363079 0.44623918969354354 0.5869450818810136 0.39476311406133596 0.5869450818810136
17 0.5690592999738981 0.5946094966708779 0.6521434922223736 0.5946094966708779 0.6521434922223736 0.6118544299480723 0.5690592999738981 0.6118544299480723
18 0.6936855883466112 0.5952481979033666 0.7605141777638631 0.5952481979033666 0.7605141777638631 0.6131318324130498 0.6936855883466112 0.6131318324130498
16 0.8309551233658311 0.5946094966708779 0.9131362265681273 0.5946094966708779 0.9131362265681273 0.6131318324130498 0.8309551233658311 0.6131318324130498
