4 0.21139287661442133 0.02784696321279101 0.3283636016744012 0.02784696321279101 0.3283636016744012 0.05176786295647992 0.21139287661442133 0.05176786295647992
3 0.47986182991473647 0.05625303165842158 0.604583627117245 0.05625303165842158 0.604583627117245 0.07419370646618827 0.47986182991473647 0.07419370646618827
14 0.0824432218796243 0.21074217583641247 0.33963788842717024 0.21074217583641247 0.33963788842717024 0.22918120272217263 0.0824432218796243 0.22918120272217263
13 0.0803292931134801 0.23266966726812727 0.22266716336719045 0.23266966726812727 0.22266716336719045 0.2625707919477384 0.0803292931134801 0.2625707919477384
15 0.14656572778599877 0.277521354287544 0.257899309469594 0.277521354287544 0.257899309469594 0.290976860393369 0.14656572778599877 0.290976860393369
12 0.1338821551891335 0.2914752124713625 0.3889628929705352 0.2914752124713625 0.3889628929705352 0.3069241268891616 0.1338821551891335 0.3069241268891616
1 0.5017057604982266 0.21472899246036056 0.6820943485425327 0.21472899246036056 0.6820943485425327 0.22967955480016614 0.5017057604982266 0.22967955480016614
0 0.4995918317320823 0.23117461103414672 0.6905500636071097 0.23117461103414672 0.6905500636071097 0.2595806794797773 0.4995918317320823 0.2595806794797773
2 0.5672375522486972 0.2745312418195829 0.6764572051661483 0.2745312418195829 0.6764572051661483 0.29247191662734956 0.5672375522486972 0.29247191662734956
6 0.13811001272142193 0.3971258530059885 0.3643003906988527 0.3971258530059885 0.3643003906988527 0.4345022588555024 0.13811001272142193 0.4345022588555024
6 0.13721180438868733 0.44361946465330926 0.35592535724885055 0.44361946465330926 0.35592535724885055 0.4706160439167508 0.13721180438868733 0.4706160439167508
6 0.1423701428995402 0.4822902403549958 0.26823360256435114 0.4822902403549958 0.26823360256435114 0.4976126231801923 0.1423701428995402 0.4976126231801923
6 0.13721180438868733 0.5049089959540954 0.34664034792931525 0.5049089959540954 0.34664034792931525 0.5355537616044885 0.13721180438868733 0.5355537616044885
9 0.40647707465520905 0.3969226789003294 0.44568044733769113 0.3969226789003294 0.44568044733769113 0.41224506172552594 0.40647707465520905 0.41224506172552594
9 0.40647707465520905 0.4465380137628705 0.44258544423117946 0.4465380137628705 0.44258544423117946 0.4567529356463349 0.40647707465520905 0.4567529356463349
9 0.40544540695303843 0.48301987763238613 0.4415537765290088 0.48301987763238613 0.4415537765290088 0.496882985902802 0.40544540695303843 0.496882985902802
9 0.40131873614435615 0.5078275450636567 0.4436171119333499 0.5078275450636567 0.4436171119333499 0.5202313787792919 0.40131873614435615 0.5202313787792919
10 0.4673454690832733 0.3998412280098906 0.5013905032549025 0.3998412280098906 0.5013905032549025 0.40932651261596464 0.4673454690832733 0.40932651261596464
10 0.46321879827459095 0.4465380137628705 0.507580509467926 0.4465380137628705 0.507580509467926 0.4567529356463349 0.46321879827459095 0.4567529356463349
10 0.46321879827459095 0.48301987763238613 0.5044855063614143 0.48301987763238613 0.5044855063614143 0.4946940740706311 0.46321879827459095 0.4946940740706311
10 0.4642504659767616 0.5107460941732179 0.5055171740635848 0.5107460941732179 0.5055171740635848 0.5209610160566823 0.4642504659767616 0.5209610160566823
7 0.5756705778111844 0.3940041297907681 0.6241589598132015 0.3940041297907681 0.6241589598132015 0.41516361083508707 0.5756705778111844 0.41516361083508707
7 0.5746389101090137 0.4443491019306996 0.6200322890045193 0.4443491019306996 0.6200322890045193 0.4625900338654574 0.5746389101090137 0.4625900338654574
7 0.5509105529590904 0.4786420539680442 0.6210639567066899 0.4786420539680442 0.6210639567066899 0.49907189773497296 0.5509105529590904 0.49907189773497296
7 0.5736072424068432 0.508557182341047 0.6200322890045195 0.508557182341047 0.6200322890045195 0.5253388397210241 0.5736072424068432 0.5253388397210241
8 0.6736790095173896 0.39473376706815844 0.724230726923748 0.39473376706815844 0.724230726923748 0.41151542444813566 0.6736790095173896 0.41151542444813566
8 0.6643940001978543 0.44726765104026084 0.7221673915194068 0.44726765104026084 0.7221673915194068 0.45894184747850575 0.6643940001978543 0.45894184747850575
8 0.653045655473978 0.48301987763238613 0.7180407207107246 0.48301987763238613 0.7180407207107246 0.49907189773497296 0.653045655473978 0.49907189773497296
8 0.6685206710065366 0.506368270508876 0.7201040561150659 0.506368270508876 0.7201040561150659 0.5209610160566823 0.6685206710065366 0.5209610160566823
11 0.768592438117083 0.3940041297907681 0.8098591462039062 0.3940041297907681 0.8098591462039062 0.4122450617255259 0.768592438117083 0.4122450617255259
11 0.7727191089257652 0.43851200371157706 0.8108908139060769 0.43851200371157706 0.8108908139060769 0.45894184747850575 0.7727191089257652 0.45894184747850575
11 0.7644657673084008 0.48301987763238613 0.8088274785017356 0.48301987763238613 0.8088274785017356 0.496882985902802 0.7644657673084008 0.496882985902802
11 0.7696241058192537 0.5049089959540954 0.8088274785017358 0.5049089959540954 0.8088274785017358 0.5253388397210241 0.7696241058192537 0.5253388397210241
5 0.8645375344189472 0.39473376706815844 0.9058042425057704 0.39473376706815844 0.9058042425057704 0.4129746990029163 0.8645375344189472 0.4129746990029163
5 0.8542208573972413 0.44361946465330926 0.9088992456122823 0.44361946465330926 0.9088992456122823 0.4589418474785058 0.8542208573972413 0.4589418474785058
5 0.8418408449711944 0.48156060307760545 0.9130259164209643 0.48156060307760545 0.9130259164209643 0.5019904468445342 0.8418408449711944 0.5019904468445342
5 0.8542208573972413 0.5078275450636567 0.9099309133144529 0.5078275450636567 0.9099309133144529 0.5231499278888533 0.8542208573972413 0.5231499278888533
19 0.4002870684421863 0.6192868015077575 0.44258544423117946 0.6192868015077575 0.44258544423117946 0.6397166452746854 0.4002870684421863 0.6397166452746854
17 0.5478155498525789 0.6426351943842465 0.6530456554739781 0.6426351943842465 0.6530456554739781 0.6637946754285655 0.5478155498525789 0.6637946754285655
18 0.6809006834325837 0.645553743493808 0.759307428797548 0.645553743493808 0.759307428797548 0.6637946754285657 0.6809006834325837 0.6637946754285657
16 0.8273974971408065 0.6462833807711982 0.9130259164209648 0.6462833807711982 0.9130259164209648 0.6630650381511756 0.8273974971408065 0.6630650381511756
