4 0.20633354043411614 0.029832802097467127 0.3301336646945859 0.029832802097467127 0.3301336646945859 0.050395307187557706 0.20633354043411614 0.050395307187557706
3 0.4783186619154512 0.05503845349822333 0.6096218240098887 0.05503845349822333 0.6096218240098887 0.07891749166736077 0.4783186619154512 0.07891749166736077
13 0.07878189725666232 0.22948809345608853 0.36108369575970223 0.22948809345608853 0.36108369575970223 0.26132681101493777 0.07878189725666232 0.26132681101493777
15 0.14724711749161926 0.2759195565627448 0.26073056473038314 0.2759195565627448 0.26073056473038314 0.29117560872636034 0.14724711749161926 0.29117560872636034
12 0.13317892155292954 0.29183891534216977 0.39015796736632874 0.29183891534216977 0.39015796736632874 0.3051050476583573 0.13317892155292954 0.3051050476583573
0 0.4998898956881087 0.22948809345608864 0.7118507144977007 0.22948809345608864 0.7118507144977007 0.2646433440939854 0.4998898956881087 0.2646433440939854
2 0.5674172361938195 0.27260302348369786 0.6771491645155995 0.27260302348369786 0.6771491645155995 0.2971453682686447 0.5674172361938195 0.2971453682686447
6 0.13880619992840543 0.395314747408432 0.375151891698393 0.395314747408432 0.375151891698393 0.43444983774118506 0.13880619992840543 0.43444983774118506
6 0.14068195938689737 0.44572605020994444 0.3610836957597033 0.44572605020994444 0.3610836957597033 0.48419783392688803 0.14068195938689737 0.48419783392688803
6 0.13599256074066748 0.4948107397798381 0.3826549295323609 0.4948107397798381 0.3826549295323609 0.5352724433442099 0.13599256074066748 0.5352724433442099
6 0.13505468101142148 0.542568816118113 0.35733217684271934 0.542568816118113 0.35733217684271934 0.5821461091745297 0.13505468101142148 0.5821461091745297
6 0.13844980563129197 0.5915169407803255 0.35406835538494336 0.5915169407803255 0.35406835538494336 0.6300417890265338 0.13844980563129197 0.6300417890265338
14 0.07943841306713474 0.21188666535414635 0.3517986864401682 0.21188666535414635 0.3517986864401682 0.22874128646186254 0.07943841306713474 0.22874128646186254
1 0.49932716785056125 0.2134918673644051 0.6809006834325835 0.2134918673644051 0.6809006834325835 0.22954388746699192 0.49932716785056125 0.22954388746699192
9 0.40173140322522427 0.3964848965338951 0.4471247821207298 0.3964848965338951 0.4471247821207298 0.4109317146262232 0.40173140322522427 0.4109317146262232
9 0.40173140322522427 0.43982535081087953 0.4448551131759545 0.43982535081087953 0.4448551131759545 0.4574825729237251 0.40173140322522427 0.4574825729237251
9 0.39946173428044895 0.48878401212376954 0.4471247821207298 0.48878401212376954 0.4471247821207298 0.5104542392622617 0.39946173428044895 0.5104542392622617
9 0.4040010721699996 0.5401504764520474 0.4471247821207299 0.5401504764520474 0.4471247821207299 0.5594129005751516 0.4040010721699996 0.5594129005751516
9 0.4040010721699994 0.589109137764937 0.43691127186924106 0.589109137764937 0.43691127186924106 0.6067663598777826 0.4040010721699994 0.6067663598777826
10 0.4630124647341568 0.40130050256467115 0.506136174684887 0.40130050256467115 0.506136174684887 0.4125369166364819 0.4630124647341568 0.4125369166364819
10 0.4607427957893816 0.4470487598570436 0.5095406781020501 0.4470487598570436 0.5095406781020501 0.4598903759391131 0.4607427957893816 0.4598903759391131
10 0.4607427957893816 0.4944022191596748 0.5061361746848871 0.4944022191596748 0.5061361746848871 0.5104542392622617 0.4607427957893816 0.5104542392622617
10 0.4607427957893816 0.5473738854982114 0.497057498905786 0.5473738854982114 0.497057498905786 0.5570050975597636 0.4607427957893816 0.5570050975597636
10 0.4630124647341568 0.5923195417854547 0.5038665057401119 0.5923195417854547 0.5038665057401119 0.6067663598777829 0.4630124647341568 0.6067663598777829
7 0.562877898304269 0.39487969452363636 0.6139454495617127 0.39487969452363636 0.6139454495617127 0.4141421186467405 0.562877898304269 0.4141421186467405
7 0.5640127327766566 0.4462461588519144 0.6230241253408139 0.4462461588519144 0.6230241253408139 0.4606929769442425 0.5640127327766566 0.4606929769442425
7 0.562877898304269 0.49199441614428685 0.6150802840341004 0.49199441614428685 0.6150802840341004 0.5104542392622617 0.562877898304269 0.5104542392622617
7 0.5685520706662073 0.5441634814776941 0.6173499529788757 0.5441634814776941 0.6173499529788757 0.5553998955495049 0.5685520706662073 0.5553998955495049
7 0.5640127327766566 0.5907143397751959 0.6196196219236509 0.5907143397751959 0.6196196219236509 0.6107793649034293 0.5640127327766566 0.6107793649034293
8 0.6513949871505049 0.39487969452363636 0.7194850554937632 0.39487969452363636 0.7194850554937632 0.41173431563135254 0.6513949871505049 0.41173431563135254
8 0.663878166346769 0.44303575483139696 0.7228895589109263 0.44303575483139696 0.7228895589109263 0.4606929769442425 0.663878166346769 0.4606929769442425
8 0.6513949871505049 0.4944022191596748 0.7194850554937632 0.4944022191596748 0.7194850554937632 0.5080464362468737 0.6513949871505049 0.5080464362468737
8 0.6650130008191566 0.5457686834879527 0.7183502210213757 0.5457686834879527 0.7183502210213757 0.560215501580281 0.6650130008191566 0.560215501580281
8 0.6684175042363195 0.5915169407803255 0.7183502210213756 0.5915169407803255 0.7183502210213756 0.6035559558572654 0.6684175042363195 0.6035559558572654
11 0.7682829378064318 0.3956822955287657 0.8170808201191002 0.3956822955287657 0.8170808201191002 0.4181551236723874 0.7682829378064318 0.4181551236723874
11 0.7648784343892688 0.4446409568416556 0.8125414822295496 0.4446409568416556 0.8125414822295496 0.4663111839801478 0.7648784343892688 0.4663111839801478
11 0.7694177722788195 0.4952048201648042 0.8091369788123869 0.4952048201648042 0.8091369788123869 0.5144672442879084 0.7694177722788195 0.5144672442879084
11 0.7694177722788195 0.5433608804725647 0.8080021443399993 0.5433608804725647 0.8080021443399993 0.5634259056007983 0.7694177722788195 0.5634259056007983
11 0.767148103334044 0.5907143397751959 0.8080021443399993 0.5907143397751959 0.8080021443399993 0.6099767638983001 0.767148103334044 0.6099767638983001
5 0.8409123440392405 0.39487969452363636 0.912406915799662 0.39487969452363636 0.912406915799662 0.41173431563135254 0.8409123440392405 0.41173431563135254
5 0.8579348611250552 0.4446409568416556 0.9101372468548867 0.4446409568416556 0.9101372468548867 0.4639033809647598 0.8579348611250552 0.4639033809647598
5 0.8420471785116282 0.4944022191596748 0.914676584744437 0.4944022191596748 0.914676584744437 0.5072438352417443 0.8420471785116282 0.5072438352417443
5 0.8545303577078922 0.5433608804725647 0.909002412382499 0.5433608804725647 0.909002412382499 0.555399895549505 0.8545303577078922 0.555399895549505
5 0.8556651921802799 0.5939247437957134 0.914676584744437 0.5939247437957134 0.914676584744437 0.6107793649034293 0.8556651921802799 0.6107793649034293
19 0.3930653945269916 0.7171235721781124 0.45083878584854414 0.7171235721781124 0.45083878584854414 0.7317163177259184 0.3930653945269916 0.7317163177259184
17 0.5509105529590905 0.7404719650546023 0.6520139877718074 0.7404719650546023 0.6520139877718074 0.7587128969893601 0.5509105529590905 0.7587128969893601
18 0.6788373480282425 0.7433905141641637 0.7593074287975479 0.7433905141641637 0.7593074287975479 0.7587128969893601 0.6788373480282425 0.7587128969893601
16 0.8232708263321239 0.7404719650546023 0.9140575841231353 0.7404719650546023 0.9140575841231353 0.7572536224345795 0.8232708263321239 0.7572536224345795
