4 0.2084656715859245 0.02927749723109178 0.3390381694736158 0.02927749723109178 0.3390381694736158 0.04785287642033029 0.2084656715859245 0.04785287642033029
3 0.4688602507067802 0.055283028096025706 0.6084377484487952 0.055283028096025706 0.6084377484487952 0.07863493336249698 0.4688602507067802 0.07863493336249698
14 0.07580926664861183 0.21290749348126203 0.2142435796591204 0.21290749348126203 0.2142435796591204 0.23077929037932415 0.07580926664861183 0.23077929037932415
13 0.0747105816247189 0.23233335967480784 0.3438884124784855 0.23233335967480784 0.3438884124784855 0.2672999188231902 0.0747105816247189 0.2672999188231902
15 0.14282905310608024 0.2766243345960922 0.27576994099712415 0.2766243345960922 0.27576994099712415 0.2906109582554452 0.14282905310608024 0.2906109582554452
12 0.1329408878910439 0.2906109582554452 0.3988226636731317 0.2906109582554452 0.3988226636731317 0.3123679283922165 0.1329408878910439 0.3123679283922165
1 0.49550694577570914 0.21213045883352014 0.6515202191685043 0.21213045883352014 0.6515202191685043 0.23077929037932415 0.49550694577570914 0.23077929037932415
0 0.4900135206562444 0.23233335967480784 0.7218360606976515 0.23233335967480784 0.7218360606976515 0.2672999188231902 0.4900135206562444 0.2672999188231902
2 0.5603293621853918 0.2735161960051249 0.6943689351003285 0.2735161960051249 0.6943689351003285 0.2952731661418962 0.5603293621853918 0.2952731661418962
6 0.13623694296272268 0.39473360105285077 0.3669607979802369 0.39473360105285077 0.3669607979802369 0.43669347203090964 0.13623694296272268 0.43669347203090964
6 0.13184220286715098 0.44368678386058613 0.37575027817138035 0.44368678386058613 0.37575027817138035 0.48564665483864505 0.13184220286715098 0.48564665483864505
6 0.13184220286715098 0.49341700131606336 0.3636647429085581 0.49341700131606336 0.3636647429085581 0.5353768722941223 0.13184220286715098 0.5353768722941223
6 0.13074351784325805 0.5431472187715406 0.36586211295634397 0.5431472187715406 0.36586211295634397 0.5835530204541158 0.13074351784325805 0.5835530204541158
9 0.39992134869702467 0.39473360105285077 0.44606611970052756 0.39473360105285077 0.44606611970052756 0.41027429400768733 0.39992134869702467 0.41027429400768733
9 0.3977239786492388 0.4429097492128442 0.44167137960495584 0.4429097492128442 0.44167137960495584 0.46466671934961556 0.3977239786492388 0.46466671934961556
9 0.39882266367313174 0.49341700131606336 0.44606611970052756 0.49341700131606336 0.44606611970052756 0.5151739714528347 0.39882266367313174 0.5151739714528347
9 0.3966252936253458 0.5447012880670243 0.45265822984388504 0.5447012880670243 0.45265822984388504 0.5610190156696028 0.3966252936253458 0.5610190156696028
10 0.4625463950589214 0.39473360105285077 0.5086911660624244 0.39473360105285077 0.5086911660624244 0.4157135365418802 0.4625463950589214 0.4157135365418802
10 0.46034902501113556 0.44524085315606976 0.5086911660624243 0.44524085315606976 0.5086911660624243 0.4646667193496157 0.46034902501113556 0.4646667193496157
10 0.4625463950589214 0.4957481052592889 0.511987221134103 0.4957481052592889 0.511987221134103 0.5128428675096092 0.4625463950589214 0.5128428675096092
10 0.4614477100350285 0.5408161148283152 0.5053951109907455 0.5408161148283152 0.5053951109907455 0.5610190156696028 0.4614477100350285 0.5610190156696028
7 0.5647241022809634 0.39395656640510884 0.6229544085472885 0.39395656640510884 0.6229544085472885 0.4188216751328475 0.5647241022809634 0.4188216751328475
7 0.5603293621853918 0.44368678386058613 0.6207570384995026 0.44368678386058613 0.6207570384995026 0.46699782329284106 0.5603293621853918 0.46699782329284106
7 0.5669214723287492 0.4926399666683215 0.6251517785950744 0.4926399666683215 0.6251517785950744 0.513619902157351 0.5669214723287492 0.513619902157351
7 0.5625267322331776 0.5431472187715406 0.6273491486428602 0.5431472187715406 0.6273491486428602 0.5594649463741191 0.5625267322331776 0.5594649463741191
8 0.6636057544313266 0.393179531757367 0.7273294858171162 0.393179531757367 0.7273294858171162 0.4172676058373638 0.6636057544313266 0.4172676058373638
8 0.6642375412443974 0.44505126906532855 0.7274958046838603 0.44505126906532855 0.7274958046838603 0.46259590112127996 0.6642375412443974 0.46259590112127996
8 0.669198973671022 0.4946148546233912 0.7262554465772043 0.4946148546233912 0.7262554465772043 0.5121594866793426 0.669198973671022 0.5121594866793426
8 0.6642375412443974 0.5437398243800551 0.723774730363892 0.5437398243800551 0.723774730363892 0.5599686090318101 0.6642375412443974 0.5599686090318101
11 0.7684276222035129 0.39592629930866474 0.8093594397231653 0.39592629930866474 0.8093594397231653 0.4125936997618186 0.7684276222035129 0.4125936997618186
11 0.7671872640968567 0.4437354216611322 0.8137006930964616 0.4437354216611322 0.8137006930964616 0.46391174852547634 0.7671872640968567 0.46391174852547634
11 0.7671872640968567 0.4946148546233912 0.8155612302564459 0.4946148546233912 0.8155612302564459 0.5104050234737475 0.7671872640968567 0.5104050234737475
11 0.760985473563576 0.5424239769758588 0.8180419464697584 0.5424239769758588 0.8180419464697584 0.5595299932304114 0.760985473563576 0.5595299932304114
5 0.8602141220960668 0.39417183610306966 0.9092082673089841 0.39417183610306966 0.9092082673089841 0.4134709313646161 0.8602141220960668 0.4134709313646161
5 0.8540123315627862 0.4437354216611322 0.9160302368955929 0.4437354216611322 0.9160302368955929 0.4617186695184824 0.8540123315627862 0.4617186695184824
5 0.862694838309379 0.49329900721919484 0.9116889835222962 0.49329900721919484 0.9116889835222962 0.5121594866793426 0.862694838309379 0.5121594866793426
5 0.8602141220960668 0.5424239769758588 0.9104486254156403 0.5424239769758588 0.9104486254156403 0.5586527616276138 0.8602141220960668 0.5586527616276138
19 0.39928321346796714 0.6682338381549865 0.4443082127395849 0.6682338381549865 0.4443082127395849 0.6852170419851472 0.39928321346796714 0.6852170419851472
17 0.5553698776095751 0.6915857434214578 0.6521736260435533 0.6915857434214578 0.6521736260435533 0.7096303974910037 0.5553698776095751 0.7096303974910037
18 0.6821902922246317 0.6937086439002278 0.7624848742590167 0.6937086439002278 0.7624848742590167 0.7106918477303885 0.6821902922246317 0.7106918477303885
16 0.8315232064754972 0.6910550183017652 0.915569871782517 0.6910550183017652 0.915569871782517 0.7112225728500813 0.8315232064754972 0.7112225728500813
