4 0.20785370097053021 0.02747313940363092 0.327809070684866 0.02747313940363092 0.327809070684866 0.0486824661041203 0.20785370097053021 0.0486824661041203
3 0.4777532828277858 0.05672738312844387 0.599776848571679 0.05672738312844387 0.599776848571679 0.07574264154957228 0.4777532828277858 0.07574264154957228
14 0.0796255471379644 0.20738673831123058 0.24818352354690174 0.20738673831123058 0.24818352354690174 0.23005877719796064 0.0796255471379644 0.23005877719796064
13 0.0837619391970794 0.23298420157044195 0.3443546389213261 0.23298420157044195 0.3443546389213261 0.26150708920213456 0.0837619391970794 0.26150708920213456
15 0.14580782008380483 0.27613421106454106 0.26472909178336185 0.27613421106454106 0.26472909178336185 0.2914926890200678 0.14580782008380483 0.2914926890200678
12 0.132364545891681 0.2914926890200678 0.3888208535568127 0.2914926890200678 0.3888208535568127 0.3090452352549556 0.132364545891681 0.3090452352549556
1 0.5015375371676971 0.21616301142867445 0.6370043771037144 0.21616301142867445 0.6370043771037144 0.23005877719796058 0.5015375371676971 0.23005877719796058
0 0.5015375371676971 0.23371555766356222 0.6752660036505282 0.23371555766356222 0.6752660036505282 0.2622384452952549 0.5015375371676971 0.2622384452952549
2 0.5677198101135377 0.27394014278518003 0.6783682976948645 0.27394014278518003 0.6783682976948645 0.2914926890200678 0.5677198101135377 0.2914926890200678
6 0.13960323199513225 0.3916884737775522 0.35469561906911373 0.3916884737775522 0.35469561906911373 0.434107127178531 0.13960323199513225 0.434107127178531
9 0.40536642179327276 0.3975393225225148 0.44466214635486556 0.3975393225225148 0.44466214635486556 0.4092410200124399 0.40536642179327276 0.4092410200124399
9 0.46431000863566185 0.39607661033627406 0.5087762232711485 0.39607661033627406 0.5087762232711485 0.4085096639193196 0.46431000863566185 0.4085096639193196
7 0.5604811240100864 0.3968079664293944 0.6245952009263693 0.3968079664293944 0.6245952009263693 0.40924102001243995 0.5604811240100864 0.40924102001243995
8 0.6669932195322983 0.39607661033627406 0.7207663163007936 0.39607661033627406 0.7207663163007936 0.4121664443849212 0.6669932195322983 0.4121664443849212
11 0.7704030210101739 0.39388254205691303 0.808664647556988 0.39388254205691303 0.808664647556988 0.4092410200124399 0.7704030210101739 0.4092410200124399
5 0.8572672542515896 0.3946138981500335 0.911040351020085 0.3946138981500335 0.911040351020085 0.4121664443849212 0.8572672542515896 0.4121664443849212
19 0.3939913436307064 0.5189444339804885 0.44362804834008684 0.5189444339804885 0.44362804834008684 0.5343029119360153 0.3939913436307064 0.5343029119360153
17 0.5666857120987588 0.5438105411465796 0.6494135532810593 0.5438105411465796 0.6494135532810593 0.562825799567708 0.5666857120987588 0.562825799567708
18 0.6928456699017671 0.5467359655190608 0.7673007269658376 0.5467359655190608 0.7673007269658376 0.5613630873814673 0.6928456699017671 0.5613630873814673
16 0.8355511959412357 0.5452732533328202 0.9120744490348638 0.5452732533328202 0.9120744490348638 0.5613630873814673 0.8355511959412357 0.5613630873814673
