4 0.20867751420749742 0.0292061970922607 0.3412461203962305 0.0292061970922607 0.3412461203962305 0.04911369633192747 0.20867751420749742 0.04911369633192747
3 0.47199871828100826 0.05746200246469095 0.6045673244697415 0.05746200246469095 0.6045673244697415 0.07608514691470179 0.47199871828100826 0.07608514691470179
14 0.07429289971480918 0.21415328680271323 0.21866555987925135 0.21415328680271323 0.21866555987925135 0.23149207646306816 0.07429289971480918 0.23149207646306816
13 0.07429289971480918 0.23213425385789613 0.3176380124448124 0.23213425385789613 0.3176380124448124 0.26681183317860596 0.07429289971480918 0.26681183317860596
15 0.14239321111313097 0.27516013931136946 0.2740538131498864 0.27516013931136946 0.2740538131498864 0.2905723967872405 0.14239321111313097 0.2905723967872405
12 0.13240516544137712 0.28993021939241254 0.38755433214708934 0.28993021939241254 0.38755433214708934 0.31047989602690723 0.13240516544137712 0.31047989602690723
1 0.49379081792847135 0.2135111094078853 0.7471239763302283 0.2135111094078853 0.7471239763302283 0.23084989906824024 0.49379081792847135 0.23084989906824024
0 0.4928828137764938 0.23213425385789613 0.7625600469138479 0.23213425385789613 0.7625600469138479 0.26360094620446617 0.4928828137764938 0.26360094620446617
2 0.5637071376307483 0.2764444941010254 0.6808396732358618 0.2764444941010254 0.6808396732358618 0.29570981594586426 0.5637071376307483 0.29570981594586426
6 0.14148520696115333 0.3939629573545422 0.3730262657154474 0.3939629573545422 0.3730262657154474 0.43698884280801553 0.14148520696115333 0.43698884280801553
6 0.13876119450522048 0.44405279415112303 0.3584981992838054 0.44405279415112303 0.3584981992838054 0.4774460186821769 0.13876119450522048 0.4774460186821769
6 0.1360371820492876 0.4819412604459727 0.37030225325951455 0.4819412604459727 0.37030225325951455 0.5223984363201342 0.1360371820492876 0.5223984363201342
9 0.4011743944267537 0.3939629573545422 0.4465746020256349 0.3939629573545422 0.4465746020256349 0.4151548113838648 0.4011743944267537 0.4151548113838648
9 0.4020823985787313 0.44341061675629506 0.44839061032959016 0.44341061675629506 0.44839061032959016 0.46524464818044575 0.4020823985787313 0.46524464818044575
9 0.4002663902747761 0.4812990830511447 0.4483906103295901 0.4812990830511447 0.4483906103295901 0.5012065822908115 0.4002663902747761 0.5012065822908115
10 0.458378656001344 0.3939629573545422 0.5137669092719791 0.3939629573545422 0.5137669092719791 0.4164391661735208 0.458378656001344 0.4164391661735208
10 0.4592866601533216 0.4459793263356069 0.5155829175759342 0.4459793263356069 0.5155829175759342 0.46331811599596184 0.4592866601533216 0.46331811599596184
10 0.45747065184936636 0.47937255086666086 0.5119509009680239 0.47937255086666086 0.5119509009680239 0.4992800501063276 0.45747065184936636 0.4992800501063276
7 0.5709711708465693 0.39332077995971415 0.6190953909013834 0.39332077995971415 0.6190953909013834 0.4164391661735207 0.5709711708465693 0.4164391661735207
7 0.5691551625426141 0.44341061675629506 0.618187386749406 0.44341061675629506 0.618187386749406 0.4626759386011338 0.5691551625426141 0.4626759386011338
7 0.5718791749985469 0.47937255086666086 0.6209113992053387 0.47937255086666086 0.6209113992053387 0.4999222275011556 0.5718791749985469 0.4999222275011556
8 0.670851627564108 0.39332077995971415 0.7207918559228773 0.39332077995971415 0.7207918559228773 0.41194392440972494 0.670851627564108 0.41194392440972494
8 0.6663116068042199 0.4421262619666392 0.7298718974426535 0.4421262619666392 0.7298718974426535 0.4626759386011338 0.6663116068042199 0.4626759386011338
8 0.6672196109561974 0.48001472826148883 0.7216998600748549 0.48001472826148883 0.7216998600748549 0.5018487596856395 0.6672196109561974 0.5018487596856395
11 0.7671000676737362 0.3926786025648862 0.8088682586647068 0.3926786025648862 0.8088682586647068 0.4177235209631767 0.7671000676737362 0.4177235209631767
11 0.7643760552178033 0.4427684393614671 0.8115922711206397 0.4427684393614671 0.8115922711206397 0.4607494064166499 0.7643760552178033 0.4607494064166499
11 0.7643760552178033 0.48065690565631675 0.8188563043364605 0.48065690565631675 0.8188563043364605 0.5018487596856395 0.7643760552178033 0.5018487596856395
5 0.8536782635648027 0.3943295430360251 0.9130072548550208 0.3943295430360251 0.9130072548550208 0.41530947852505457 0.8536782635648027 0.41530947852505457
5 0.8558756336125886 0.44328272584376044 0.9130072548550208 0.44328272584376044 0.9130072548550208 0.4642626613327899 0.8558756336125886 0.4642626613327899
5 0.8580730036603745 0.4782492849921429 0.9130072548550208 0.4782492849921429 0.9130072548550208 0.5015603244243979 0.8580730036603745 0.5015603244243979
19 0.3911318685058813 0.6056829672218034 0.4427700646288487 0.6056829672218034 0.4427700646288487 0.6266629027108329 0.3911318685058813 0.6266629027108329
17 0.55593462208982 0.6289940066540584 0.6504215341446116 0.6289940066540584 0.6504215341446116 0.653859115381797 0.55593462208982 0.653859115381797
18 0.6690991795507913 0.630548075949542 0.760290036533904 0.630548075949542 0.760290036533904 0.6491969074953459 0.6690991795507913 0.6491969074953459
16 0.818520342800229 0.6297710413018002 0.9174019949505924 0.6297710413018002 0.9174019949505924 0.6515280114385714 0.818520342800229 0.6515280114385714
