4 0.2101895061190329 0.02721711483834126 0.3271081896042677 0.02721711483834126 0.3271081896042677 0.049768834574544285 0.2101895061190329 0.049768834574544285
3 0.48034252477809797 0.056033201167934 0.5919467226503675 0.056033201167934 0.5919467226503675 0.0810906675414929 0.48034252477809797 0.0810906675414929
14 0.08529912788415726 0.20763085691443708 0.24916243428391802 0.20763085691443708 0.24916243428391802 0.22892970333196216 0.08529912788415726 0.22892970333196216
13 0.0808703898733529 0.230809013309979 0.3279939708762355 0.230809013309979 0.3279939708762355 0.26275728293626666 0.0808703898733529 0.26275728293626666
15 0.14818717396777203 0.2759124685959134 0.2589056242378807 0.2759124685959134 0.2589056242378807 0.28969407510137085 0.14818717396777203 0.28969407510137085
12 0.13667245513968077 0.2921998217387267 0.39176776456201107 0.2921998217387267 0.39176776456201107 0.30974004820021794 0.13667245513968077 0.30974004820021794
1 0.4998289720256372 0.21138949268399926 0.6539490548016285 0.21138949268399926 0.6539490548016285 0.23018259246416845 0.4998289720256372 0.23018259246416845
0 0.4989432244234762 0.23331477576086324 0.7620102622652545 0.23331477576086324 0.7620102622652545 0.26275729874979503 0.4989432244234762 0.26275729874979503
2 0.5653742945855413 0.27528603193657447 0.6787499876621325 0.27528603193657447 0.6787499876621325 0.29282625839806575 0.5653742945855413 0.29282625839806575
6 0.13835377545752778 0.39694496757313374 0.3166547677725107 0.39694496757313374 0.3166547677725107 0.41072657407859114 0.13835377545752778 0.41072657407859114
6 0.1393280978199047 0.4224409396082299 0.3575763069923429 0.4224409396082299 0.3575763069923429 0.4500041526191448 0.1393280978199047 0.4500041526191448
6 0.14030242018228167 0.4568949558718734 0.3643965635289816 0.4568949558718734 0.3643965635289816 0.4830800082322425 0.14030242018228167 0.4830800082322425
6 0.14127674254465863 0.49755069506297267 0.354653339905212 0.49755069506297267 0.354653339905212 0.5333828719771618 0.14127674254465863 0.5333828719771618
6 0.14127670550787103 0.5457863247900261 0.3653708858913582 0.5457863247900261 0.3653708858913582 0.5823075750715355 0.14127670550787103 0.5823075750715355
9 0.4014208132993059 0.3914323249709508 0.44234235251913806 0.3914323249709508 0.44234235251913806 0.4134828953796826 0.4014208132993059 0.4134828953796826
9 0.4023951356616829 0.4210627789576841 0.4452653196062689 0.4210627789576841 0.4452653196062689 0.4355334657884144 0.4023951356616829 0.4355334657884144
9 0.4033694580240599 0.4548277148960548 0.444290997243892 0.4548277148960548 0.444290997243892 0.4741219640036952 0.4033694580240599 0.4741219640036952
9 0.40044649093692897 0.4947943737618813 0.4403937077943842 0.4947943737618813 0.4403937077943842 0.5127104622189759 0.40044649093692897 0.5127104622189759
9 0.40044649093692897 0.5444081571815279 0.444290997243892 0.5444081571815279 0.444290997243892 0.5609460849880769 0.40044649093692897 0.5609460849880769
10 0.4637774444914311 0.4003903691994981 0.509570595523148 0.4003903691994981 0.509570595523148 0.4100374937533183 0.4637774444914311 0.4100374937533183
10 0.4608544774042995 0.42244093960822976 0.5037246613488855 0.42244093960822976 0.5037246613488855 0.43553348666227193 0.4608544774042995 0.43553348666227193
10 0.46280312212905417 0.45896219684769207 0.5017760166241324 0.45896219684769207 0.5017760166241324 0.4727438033531494 0.46280312212905417 0.4727438033531494
10 0.4637774444914311 0.496172534412427 0.4998273718993786 0.496172534412427 0.4998273718993786 0.5106432212431573 0.4637774444914311 0.5106432212431573
10 0.45988015504192326 0.5450972375068007 0.5046989837112633 0.5450972375068007 0.5046989837112633 0.5657696472649869 0.45988015504192326 0.5657696472649869
7 0.5680299372657654 0.3955668069225881 0.6167460553846131 0.3955668069225881 0.6167460553846131 0.41279381505440976 0.5680299372657654 0.41279381505440976
7 0.5680299372657654 0.4245081805840485 0.6147974106598593 0.4245081805840485 0.6147974106598593 0.4382897870895059 0.5680299372657654 0.4382897870895059
7 0.5826447727014198 0.4562058755466005 0.6157717330222361 0.4562058755466005 0.6157717330222361 0.4720547230278766 0.5826447727014198 0.4720547230278766
7 0.5719272267152732 0.49755069506297267 0.6157717330222362 0.49755069506297267 0.6157717330222362 0.5065087392915201 0.5719272267152732 0.5065087392915201
7 0.5729015490776502 0.5457863178320738 0.619669022471744 0.5457863178320738 0.619669022471744 0.5581897636869853 0.5729015490776502 0.5581897636869853
8 0.6742310747648536 0.39281048562149645 0.7229471928837015 0.39281048562149645 0.7229471928837015 0.4107265740785912 0.6742310747648536 0.4107265740785912
8 0.6654621735034609 0.4210627789576841 0.7248958376084553 0.4210627789576841 0.7248958376084553 0.43691162643896025 0.6654621735034609 0.43691162643896025
8 0.6829999760262463 0.4562058755466005 0.7171012587094397 0.4562058755466005 0.7171012587094397 0.47412196400369516 0.6829999760262463 0.47412196400369516
8 0.6732567524024766 0.4968616147377 0.7190499034341936 0.4968616147377 0.7190499034341936 0.5092650605926116 0.6732567524024766 0.5092650605926116
8 0.6761797194896075 0.5409627555551636 0.7239215152460783 0.5409627555551636 0.7239215152460783 0.5588788440122584 0.6761797194896075 0.5588788440122584
11 0.7716633110025493 0.3941886462720422 0.8047902713233659 0.3941886462720422 0.8047902713233659 0.41072657407859114 0.7716633110025493 0.41072657407859114
11 0.7706889886401723 0.4203736986324113 0.7969956924243501 0.4203736986324113 0.7969956924243501 0.43484438546314164 0.7706889886401723 0.43484438546314164
11 0.7736119557273031 0.4568949558718734 0.801867304236235 0.4568949558718734 0.801867304236235 0.47205472302787665 0.7736119557273031 0.47205472302787665
11 0.7706889886401723 0.4954834540871541 0.8047902713233659 0.4954834540871541 0.8047902713233659 0.5140886228695217 0.7706889886401723 0.5140886228695217
11 0.7726376086737343 0.5478535692448211 0.8077132137193046 0.5478535692448211 0.8077132137193046 0.5630133364008242 0.7726376086737343 0.5630133364008242
5 0.866172580153114 0.3955668069225881 0.9090427640977001 0.3955668069225881 0.9090427640977001 0.41072657407859114 0.866172580153114 0.41072657407859114
5 0.8535063894422135 0.4203736986324113 0.9090427640977001 0.4203736986324113 0.9090427640977001 0.4362225461136872 0.8535063894422135 0.4362225461136872
5 0.863249613065983 0.4562058755466005 0.9109914088224538 0.4562058755466005 0.9109914088224538 0.4727438033531494 0.863249613065983 0.4727438033531494
5 0.863249613065983 0.4947943737618813 0.9051454746481922 0.4947943737618813 0.9051454746481922 0.5113323015684303 0.863249613065983 0.5113323015684303
5 0.8651982577907369 0.5464753981573465 0.9090427640976999 0.5464753981573465 0.9090427640976999 0.5595679243375311 0.8651982577907369 0.5595679243375311
19 0.39362623440029026 0.6669683245237422 0.43941938543200726 0.6669683245237422 0.43941938543200726 0.689018894932474 0.39362623440029026 0.689018894932474
17 0.5592610360043728 0.6965987785104756 0.6488986933430527 0.6965987785104756 0.6488986933430527 0.7124476259917516 0.5592610360043728 0.7124476259917516
18 0.687871587838131 0.6945315375346568 0.7531511861173871 0.6945315375346568 0.7531511861173871 0.7145148669675703 0.687871587838131 0.7145148669675703
16 0.8310969751075435 0.6910861359082927 0.9178116653590926 0.6910861359082927 0.9178116653590926 0.7124476259917516 0.8310969751075435 0.7124476259917516
