4 0.20979765950635468 0.022336385972749607 0.34063921059633934 0.022336385972749607 0.34063921059633934 0.05584096493187402 0.20979765950635468 0.05584096493187402
3 0.4805043169339091 0.04945914036823127 0.6000664239644122 0.04945914036823127 0.6000664239644122 0.08775008775008775 0.4805043169339091 0.08775008775008775
14 0.08121199722826633 0.20900475445929986 0.2052858818825621 0.20900475445929986 0.2052858818825621 0.2297456842911388 0.08121199722826633 0.2297456842911388
13 0.08012172544129967 0.23232995055585415 0.35746615966118317 0.23232995055585415 0.35746615966118317 0.2661112089181458 0.08012172544129967 0.2661112089181458
15 0.14483542675927247 0.27155979897658 0.2650180149212219 0.27155979897658 0.2650180149212219 0.28899528716356926 0.14483542675927247 0.28899528716356926
12 0.13250900746061098 0.2922644411986297 0.39444541755716755 0.2922644411986297 0.39444541755716755 0.30861021137393213 0.13250900746061098 0.30861021137393213
1 0.5023015864204555 0.21053559032211763 0.6116985576960763 0.21053559032211763 0.6116985576960763 0.23015051453248053 0.5023015864204555 0.23015051453248053
0 0.4961383767711249 0.23232995055585415 0.7180139241470316 0.23232995055585415 0.7180139241470316 0.2682906449415195 0.4961383767711249 0.2682906449415195
2 0.5670152877384284 0.27155979897658 0.6887386783127106 0.27155979897658 0.6887386783127106 0.29989246728043756 0.5670152877384284 0.29989246728043756
6 0.1417538219346071 0.3925184982738179 0.3667109741351792 0.3925184982738179 0.3667109741351792 0.4339277827179174 0.1417538219346071 0.4339277827179174
6 0.13713141469760903 0.44373524482309884 0.35284375242418503 0.44373524482309884 0.35284375242418503 0.48623424727888515 0.13713141469760903 0.48623424727888515
9 0.39752702238183296 0.3936082162855048 0.4437510947518135 0.3936082162855048 0.4437510947518135 0.41431285850755445 0.39752702238183296 0.41431285850755445
9 0.39906782479416564 0.44264552681141206 0.44529189716414636 0.44264552681141206 0.44529189716414636 0.4622604510217749 0.39906782479416564 0.4622604510217749
10 0.45915911887514044 0.3936082162855048 0.5130872033067844 0.3936082162855048 0.5130872033067844 0.41867173055430174 0.45915911887514044 0.41867173055430174
10 0.46069992128747306 0.4415558087997253 0.5130872033067844 0.4415558087997253 0.5130872033067844 0.4655296050568354 0.46069992128747306 0.4655296050568354
7 0.5608520780890976 0.391428780262131 0.6286473842317358 0.391428780262131 0.6286473842317358 0.4143128585075545 0.5608520780890976 0.4143128585075545
7 0.563933682913763 0.44373524482309884 0.6224841745824051 0.44373524482309884 0.6224841745824051 0.4655296050568354 0.563933682913763 0.4655296050568354
8 0.6594634324783896 0.391428780262131 0.7226363313840296 0.391428780262131 0.7226363313840296 0.4186717305543018 0.6594634324783896 0.4186717305543018
8 0.6640858397153876 0.44046609078803833 0.7272587386210277 0.44046609078803833 0.7272587386210277 0.4677090410802091 0.6640858397153876 0.4677090410802091
11 0.7642379965170122 0.391428780262131 0.813543673711658 0.391428780262131 0.813543673711658 0.4186717305543018 0.7642379965170122 0.4186717305543018
11 0.7626971941046796 0.4415558087997253 0.8212476857733215 0.4415558087997253 0.8212476857733215 0.4666193230685222 0.7626971941046796 0.4666193230685222
5 0.8551453388446405 0.3957876523088784 0.9152366329256153 0.3957876523088784 0.9152366329256153 0.41867173055430185 0.8551453388446405 0.41867173055430185
5 0.8520637340199753 0.4448249628347857 0.9136958305132827 0.4448249628347857 0.9136958305132827 0.468798759091896 0.8520637340199753 0.468798759091896
19 0.392904615144835 0.5646939441203368 0.4529959092258097 0.5646939441203368 0.4529959092258097 0.5919368944125075 0.392904615144835 0.5919368944125075
17 0.5454440539657708 0.5886677403774471 0.6517594204167262 0.5886677403774471 0.6517594204167262 0.6180901266929913 0.5454440539657708 0.6180901266929913
18 0.6764122590140489 0.5897574583891338 0.7734828109910082 0.5897574583891338 0.7734828109910082 0.6170004086813047 0.6764122590140489 0.6170004086813047
16 0.8150844761239908 0.5875780223657602 0.9198590401626134 0.5875780223657602 0.9198590401626134 0.6115518186228704 0.8150844761239908 0.6115518186228704
