4 0.26875 0.0390625 0.11796875 0.01953125
3 0.5390625 0.0671875 0.11953125 0.0203125
12 0.1984375 0.24609375 0.2359375 0.03125
13 0.13046875 0.22265625 0.10546875 0.01640625
11 0.25859375 0.29921875 0.25234375 0.0171875
14 0.203125 0.28125 0.1203125 0.01875
0 0.62578125 0.2453125 0.25546875 0.03125
1 0.57578125 0.221875 0.14921875 0.01640625
2 0.62265625 0.28359375 0.1203125 0.0140625
6 0.25078125 0.41640625 0.221875 0.040625
9 0.41171875 0.403125 0.0109375 0.0125
7 0.590625 0.403125 0.05625 0.0109375
8 0.69296875 0.403125 0.05234375 0.01328125
10 0.78828125 0.40390625 0.0390625 0.0140625
5 0.88359375 0.40390625 0.04765625 0.0125
16 0.5984375 0.7515625 0.08515625 0.01484375
17 0.7171875 0.75078125 0.07109375 0.01171875
15 0.86875 0.75078125 0.08359375 0.0140625