4 0.2118724380004126 0.029546256040835838 0.3301268220006429 0.029546256040835838 0.3301268220006429 0.04580848116857562 0.2118724380004126 0.04580848116857562
3 0.479587224000934 0.057424356259818295 0.5994840300011675 0.057424356259818295 0.5994840300011675 0.0760097564058066 0.479587224000934 0.0760097564058066
14 0.08376352200016308 0.21075390746422162 0.2003754840003901 0.21075390746422162 0.2003754840003901 0.23050089511933428 0.08376352200016308 0.23050089511933428
13 0.08540594400016634 0.23282407013758297 0.37447221600072933 0.23282407013758297 0.37447221600072933 0.26186375786568966 0.08540594400016634 0.26186375786568966
15 0.1478179800002879 0.2758028079751809 0.2595026760005054 0.2758028079751809 0.2595026760005054 0.2897418580846722 0.1478179800002879 0.2897418580846722
12 0.1363210260002655 0.2897418580846722 0.38761159200075485 0.2897418580846722 0.38761159200075485 0.3083272582306604 0.1363210260002655 0.3083272582306604
1 0.5042235540009821 0.21191549497334605 0.7473020100014554 0.21191549497334605 0.7473020100014554 0.22817772010108583 0.5042235540009821 0.22817772010108583
0 0.5025811320009788 0.22933930761021018 0.744017166001449 0.22933930761021018 0.744017166001449 0.26186375786568966 0.5025811320009788 0.26186375786568966
2 0.5633507460010971 0.2758028079751809 0.678320286001321 0.2758028079751809 0.678320286001321 0.29206503310292065 0.5633507460010971 0.29206503310292065
6 0.141907235161809 0.3961594636227266 0.35661905184141574 0.3961594636227266 0.35661905184141574 0.4345590507012148 0.141907235161809 0.4345590507012148
6 0.14437518707766656 0.44241351169454185 0.35661905184141574 0.44241351169454185 0.35661905184141574 0.47994038088488256 0.14437518707766656 0.47994038088488256
6 0.13820530728802258 0.4965220207596843 0.36155495567313056 0.4965220207596843 0.36155495567313056 0.5445215046077946 0.13820530728802258 0.5445215046077946
6 0.14437518707766656 0.5567395550418592 0.36649085950484594 0.5567395550418592 0.36649085950484594 0.5933937063440524 0.14437518707766656 0.5933937063440524
6 0.1382053072880227 0.602120885225527 0.36649085950484594 0.602120885225527 0.36649085950484594 0.6466294975210475 0.1382053072880227 0.6466294975210475
9 0.4010421863268515 0.397032181510874 0.4454653208122874 0.397032181510874 0.4454653208122874 0.41012294983308595 0.4010421863268515 0.41012294983308595
9 0.40844604207442425 0.44415894747083684 0.4442313448543588 0.44415894747083684 0.4442313448543588 0.46074058734563844 0.40844604207442425 0.46074058734563844
9 0.4035101382427091 0.4930311492070946 0.44299736889643 0.4930311492070946 0.44299736889643 0.5104855069700438 0.4035101382427091 0.5104855069700438
9 0.4059780901585667 0.5558668371537117 0.4392954410226436 0.5558668371537117 0.4392954410226436 0.568084887587776 0.4059780901585667 0.568084887587776
9 0.4035101382427091 0.6047390388899694 0.4454653208122875 0.6047390388899694 0.4454653208122875 0.6178298072121814 0.4035101382427091 0.6178298072121814
10 0.4652089361391478 0.39528674573457906 0.5046961667928687 0.39528674573457906 0.5046961667928687 0.41274110349752824 0.4652089361391478 0.41274110349752824
10 0.46150700826536145 0.4459043832471318 0.5046961667928686 0.4459043832471318 0.5046961667928686 0.4598678694574912 0.46150700826536145 0.4598678694574912
10 0.46274098422329035 0.49477658498338944 0.5034621908349399 0.49477658498338944 0.5034621908349399 0.5069946354174539 0.46274098422329035 0.5069946354174539
10 0.4639749601812191 0.5576122729300066 0.5046961667928687 0.5576122729300066 0.5046961667928687 0.5689576054759237 0.4639749601812191 0.5689576054759237
10 0.46274098422329035 0.6073571925544118 0.5034621908349399 0.6073571925544118 0.5034621908349399 0.6221933966529186 0.46274098422329035 0.6221933966529186
7 0.5713308685210224 0.3909231562938417 0.612052075132672 0.3909231562938417 0.612052075132672 0.41099566772123336 0.5713308685210224 0.41099566772123336
7 0.5775007483106662 0.4432862295826893 0.6145200270485295 0.4432862295826893 0.6145200270485295 0.46161330523378613 0.5775007483106662 0.46161330523378613
7 0.5688629166051649 0.4895402776545047 0.6108180991747433 0.4895402776545047 0.6108180991747433 0.5122309427463386 0.5688629166051649 0.5122309427463386
7 0.5688629166051649 0.5549941192655643 0.6206899068381735 0.5549941192655643 0.6206899068381735 0.5715757591403657 0.5688629166051649 0.5715757591403657
7 0.5478853253203757 0.6047390388899694 0.6219238827961021 0.6047390388899694 0.6219238827961021 0.6195752429884763 0.5478853253203757 0.6195752429884763
8 0.6626450894077517 0.3961594636227266 0.7169400315566177 0.3961594636227266 0.7169400315566177 0.4109956677212334 0.6626450894077517 0.4109956677212334
8 0.6749848489870394 0.4432862295826893 0.7169400315566178 0.4432862295826893 0.7169400315566178 0.46161330523378613 0.6749848489870394 0.46161330523378613
8 0.666347017281538 0.49477658498338944 0.7144720796407603 0.49477658498338944 0.7144720796407603 0.5113582248581913 0.666347017281538 0.5113582248581913
8 0.6638790653656804 0.5567395550418592 0.7218759353883331 0.5567395550418592 0.7218759353883331 0.5759393485811033 0.6638790653656804 0.5759393485811033
8 0.6478373779126065 0.603866321001822 0.7181740075145467 0.603866321001822 0.7181740075145467 0.6221933966529185 0.6478373779126065 0.6221933966529185
11 0.7712349737054838 0.39790489939902146 0.8119561803171333 0.39790489939902146 0.8119561803171333 0.4144865392738232 0.7712349737054838 0.4144865392738232
11 0.7675330458316975 0.4432862295826893 0.8045523245695606 0.4432862295826893 0.8045523245695606 0.46161330523378613 0.7675330458316975 0.46161330523378613
11 0.7613631660420537 0.4930311492070946 0.8057863005274896 0.4930311492070946 0.8057863005274896 0.5113582248581914 0.7613631660420537 0.5113582248581914
11 0.76506509391584 0.5549941192655643 0.8070202764854182 0.5549941192655643 0.8070202764854182 0.5759393485811033 0.76506509391584 0.5759393485811033
11 0.7638311179579111 0.6047390388899694 0.8082542524433473 0.6047390388899694 0.8082542524433473 0.6204479608766237 0.7638311179579111 0.6204479608766237
5 0.8551453388446404 0.39965033517531634 0.9131422088672927 0.39965033517531634 0.9131422088672927 0.41361382138567565 0.8551453388446404 0.41361382138567565
5 0.8662511224659993 0.4450316653589842 0.9057383531197202 0.4450316653589842 0.9057383531197202 0.4607405873456385 0.8662511224659993 0.4607405873456385
5 0.8551453388446404 0.4930311492070946 0.9069723290776489 0.4930311492070946 0.9069723290776489 0.5104855069700438 0.8551453388446404 0.5104855069700438
5 0.8576132907604977 0.5532486834892691 0.90573835311972 0.5532486834892691 0.90573835311972 0.5733211949166607 0.8576132907604977 0.5733211949166607
5 0.83540172351778 0.6029936031136744 0.9057383531197202 0.6029936031136744 0.9057383531197202 0.6187025251003286 0.83540172351778 0.6187025251003286
19 0.3911950581825801 0.7251041912316026 0.4389746072735822 0.7251041912316026 0.4389746072735822 0.7462239641247712 0.3911950581825801 0.7462239641247712
17 0.5345337054555865 0.7493919300587463 0.6495032454558105 0.7493919300587463 0.6495032454558105 0.7705117029519147 0.5345337054555865 0.7705117029519147
18 0.6659274654558422 0.7525598959927219 0.7555141200014713 0.7525598959927219 0.7555141200014713 0.772623680241232 0.6659274654558422 0.772623680241232
16 0.8137454454561304 0.7546718732820384 0.9137838763654161 0.7546718732820384 0.9137838763654161 0.7705117029519148 0.8137454454561304 0.7705117029519148
