4 0.2064481809284761 0.029900122297020784 0.3375767104336783 0.029900122297020784 0.3375767104336783 0.046761834834721974 0.2064481809284761 0.046761834834721974
3 0.46771184198808363 0.05870554788226032 0.6067875550996619 0.05870554788226032 0.6067875550996619 0.08048525991012437 0.46771184198808363 0.08048525991012437
14 0.08028664117725881 0.21256867478878372 0.3355899145320844 0.21256867478878372 0.3355899145320844 0.2301329586822224 0.08028664117725881 0.2301329586822224
1 0.4983419562693168 0.2135632710086445 0.8117063596543741 0.2135632710086445 0.8117063596543741 0.2313305980238914 0.4983419562693168 0.2313305980238914
13 0.07640699477198058 0.23132656488277092 0.35356502304433984 0.23132656488277092 0.35356502304433984 0.2650499899581733 0.07640699477198058 0.2650499899581733
15 0.1459448513277697 0.274885988938499 0.2631658095218141 0.274885988938499 0.2631658095218141 0.2917477014762002 0.1459448513277697 0.2917477014762002
12 0.13402407591820584 0.2910451301204627 0.3903207472238284 0.2910451301204627 0.3903207472238284 0.3100145567253765 0.13402407591820584 0.3100145567253765
0 0.4945075395190354 0.2336824264431404 0.7391168839335315 0.2336824264431404 0.7391168839335315 0.26454146810120077 0.4945075395190354 0.26454146810120077
2 0.5632625984895966 0.2748278153205543 0.6994505037582079 0.2748278153205543 0.6994505037582079 0.29446538728477456 0.5632625984895966 0.29446538728477456
6 0.1335434799235898 0.3935883695803625 0.36889733563051036 0.3935883695803625 0.36889733563051036 0.43753912588123645 0.1335434799235898 0.43753912588123645
6 0.132221267251079 0.44502010567712985 0.3503863582153594 0.44502010567712985 0.3503863582153594 0.5001923316718438 0.132221267251079 0.5001923316718438
6 0.12825462923354664 0.5048679440442774 0.35964184692293494 0.5048679440442774 0.35964184692293494 0.5506889452941244 0.12825462923354664 0.5506889452941244
9 0.3979860144257479 0.39452349205484916 0.44823009598115787 0.39452349205484916 0.44823009598115787 0.41790155391701617 0.3979860144257479 0.41790155391701617
9 0.39930822709825864 0.44408498320264317 0.4508745213261794 0.44408498320264317 0.4508745213261794 0.46652792259032355 0.39930822709825864 0.46652792259032355
9 0.39930822709825864 0.500192331671844 0.44690788330864706 0.500192331671844 0.44690788330864706 0.5245055160084976 0.39930822709825864 0.5245055160084976
10 0.46145222270626574 0.39545861452933584 0.510374091589165 0.39545861452933584 0.510374091589165 0.4150961864935562 0.46145222270626574 0.4150961864935562
10 0.46145222270626574 0.44689035062610316 0.510374091589165 0.44689035062610316 0.510374091589165 0.4618523102178901 0.46145222270626574 0.4618523102178901
10 0.46277443537877644 0.5039328215697907 0.5116963042616758 0.5039328215697907 0.5116963042616758 0.5235703935340108 0.46277443537877644 0.5235703935340108
7 0.5698736618521506 0.39265324710587585 0.6240843814250929 0.39265324710587585 0.6240843814250929 0.4141610640190695 0.5698736618521506 0.4141610640190695
7 0.5579737477995533 0.4431498607281565 0.6187955307350497 0.4431498607281565 0.6187955307350497 0.4618523102178901 0.5579737477995533 0.4618523102178901
7 0.5645848111621073 0.502997699095304 0.6280510194426252 0.502997699095304 0.6280510194426252 0.5217001485850375 0.5645848111621073 0.5217001485850375
8 0.654495272892841 0.39171812463138916 0.7245725445359129 0.39171812463138916 0.7245725445359129 0.41790155391701617 0.654495272892841 0.41790155391701617
8 0.6597841235828842 0.44408498320264317 0.7258947572084237 0.44408498320264317 0.7258947572084237 0.46465767764135024 0.6597841235828842 0.46465767764135024
8 0.6716840376354812 0.5048679440442774 0.7232503318634022 0.5048679440442774 0.7232503318634022 0.5245055160084975 0.6716840376354812 0.5245055160084975
11 0.7655611373837474 0.39171812463138916 0.8118385809216251 0.39171812463138916 0.8118385809216251 0.4216420438149629 0.7655611373837474 0.4216420438149629
11 0.7668833500562583 0.4412796157791832 0.8131607935941357 0.4412796157791832 0.8131607935941357 0.46372255516686345 0.7668833500562583 0.46372255516686345
11 0.7655611373837474 0.5011274541463305 0.8118385809216251 0.5011274541463305 0.8118385809216251 0.529181128380931 0.7655611373837474 0.529181128380931
5 0.8498990737056084 0.3927206494556851 0.9124036727697548 0.3927206494556851 0.9124036727697548 0.41482354430718826 0.8498990737056084 0.41482354430718826
5 0.8511010852260728 0.4437273298822312 0.9124036727697548 0.4437273298822312 0.9124036727697548 0.4624297793719647 0.8511010852260728 0.4624297793719647
5 0.8523030967465373 0.5032351237132017 0.9172117188516123 0.5032351237132017 0.9172117188516123 0.5261881299051473 0.8523030967465373 0.5261881299051473
19 0.3920466131795387 0.6299884242510395 0.44440623501096604 0.6299884242510395 0.44440623501096604 0.649532483967811 0.3920466131795387 0.649532483967811
17 0.543307742914773 0.6557042922994232 0.6523902883969133 0.6557042922994232 0.6523902883969133 0.6762769867381301 0.543307742914773 0.6762769867381301
18 0.6742067974933412 0.6557042922994232 0.7687450035778626 0.6557042922994232 0.7687450035778626 0.6742197172942596 0.6742067974933412 0.6742197172942596
16 0.8138324557104807 0.6515897534116816 0.9185516993733351 0.6515897534116816 0.9185516993733351 0.6731910825723239 0.8138324557104807 0.6731910825723239
