4 0.21387635000998592 0.028011488258307744 0.3274156469288674 0.028011488258307744 0.3274156469288674 0.04948696258967702 0.21387635000998592 0.04948696258967702
3 0.47924145094830184 0.05789040906716933 0.5941009722499611 0.05789040906716933 0.5941009722499611 0.07749845084798475 0.47924145094830184 0.07749845084798475
14 0.08053368734943916 0.21475474331369263 0.23235949136887368 0.21475474331369263 0.23235949136887368 0.22969420371812346 0.08053368734943916 0.22969420371812346
13 0.08053368734943916 0.23156163626867732 0.3102527299527575 0.23156163626867732 0.3102527299527575 0.26330798962809276 0.08053368734943916 0.26330798962809276
15 0.14522468210554604 0.27638001748196966 0.2666853253210936 0.27638001748196966 0.2666853253210936 0.2922531941616774 0.14522468210554604 0.2922531941616774
12 0.1359831114261022 0.2913194778864005 0.3789043978571974 0.2913194778864005 0.3789043978571974 0.3062589382908313 0.1359831114261022 0.3062589382908313
1 0.5030054898383004 0.21568845958896954 0.6271065818194033 0.21568845958896954 0.6271065818194033 0.23062791999340038 0.5030054898383004 0.23062791999340038
0 0.4977245923071896 0.23249535254395423 0.6825560058960664 0.23249535254395423 0.6825560058960664 0.260506840802262 0.4977245923071896 0.260506840802262
2 0.5650560358288519 0.27638001748196966 0.6812357815132888 0.27638001748196966 0.6812357815132888 0.29038576161112356 0.5650560358288519 0.29038576161112356
6 0.14126400895721297 0.396829416992693 0.3406178907566444 0.396829416992693 0.3406178907566444 0.4360455005543238 0.14126400895721297 0.4360455005543238
6 0.14126400895721297 0.44538266330709303 0.2891291398283144 0.44538266330709303 0.2891291398283144 0.4603221237115239 0.14126400895721297 0.4603221237115239
9 0.40530888551275124 0.39496198444213915 0.4435953926133041 0.39496198444213915 0.4435953926133041 0.40990144484656993 0.40530888551275124 0.40990144484656993
9 0.4000279879816404 0.4444489470318162 0.4435953926133041 0.4444489470318162 0.4435953926133041 0.4603221237115239 0.4000279879816404 0.4603221237115239
10 0.46075830958941427 0.396829416992693 0.5043257142210781 0.396829416992693 0.5043257142210781 0.40896772857129304 0.46075830958941427 0.40896772857129304
10 0.4620785339721919 0.447250095857647 0.504325714221078 0.447250095857647 0.504325714221078 0.45845469116097015 0.4620785339721919 0.45845469116097015
7 0.5690167089771849 0.3977631332679699 0.628426806202181 0.3977631332679699 0.628426806202181 0.40990144484656993 0.5690167089771849 0.40990144484656993
7 0.5716571577427403 0.44631637958237 0.6231459086710703 0.44631637958237 0.6231459086710703 0.4603221237115239 0.5716571577427403 0.4603221237115239
8 0.6733144352166225 0.39496198444213915 0.722162737379397 0.39496198444213915 0.722162737379397 0.41176887739712376 0.6733144352166225 0.41176887739712376
8 0.6733144352166225 0.44631637958237 0.7208425129966194 0.44631637958237 0.7208425129966194 0.4584546911609701 0.6733144352166225 0.4584546911609701
11 0.7683705907766164 0.3940282681668622 0.8053368734943916 0.3940282681668622 0.8053368734943916 0.41270259367240075 0.7683705907766164 0.41270259367240075
11 0.7683705907766164 0.447250095857647 0.8053368734943916 0.447250095857647 0.8053368734943916 0.459388407436247 0.7683705907766164 0.459388407436247
5 0.8555054000399437 0.396829416992693 0.9083143753510515 0.396829416992693 0.9083143753510515 0.41176887739712376 0.8555054000399437 0.41176887739712376
5 0.8541851756571662 0.44538266330709303 0.9096345997338292 0.44538266330709303 0.9096345997338292 0.4631232725373546 0.8541851756571662 0.4631232725373546
19 0.4000279879816404 0.5471577373122779 0.435674046316638 0.5471577373122779 0.435674046316638 0.5620971977167086 0.4000279879816404 0.5620971977167086
17 0.5663762602116296 0.5723680767447549 0.6455897231782912 0.5723680767447549 0.6455897231782912 0.5863738208739088 0.5663762602116296 0.5863738208739088
18 0.6878369034271771 0.5714343604694779 0.7564885713316172 0.5714343604694779 0.7564885713316172 0.5863738208739088 0.6878369034271771 0.5863738208739088
16 0.838342483063834 0.570500644194201 0.9122750484993846 0.570500644194201 0.9122750484993846 0.5891749696997396 0.838342483063834 0.5891749696997396
