4 0.21337641829926615 0.026267070215290633 0.3317818296098416 0.026267070215290633 0.3317818296098416 0.047202348540656774 0.21337641829926615 0.047202348540656774
3 0.4785552040469091 0.054180774649112154 0.6043609535643957 0.054180774649112154 0.6043609535643957 0.07860526602870598 0.4785552040469091 0.07860526602870598
14 0.08154642652243486 0.21176834761228314 0.30885709045372206 0.21176834761228314 0.30885709045372206 0.22979114231387246 0.08154642652243486 0.22979114231387246
13 0.08052709619090442 0.23267478946612674 0.27623851984474806 0.23267478946612674 0.27623851984474806 0.2636739963528603 0.08052709619090442 0.2636739963528603
15 0.142706246414261 0.2752085849618775 0.2680838771925046 0.2752085849618775 0.2680838771925046 0.28962682072314894 0.142706246414261 0.28962682072314894
12 0.13760959475660883 0.29395229145153035 0.38326820465544387 0.29395229145153035 0.38326820465544387 0.3090914390008654 0.13760959475660883 0.3090914390008654
1 0.5045685141075658 0.21176834761228314 0.7125119017397746 0.21176834761228314 0.7125119017397746 0.22979114231387246 0.5045685141075658 0.22979114231387246
0 0.5025298534445048 0.2312329658899996 0.7543044453325225 0.2312329658899996 0.7543044453325225 0.2643949081409239 0.5025298534445048 0.2643949081409239
2 0.5647090036678615 0.2752085849618775 0.6768353401362095 0.2752085849618775 0.6768353401362095 0.2932313796634668 0.5647090036678615 0.2932313796634668
6 0.14576423740885233 0.39776358893268465 0.3628815980248351 0.39776358893268465 0.3628815980248351 0.43453009012392685 0.14576423740885233 0.43453009012392685
6 0.142706246414261 0.4460646787329441 0.36492025868789607 0.4460646787329441 0.36492025868789607 0.47057567952710555 0.142706246414261 0.47057567952710555
6 0.14168691608273057 0.4835520917122498 0.33026302741586117 0.4835520917122498 0.33026302741586117 0.5181558575393013 0.14168691608273057 0.5181558575393013
9 0.4056934719491134 0.39560085356849395 0.4413700335526786 0.39560085356849395 0.4413700335526786 0.4092981775417018 0.4056934719491134 0.4092981775417018
9 0.40059682029146126 0.4453437669448804 0.4474860155418613 0.4453437669448804 0.4474860155418613 0.459762002706152 0.40059682029146126 0.459762002706152
9 0.4026354809545222 0.4835520917122498 0.4413700335526786 0.4835520917122498 0.4413700335526786 0.49652850389739406 0.4026354809545222 0.49652850389739406
10 0.4637953008463483 0.399205412508812 0.5106844960967483 0.399205412508812 0.5106844960967483 0.41146091290589265 0.4637953008463483 0.41146091290589265
10 0.45971797952022647 0.4453437669448804 0.5004911927814438 0.4453437669448804 0.5004911927814438 0.4590410909180883 0.45971797952022647 0.4590410909180883
10 0.4637953008463483 0.4842730035003134 0.5055878444390962 0.4842730035003134 0.5055878444390962 0.4986912392615848 0.4637953008463483 0.4986912392615848
7 0.5698056553255135 0.39776358893268465 0.6126175292497918 0.39776358893268465 0.6126175292497918 0.4085772657536383 0.5698056553255135 0.4085772657536383
7 0.5759216373146963 0.4439019433687533 0.6217915022335657 0.4439019433687533 0.6217915022335657 0.4590410909180883 0.5759216373146963 0.4590410909180883
7 0.5759216373146963 0.4835520917122498 0.6126175292497918 0.4835520917122498 0.6126175292497918 0.4958075921093305 0.5759216373146963 0.4958075921093305
8 0.6676613671524353 0.390554471052049 0.7165892230658963 0.390554471052049 0.7165892230658963 0.40785635396557474 0.6676613671524353 0.40785635396557474
8 0.6676613609886841 0.443902072844791 0.7216858685597972 0.443902072844791 0.7216858685597972 0.46048304397025314 0.6676613609886841 0.46048304397025314
8 0.6676613671524331 0.47994753277193003 0.7176086705086968 0.47994753277193003 0.7176086705086968 0.4958077000060284 0.6676613671524331 0.4958077000060284
11 0.7675557396424182 0.39199629462817603 0.8052709619090442 0.39199629462817603 0.8052709619090442 0.41146091290589254 0.7675557396424182 0.41146091290589254
11 0.7675557396424182 0.43813464906424476 0.8052709619090442 0.43813464906424476 0.8052709619090442 0.4597620027061519 0.7675557396424182 0.4597620027061519
11 0.7685750699739486 0.4785057091958048 0.8185222562189398 0.4785057091958048 0.8185222562189398 0.4994121510496484 0.7685750699739486 0.4994121510496484
5 0.8531794443447169 0.3948799525701002 0.9051652912527691 0.3948799525701002 0.9051652912527691 0.4121818354836259 0.8531794443447169 0.4121818354836259
5 0.8552181111715289 0.44678557973133765 0.907203958079581 0.44678557973133765 0.907203958079581 0.4575992565522912 0.8552181111715289 0.4575992565522912
5 0.864392084155303 0.48138935634805885 0.9061846277480509 0.48138935634805885 0.9061846277480509 0.4986912392615846 0.864392084155303 0.4986912392615846
19 0.39550016863380905 0.6082668054195216 0.4383120425580874 0.6082668054195216 0.4383120425580874 0.6255686883330472 0.39550016863380905 0.6255686883330472
17 0.5667476643309223 0.6277314236972379 0.6431974391957049 0.6277314236972379 0.6431974391957049 0.6450333066107639 0.5667476643309223 0.6450333066107639
18 0.6911059647776355 0.6306150708494923 0.7451304723487485 0.6306150708494923 0.7451304723487485 0.6457542183988274 0.6911059647776355 0.6457542183988274
16 0.8317735505288344 0.6298941590614284 0.9153586377143299 0.6298941590614284 0.9153586377143299 0.6544052893316278 0.8317735505288344 0.6544052893316278
