11 0.21149544224512448 0.027230514217217026 0.3283895303009793 0.027230514217217026 0.3283895303009793 0.04745882927438497 0.21149544224512448 0.04745882927438497
3 0.483833796332701 0.0588922247414799 0.594510113747287 0.0588922247414799 0.594510113747287 0.07384358804460403 0.483833796332701 0.07384358804460403
14 0.08216581290673197 0.2154417934447796 0.17418881839751124 0.2154417934447796 0.17418881839751124 0.22863417282988907 0.08216581290673197 0.22863417282988907
13 0.0809222587784782 0.22951366478889637 0.3259024220444716 0.22951366478889637 0.3259024220444716 0.26117537531315926 0.0809222587784782 0.26117537531315926
15 0.14434351931942066 0.2761267386162834 0.25626339086226035 0.2761267386162834 0.25626339086226035 0.29107810191940753 0.14434351931942066 0.29107810191940753
12 0.1343950862933905 0.2893191180013929 0.38061880368763773 0.2893191180013929 0.38061880368763773 0.3069089571815389 0.1343950862933905 0.3069089571815389
0 0.5012435541282538 0.2286341728298891 0.7400059467529787 0.2286341728298891 0.7400059467529787 0.260295883354152 0.5012435541282538 0.260295883354152
2 0.5634212605409427 0.27524724665727607 0.676584686212036 0.27524724665727607 0.676584686212036 0.2919575938784148 0.5634212605409427 0.2919575938784148
6 0.14185641106291313 0.39749662895929105 0.3619654917638312 0.39749662895929105 0.3619654917638312 0.43355579927859045 0.14185641106291313 0.43355579927859045
6 0.1427033026479102 0.44627417428637356 0.33126215550791815 0.44627417428637356 0.33126215550791815 0.48411857932527785 0.1427033026479102 0.48411857932527785
6 0.14100457424376597 0.495531971321138 0.35249626055972094 0.495531971321138 0.35249626055972094 0.5207615746804076 0.14100457424376597 0.5207615746804076
6 0.1435526668499823 0.5321749666762676 0.3482494395493604 0.5321749666762676 0.3482494395493604 0.5706200765570595 0.1435526668499823 0.5706200765570595
6 0.1418539384458381 0.5832348782366943 0.35249626055972094 0.5832348782366943 0.35249626055972094 0.619877873591824 0.1418539384458381 0.619877873591824
6 0.1418539384458381 0.6318919704295715 0.3516468963576489 0.6318919704295715 0.3516468963576489 0.6577222786307284 0.1418539384458381 0.6577222786307284
9 0.4043074768861195 0.3982177869353838 0.44083013757522016 0.3982177869353838 0.44083013757522016 0.41023188377313113 0.4043074768861195 0.41023188377313113
9 0.4043074768861195 0.4456734694444862 0.4391314091710759 0.4456734694444862 0.4391314091710759 0.45888897596600825 0.4043074768861195 0.45888897596600825
9 0.40600620529026377 0.49613267616302537 0.44083013757522016 0.49613267616302537 0.44083013757522016 0.5081467730007728 0.40600620529026377 0.5081467730007728
9 0.4051568410881916 0.5333763763600424 0.43998077337314806 0.5333763763600424 0.43998077337314806 0.5453904731977899 0.4051568410881916 0.5453904731977899
9 0.4051568410881916 0.5826341733948069 0.43828204496900386 0.5826341733948069 0.43828204496900386 0.5946482702325543 0.4051568410881916 0.5946482702325543
9 0.40600620529026377 0.6330933801133461 0.439131409171076 0.6330933801133461 0.439131409171076 0.6433053624254315 0.40600620529026377 0.6433053624254315
10 0.46376297103116715 0.3988184917772712 0.5002856317202677 0.3988184917772712 0.5002856317202677 0.4090304740893565 0.46376297103116715 0.4090304740893565
10 0.4646123352332392 0.4486769936539231 0.5002856317202677 0.4486769936539231 0.5002856317202677 0.4576875662822336 0.4646123352332392 0.4576875662822336
10 0.46376297103116715 0.4967333810049127 0.5011349959223399 0.4967333810049127 0.5011349959223399 0.5075460681588855 0.46376297103116715 0.5075460681588855
10 0.46376297103116715 0.5345777860438172 0.5011349959223399 0.5345777860438172 0.5011349959223399 0.5453904731977899 0.46376297103116715 0.5453904731977899
10 0.4646123352332392 0.5814327637110321 0.5002856317202677 0.5814327637110321 0.5002856317202677 0.594047565390667 0.4646123352332392 0.594047565390667
10 0.4646123352332392 0.6318919704295715 0.5002856317202677 0.6318919704295715 0.5002856317202677 0.642704657583544 0.4646123352332392 0.642704657583544
7 0.5512474838445942 0.39761708209349633 0.6149497990000022 0.39761708209349633 0.6149497990000022 0.40842976924746904 0.5512474838445942 0.40842976924746904
7 0.573330953098469 0.44687487912826085 0.6149497990000024 0.44687487912826085 0.6149497990000024 0.45888897596600825 0.573330953098469 0.45888897596600825
7 0.5631385826736037 0.495531971321138 0.6157991632020744 0.495531971321138 0.6157991632020744 0.5075460681588855 0.5631385826736037 0.5075460681588855
7 0.5631385826736037 0.5327756715181551 0.6157991632020744 0.5327756715181551 0.6157991632020744 0.5453904731977899 0.5631385826736037 0.5453904731977899
7 0.5605904900673875 0.5820334685529196 0.6157991632020744 0.5820334685529196 0.6157991632020744 0.5928461557068923 0.5605904900673875 0.5928461557068923
7 0.5631385826736037 0.631291265587684 0.6166485274041466 0.631291265587684 0.6166485274041466 0.6445067721092063 0.5631385826736037 0.6445067721092063
8 0.6532222321833902 0.3984285211938671 0.7180827712507148 0.3984285211938671 0.7180827712507148 0.40935042741000116 0.6532222321833902 0.40935042741000116
8 0.6671209191263884 0.44648490854485684 0.7157663234268818 0.44648490854485684 0.7157663234268818 0.45849900538260435 0.6671209191263884 0.45849900538260435
8 0.6678930684009995 0.4961795818282668 0.718082771250715 0.4961795818282668 0.718082771250715 0.5076475833552074 0.6678930684009995 0.5076475833552074
8 0.6648044713025554 0.5338601582739292 0.718082771250715 0.5338601582739292 0.718082771250715 0.5447820644900632 0.6648044713025554 0.5447820644900632
8 0.6663487698517774 0.5824626409357256 0.7188549205253258 0.5824626409357256 0.7188549205253258 0.5939306424626664 0.6663487698517774 0.5939306424626664
8 0.6671209191263884 0.6321573142191356 0.717310621976104 0.6321573142191356 0.717310621976104 0.6430792204352695 0.6671209191263884 0.6430792204352695
11 0.7736775190227075 0.3978824258830605 0.8061077885563698 0.3978824258830605 0.8061077885563698 0.411534808653228 0.7736775190227075 0.411534808653228
11 0.7705889219242634 0.4459388132340502 0.8076520871055918 0.4459388132340502 0.8076520871055918 0.45795291007179767 0.7705889219242634 0.45795291007179767
11 0.7721332204734854 0.4956334865174601 0.8091963856548139 0.4956334865174601 0.8091963856548139 0.5081936786660142 0.7721332204734854 0.5081936786660142
1 0.7705889219242634 0.5338601582739292 0.8099685349294248 0.5338601582739292 0.8099685349294248 0.5458742551116766 0.7705889219242634 0.5458742551116766
11 0.7713610711988744 0.5819165456249189 0.8076520871055918 0.5819165456249189 0.8076520871055918 0.5955689283950866 0.7713610711988744 0.5955689283950866
11 0.7713610711988744 0.6316112189083288 0.8061077885563698 0.6316112189083288 0.8061077885563698 0.6452636016784965 0.7713610711988744 0.6452636016784965
5 0.843943103012309 0.3984285211938671 0.9088036420796336 0.3984285211938671 0.9088036420796336 0.40935042741000116 0.843943103012309 0.40935042741000116
5 0.8578417899553074 0.44757709916647026 0.9088036420796337 0.44757709916647026 0.9088036420796337 0.45904510069341103 0.8578417899553074 0.45904510069341103
5 0.8578417899553074 0.4956334865174601 0.9072593435304118 0.4956334865174601 0.9072593435304118 0.5081936786660142 0.8578417899553074 0.5081936786660142
5 0.8562974914060852 0.5316757770307023 0.9080314928050227 0.5316757770307023 0.9080314928050227 0.5447820644900632 0.8562974914060852 0.5447820644900632
5 0.8562974914060852 0.5824626409357256 0.9080314928050227 0.5824626409357256 0.9080314928050227 0.5939306424626664 0.8562974914060852 0.5939306424626664
5 0.8578417899553074 0.6316112189083288 0.9103479406288557 0.6316112189083288 0.9103479406288557 0.6441714110568828 0.8578417899553074 0.6441714110568828
19 0.3999032849042501 0.7439108649133701 0.43472721718920654 0.7439108649133701 0.43472721718920654 0.7553242569092302 0.3999032849042501 0.7553242569092302
17 0.555336933883446 0.7703418779564143 0.6402733540906568 0.7703418779564143 0.6402733540906568 0.7823559747941621 0.555336933883446 0.7823559747941621
18 0.6810428357901178 0.7703418779564143 0.7515400645621029 0.7703418779564143 0.7515400645621029 0.7817552699522744 0.6810428357901178 0.7817552699522744
16 0.8254347501423763 0.7685397634307524 0.9120698987537315 0.7685397634307524 0.9120698987537315 0.7817552699522745 0.8254347501423763 0.7817552699522745
1 0.4976342046930782 0.2124645892351274 0.6181589849671103 0.2124645892351274 0.6181589849671103 0.22964474771310625 0.4976342046930782 0.22964474771310625
