4 0.2109096388969625 0.02670017526770262 0.32561488110408254 0.02670017526770262 0.32561488110408254 0.047635453593068755 0.2109096388969625 0.047635453593068755
3 0.4871889319549718 0.056358486228638004 0.5969606153574845 0.056358486228638004 0.5969606153574845 0.08078297760823183 0.4871889319549718 0.08078297760823183
14 0.08052709619090442 0.2145155817702099 0.16920883503405235 0.2145155817702099 0.16920883503405235 0.2282129057434178 0.08052709619090442 0.2282129057434178
13 0.08664307818008704 0.2318174646837357 0.3149730724429046 0.2318174646837357 0.3149730724429046 0.26497940693466 0.08664307818008704 0.26497940693466
15 0.14576423740885233 0.27507217196755 0.25789057387720027 0.27507217196755 0.25789057387720027 0.28949040772882145 0.14576423740885233 0.28949040772882145
12 0.13557093409354795 0.29165314309301216 0.3832682046554439 0.29165314309301216 0.3832682046554439 0.30607137885428354 0.13557093409354795 0.30607137885428354
1 0.5035491837760353 0.2145155817702099 0.7023185984244703 0.2145155817702099 0.7023185984244703 0.2296547293195449 0.5035491837760353 0.2296547293195449
0 0.49845253211838314 0.2303756411076085 0.699260607429879 0.2303756411076085 0.699260607429879 0.2606539362062785 0.49845253211838314 0.2606539362062785
2 0.5657283339993918 0.27507217196755 0.6758160098046789 0.27507217196755 0.6758160098046789 0.290211319516885 0.5657283339993918 0.290211319516885
6 0.1406675857512001 0.39762717593835717 0.38530686531850467 0.39762717593835717 0.38530686531850467 0.43439367712959953 0.1406675857512001 0.43439367712959953
9 0.4067128022806439 0.3954644405741664 0.4474860155418613 0.3954644405741664 0.4474860155418613 0.41060358812350156 0.4067128022806439 0.41060358812350156
10 0.4637952761913438 0.40051080151127183 0.5106844714417439 0.40051080151127183 0.5106844714417439 0.4091617429680347 0.4637952761913438 0.4091617429680347
7 0.5616510126732701 0.3961853523622302 0.6166948505759137 0.3961853523622302 0.6166948505759137 0.40916176454737446 0.5616510126732701 0.40916176454737446
8 0.6676613671524353 0.39834808772642094 0.7227052050550788 0.39834808772642094 0.7227052050550788 0.4084408527593109 0.6676613671524353 0.4084408527593109
11 0.7726523913000701 0.3961853523622302 0.8052709619090442 0.3961853523622302 0.8052709619090442 0.4127663234876923 0.7726523913000701 0.4127663234876923
5 0.8603147998116879 0.39762717593835717 0.9072039950620878 0.39762717593835717 0.9072039950620878 0.4120454116996288 0.8603147998116879 0.4120454116996288
19 0.40059682029146126 0.5187403563330374 0.44850534587339175 0.5187403563330374 0.44850534587339175 0.5418095335510716 0.40059682029146126 0.5418095335510716
17 0.5698056553255135 0.5461350042794528 0.6584873941686615 0.5461350042794528 0.6584873941686615 0.5591114380439368 0.5698056553255135 0.5591114380439368
18 0.6921252951091659 0.5468559160675167 0.7532851150009922 0.5468559160675167 0.7532851150009922 0.558390504676534 0.6921252951091659 0.558390504676534
16 0.8399281931810791 0.5425304453391353 0.9204552893719836 0.5425304453391353 0.9204552893719836 0.558390504676534 0.8399281931810791 0.558390504676534
