4 0.21017145646884877 0.03044720830487977 0.3272838390841527 0.03044720830487977 0.3272838390841527 0.04645571680208923 0.21017145646884877 0.04645571680208923
3 0.482777590791867 0.060376158973575705 0.59496928506199 0.060376158973575705 0.59496928506199 0.07568864536221084 0.482777590791867 0.07568864536221084
14 0.08321769716318325 0.2148930670770757 0.2239493838353551 0.2148930670770757 0.2239493838353551 0.2309015755742852 0.08321769716318325 0.2309015755742852
13 0.08026528415607476 0.23159759768285945 0.31055349871053783 0.23159759768285945 0.31055349871053783 0.26222257046012976 0.08026528415607476 0.26222257046012976
15 0.1442342326434256 0.27683903474019056 0.258394202251621 0.27683903474019056 0.258394202251621 0.29075947691167703 0.1442342326434256 0.29075947691167703
12 0.1343928559530639 0.29145549902025136 0.3804272732121056 0.29145549902025136 0.3804272732121056 0.3067679854088865 0.1343928559530639 0.3067679854088865
1 0.5014762065035542 0.21558908918565003 0.6392554801686174 0.21558908918565003 0.6392554801686174 0.23020555346571084 0.5014762065035542 0.23020555346571084
0 0.49950793116548176 0.2309015755742852 0.7327485587270534 0.2309015755742852 0.7327485587270534 0.2622225704601298 0.49950793116548176 0.2622225704601298
2 0.5634768796528327 0.27683903474019056 0.6766527115919918 0.27683903474019056 0.6766527115919918 0.29215152112882575 0.5634768796528327 0.29215152112882575
6 0.14029768196728093 0.3958588153064 0.3558238314862015 0.3958588153064 0.3558238314862015 0.423699699649373 0.14029768196728093 0.423699699649373
9 0.4030624395999374 0.3944667710892514 0.441443808692348 0.3944667710892514 0.441443808692348 0.4104752795864608 0.4030624395999374 0.4104752795864608
10 0.46407897508017976 0.39794688163212294 0.5004920688345178 0.39794688163212294 0.5004920688345178 0.4097792574778865 0.46407897508017976 0.4097792574778865
7 0.5782389446883751 0.3965548374149743 0.6156361761117495 0.3965548374149743 0.6156361761117495 0.4104752795864608 0.5782389446883751 0.4104752795864608
8 0.6815733999371727 0.3958588153064 0.7199547690295831 0.3958588153064 0.7199547690295831 0.40977925747788646 0.6815733999371727 0.40977925747788646
11 0.7701457901504276 0.3965548374149743 0.8075430215738021 0.3965548374149743 0.8075430215738021 0.4104752795864608 0.7701457901504276 0.4104752795864608
5 0.8734802453992252 0.39725085952354866 0.9079250638154911 0.39725085952354866 0.9079250638154911 0.4104752795864608 0.8734802453992252 0.4104752795864608
19 0.39912588892379275 0.5086143968954405 0.4384913956852394 0.5086143968954405 0.4384913956852394 0.5232308611755013 0.39912588892379275 0.5232308611755013
17 0.5870961837097007 0.5364552812384135 0.6422078931757259 0.5364552812384135 0.6422078931757259 0.548287657084177 0.5870961837097007 0.548287657084177
18 0.6953513273036791 0.5343672149126906 0.7524313121077768 0.5343672149126906 0.7524313121077768 0.5496797013013257 0.6953513273036791 0.5496797013013257
16 0.8557657673565742 0.5336711928041162 0.9118616144916357 0.5336711928041162 0.9118616144916357 0.5503757234099 0.8557657673565742 0.5503757234099
