4 0.2089133483169821 0.029846904636539356 0.3280741886959358 0.029846904636539356 0.3280741886959358 0.04842730412711918 0.2089133483169821 0.04842730412711918
3 0.47725980775305116 0.05705391817631697 0.6001737454667753 0.05705391817631697 0.6001737454667753 0.07497073197080464 0.47725980775305116 0.07497073197080464
13 0.08036976460110277 0.23224054194464105 0.3252593656948582 0.23224054194464105 0.3252593656948582 0.261438312572695 0.08036976460110277 0.261438312572695
14 0.07661666726633258 0.21233297106187696 0.22017264032129263 0.21233297106187696 0.22017264032129263 0.23024978485636463 0.07661666726633258 0.23024978485636463
1 0.4960252944269023 0.21498731384624553 0.7371617981858875 0.21498731384624553 0.7371617981858875 0.23157695624854893 0.4960252944269023 0.23157695624854893
0 0.4941487457595171 0.2315769562485489 0.709013568175111 0.2315769562485489 0.709013568175111 0.26077472687660286 0.4941487457595171 0.26077472687660286
2 0.5626427721190732 0.27537361219062995 0.6789887894969495 0.27537361219062995 0.6789887894969495 0.29196325459293326 0.5626427721190732 0.29196325459293326
15 0.1451106936258887 0.27537361219062995 0.26333325967114996 0.27537361219062995 0.26333325967114996 0.29129966889684117 0.1451106936258887 0.29129966889684117
12 0.1338514016215781 0.29129966889684117 0.38061755138271863 0.29129966889684117 0.38061755138271863 0.30722572560305245 0.1338514016215781 0.30722572560305245
6 0.14077868102723015 0.3968162834935432 0.3678410697808271 0.3968162834935432 0.3678410697808271 0.4482043597989182 0.14077868102723015 0.4482043597989182
9 0.39622386837502677 0.3944074674167288 0.44277165806951413 0.3944074674167288 0.44277165806951413 0.41207211864670146 0.39622386837502677 0.41207211864670146
10 0.4643425850011059 0.3968162834935432 0.5052138149767533 0.3968162834935432 0.5052138149767533 0.4120721186467014 0.4643425850011059 0.4120721186467014
7 0.5608441002213845 0.3968162834935432 0.6198803212973197 0.3968162834935432 0.6198803212973197 0.4128750573389729 0.5608441002213845 0.4128750573389729
8 0.6641574871042712 0.3960133448012717 0.7220583962364385 0.3960133448012717 0.7220583962364385 0.4112691799544299 0.6641574871042712 0.4112691799544299
11 0.7697414978746938 0.3968162834935432 0.8083421039628054 0.3968162834935432 0.8083421039628054 0.4120721186467014 0.7697414978746938 0.4120721186467014
5 0.8571605175448286 0.3968162834935432 0.9105201789019238 0.3968162834935432 0.9105201789019238 0.4120721186467014 0.8571605175448286 0.4120721186467014
6 0.1385080571396942 0.45623374672163314 0.3212932800863397 0.45623374672163314 0.3212932800863397 0.47389839795160577 0.1385080571396942 0.47389839795160577
9 0.4007651161500987 0.45543080802936164 0.44277165806951413 0.45543080802936164 0.44277165806951413 0.4747013366438773 0.4007651161500987 0.4747013366438773
10 0.4632072730573379 0.4546278693370901 0.5029431910892173 0.4546278693370901 0.5029431910892173 0.47389839795160577 0.4632072730573379 0.47389839795160577
7 0.5619794121651526 0.4578396241061761 0.6210156332410878 0.4578396241061761 0.6210156332410878 0.4722925205670628 0.5619794121651526 0.4722925205670628
8 0.6528043676665913 0.45703668541390463 0.7231937081802065 0.45703668541390463 0.7231937081802065 0.4722925205670628 0.6528043676665913 0.4722925205670628
11 0.767470873987158 0.45623374672163314 0.8106127278503412 0.45623374672163314 0.8106127278503412 0.4730954592593343 0.767470873987158 0.4730954592593343
5 0.8412661503320769 0.45623374672163314 0.910520178901924 0.45623374672163314 0.910520178901924 0.4722925205670628 0.8412661503320769 0.4722925205670628
6 0.1362374332521582 0.4819277848743207 0.3451348309054674 0.4819277848743207 0.3451348309054674 0.5220747194878949 0.1362374332521582 0.5220747194878949
9 0.4019004280938667 0.48273072356659213 0.44277165806951413 0.48273072356659213 0.44277165806951413 0.49798655871975034 0.4019004280938667 0.49798655871975034
10 0.4632072730573379 0.48273072356659213 0.5074844388642893 0.48273072356659213 0.5074844388642893 0.49878949741202183 0.4632072730573379 0.49878949741202183
7 0.5619794121651526 0.48112484618204915 0.6198803212973198 0.48112484618204915 0.6198803212973198 0.5003953747965648 0.5619794121651526 0.5003953747965648
8 0.6516690557228233 0.4803219074897777 0.7197877723489026 0.4803219074897777 0.7197877723489026 0.4987894974120219 0.6516690557228233 0.4987894974120219
11 0.768606185930926 0.48353366225886363 0.8094774159065735 0.48353366225886363 0.8094774159065735 0.49798655871975034 0.768606185930926 0.49798655871975034
5 0.8367249025570049 0.48112484618204915 0.9127908027894599 0.48112484618204915 0.9127908027894599 0.49878949741202183 0.8367249025570049 0.49878949741202183
19 0.3973591803187947 0.6079891595609439 0.44163634612574604 0.6079891595609439 0.44163634612574604 0.6240479334063738 0.3973591803187947 0.6240479334063738
17 0.5506262927274728 0.6336831977136314 0.6437218721164475 0.6336831977136314 0.6437218721164475 0.6481360941745182 0.5506262927274728 0.6481360941745182
18 0.6789165423732552 0.6320773203290884 0.75498244260571 0.6320773203290884 0.75498244260571 0.6489390328667894 0.6789165423732552 0.6489390328667894
