4 0.20730796093203407 0.027359079440871556 0.33030407172424564 0.027359079440871556 0.33030407172424564 0.048404525164618906 0.20730796093203407 0.048404525164618906
3 0.47710588137946597 0.05822573316903435 0.5941505674559254 0.05822573316903435 0.5941505674559254 0.07436057489057397 0.47710588137946597 0.07436057489057397
14 0.08232804190123842 0.214663546382223 0.17457512499539715 0.214663546382223 0.17457512499539715 0.22939535838884614 0.08232804190123842 0.22939535838884614
13 0.08034423366265435 0.22939535838884614 0.2787250575210602 0.22939535838884614 0.2787250575210602 0.2623665566893837 0.08034423366265435 0.2623665566893837
15 0.14481800141663626 0.27569533898109033 0.2569031668966355 0.27569533898109033 0.2569031668966355 0.29183018070263 0.14481800141663626 0.29183018070263
12 0.13489896022371597 0.2911286658451718 0.3848587982853072 0.2911286658451718 0.3848587982853072 0.30936805213908614 0.13489896022371597 0.30936805213908614
1 0.5028953884810586 0.21396203152476478 0.6159724580803501 0.21396203152476478 0.6159724580803501 0.23079838810376266 0.5028953884810586 0.23079838810376266
0 0.4959520596460145 0.2300968732463044 0.7240900070831813 0.2300968732463044 0.7240900070831813 0.2630680715468419 0.4959520596460145 0.2630680715468419
2 0.5634015397578724 0.27709836869600685 0.6774705134764558 0.27709836869600685 0.6774705134764558 0.29183018070263 0.5634015397578724 0.29183018070263
6 0.13886657670088406 0.3970574093213668 0.3630369076608827 0.3970574093213668 0.3630369076608827 0.4342376967666538 0.13886657670088406 0.4342376967666538
6 0.13589086434300798 0.44335738991361096 0.35906929118371456 0.44335738991361096 0.35906929118371456 0.4840452516461891 0.13589086434300798 0.4840452516461891
6 0.13787467258159203 0.4945679745080629 0.3610530994222986 0.4945679745080629 0.3610530994222986 0.5345543213831828 0.13787467258159203 0.5345543213831828
6 0.13787467258159203 0.5429724996726817 0.3699802364959269 0.5429724996726817 0.3699802364959269 0.5829588465478017 0.13787467258159203 0.5829588465478017
6 0.1408503849394681 0.5927800545522172 0.35906929118371456 0.5927800545522172 0.35906929118371456 0.6313633717124206 0.1408503849394681 0.6313633717124206
9 0.4027130724325638 0.3956543796064503 0.44139733308495294 0.3956543796064503 0.44139733308495294 0.41108770647053167 0.4027130724325638 0.41108770647053167
9 0.4046968806711478 0.44335738991361096 0.44536494956212114 0.44335738991361096 0.44536494956212114 0.4587907167776923 0.4046968806711478 0.4587907167776923
9 0.39874545595539573 0.4952694893655211 0.443381141323537 0.4952694893655211 0.443381141323537 0.5107028162296027 0.39874545595539573 0.5107028162296027
9 0.4027130724325638 0.5443755293875983 0.442389237204245 0.5443755293875983 0.442389237204245 0.5555997671069302 0.4027130724325638 0.5555997671069302
9 0.4027130724325638 0.592078539694759 0.44139733308495294 0.592078539694759 0.44139733308495294 0.6082133814162985 0.4027130724325638 0.6082133814162985
10 0.46222731959008556 0.3963558944639085 0.5019034843617667 0.3963558944639085 0.5019034843617667 0.41108770647053156 0.46222731959008556 0.41108770647053156
10 0.46024351135150154 0.446163449343444 0.5019034843617667 0.446163449343444 0.5019034843617667 0.45949223163515074 0.46024351135150154 0.45949223163515074
10 0.4642111278286696 0.4959710042229794 0.5009115802424746 0.4959710042229794 0.5009115802424746 0.5100013013721443 0.4642111278286696 0.5100013013721443
10 0.4642111278286696 0.5450770442450565 0.5048791967196428 0.5450770442450565 0.5048791967196428 0.5591073413942215 0.4642111278286696 0.5591073413942215
10 0.4652030319479616 0.5934815694096754 0.5019034843617667 0.5934815694096754 0.5019034843617667 0.6068103517013822 0.4652030319479616 0.6068103517013822
7 0.5723286768315008 0.3956543796064503 0.616964362199642 0.3956543796064503 0.616964362199642 0.4124907361854482 0.5723286768315008 0.4124907361854482
7 0.5693529644736246 0.44546193448598564 0.614980553961058 0.44546193448598564 0.614980553961058 0.46159677620752537 0.5693529644736246 0.46159677620752537
7 0.5693529644736246 0.4945679745080629 0.614980553961058 0.4945679745080629 0.614980553961058 0.5100013013721443 0.5693529644736246 0.5100013013721443
7 0.5624096356385804 0.5457785591025148 0.614980553961058 0.5457785591025148 0.614980553961058 0.5577043116793048 0.5624096356385804 0.5577043116793048
7 0.5703448685929167 0.594884599124592 0.6189481704382261 0.594884599124592 0.6189481704382261 0.606108836843924 0.5703448685929167 0.606108836843924
8 0.6725109928799956 0.3970574093213668 0.7201223906060131 0.3970574093213668 0.7201223906060131 0.41178922132799006 0.6725109928799956 0.41178922132799006
8 0.6625919516870753 0.44546193448598564 0.7221061988445969 0.44546193448598564 0.7221061988445969 0.4587907167776923 0.6625919516870753 0.4587907167776923
8 0.6735028969992877 0.4952694893655211 0.7221061988445971 0.4952694893655211 0.7221061988445971 0.5107028162296027 0.6735028969992877 0.5107028162296027
8 0.6526729104941551 0.5436740145301401 0.7211142947253051 0.5436740145301401 0.7211142947253051 0.5570027968218466 0.6526729104941551 0.5570027968218466
8 0.6715190887607037 0.5927800545522172 0.723098102963889 0.5927800545522172 0.723098102963889 0.6075118665588402 0.6715190887607037 0.6075118665588402
11 0.7688863402049573 0.3963558944639085 0.8075706008573463 0.3963558944639085 0.8075706008573463 0.4103861916130734 0.7688863402049573 0.4103861916130734
11 0.7718620525628332 0.44546193448598564 0.8085625049766382 0.44546193448598564 0.8085625049766382 0.46089526135006714 0.7718620525628332 0.46089526135006714
11 0.763926819608497 0.4952694893655211 0.8065786967380543 0.4952694893655211 0.8065786967380543 0.5100013013721443 0.763926819608497 0.5100013013721443
11 0.7748377649207093 0.5443755293875983 0.8085625049766383 0.5443755293875983 0.8085625049766383 0.560510371109138 0.7748377649207093 0.560510371109138
11 0.7678944360856651 0.592078539694759 0.8065786967380543 0.592078539694759 0.8065786967380543 0.6075118665588404 0.7678944360856651 0.6075118665588404
5 0.8621253274184079 0.3956543796064503 0.9107286292637171 0.3956543796064503 0.9107286292637171 0.4117892213279899 0.8621253274184079 0.4117892213279899
5 0.8522062862254879 0.44476041962852747 0.9127124375023016 0.44476041962852747 0.9127124375023016 0.46089526135006714 0.8522062862254879 0.46089526135006714
5 0.861133423299116 0.4945679745080629 0.9117205333830097 0.4945679745080629 0.9117205333830097 0.5092997865146861 0.861133423299116 0.5092997865146861
5 0.8383196285553991 0.5443755293875983 0.9077529169058413 0.5443755293875983 0.9077529169058413 0.5584058265367633 0.8383196285553991 0.5584058265367633
5 0.864109135656992 0.592078539694759 0.9107286292637173 0.592078539694759 0.9107286292637173 0.6075118665588404 0.864109135656992 0.6075118665588404
19 0.3939465831125702 0.7169481843223267 0.4365984602421274 0.7169481843223267 0.4365984602421274 0.7309784814714915 0.3939465831125702 0.7309784814714915
17 0.5705055163465513 0.7155451546074102 0.6419226129355774 0.7155451546074102 0.6419226129355774 0.7309784814714915 0.5705055163465513 0.7309784814714915
18 0.696477339496639 0.7162466694648684 0.7520239701769927 0.7162466694648684 0.7520239701769927 0.7323815111864078 0.696477339496639 0.7323815111864078
16 0.837327724436107 0.7176496991797847 0.9127124375023014 0.7176496991797847 0.9127124375023014 0.7330830260438662 0.837327724436107 0.7330830260438662
