4 0.20935040502886568 0.025851938895417162 0.3273176967514805 0.025851938895417162 0.3273176967514805 0.04935370152761457 0.20935040502886568 0.04935370152761457
3 0.4818382337965956 0.05287896592244419 0.6147591258784151 0.05287896592244419 0.6147591258784151 0.0799059929494712 0.4818382337965956 0.0799059929494712
1 0.4943338961720557 0.21449728551386868 0.6124247713687138 0.21449728551386868 0.6124247713687138 0.23003564097317272 0.4943338961720557 0.23003564097317272
14 0.08238898269534264 0.2125549910814556 0.21558450471947993 0.2125549910814556 0.21558450471947993 0.2300356409731727 0.08238898269534264 0.2300356409731727
13 0.08650843183010977 0.23100678818937917 0.35015317645520627 0.23100678818937917 0.35015317645520627 0.26305464632419384 0.08650843183010977 0.26305464632419384
15 0.14555386942843865 0.2717949712700524 0.2608984452019184 0.2717949712700524 0.2608984452019184 0.29024676837797597 0.14555386942843865 0.29024676837797597
12 0.13319552202413723 0.2921890628103889 0.38036247011016505 0.2921890628103889 0.38036247011016505 0.3077274182696931 0.13319552202413723 0.3077274182696931
0 0.49708019559523386 0.23392022983799868 0.7881879344521112 0.23392022983799868 0.7881879344521112 0.26888152962143286 0.49708019559523386 0.26888152962143286
2 0.5671108308862752 0.2747084129186719 0.683828556371344 0.2747084129186719 0.683828556371344 0.2921890628103889 0.5671108308862752 0.2921890628103889
6 0.1428075700052606 0.39707296216069143 0.3597652244363295 0.39707296216069143 0.3597652244363295 0.43688999802515815 0.1428075700052606 0.43688999802515815
6 0.1428075700052606 0.4436880285386037 0.36525782328268575 0.4436880285386037 0.36525782328268575 0.4864185060516899 0.1428075700052606 0.4864185060516899
6 0.1428075700052606 0.4951588309975484 0.31994388280024727 0.4951588309975484 0.31994388280024727 0.5330335724296021 0.1428075700052606 0.5330335724296021
6 0.13456867173572631 0.5378893085106347 0.35152632616679524 0.5378893085106347 0.35152632616679524 0.5815909332399273 0.13456867173572631 0.5815909332399273
6 0.13456867173572631 0.5932446998344054 0.36388467357109666 0.5932446998344054 0.36388467357109666 0.6204368218881875 0.13456867173572631 0.6204368218881875
9 0.40370601520717897 0.3912460788634525 0.44764680597802836 0.3912460788634525 0.44764680597802836 0.4135824648362021 0.40370601520717897 0.4135824648362021
9 0.4066987553184852 0.44623084235653176 0.4433613265526464 0.44623084235653176 0.4433613265526464 0.46130599271583567 0.4066987553184852 0.46130599271583567
9 0.4066987553184852 0.49688334756379293 0.43654038306722104 0.49688334756379293 0.43654038306722104 0.5071344498081197 0.4066987553184852 0.5071344498081197
9 0.40243566564009436 0.5427118046560769 0.44677179829535896 0.5427118046560769 0.44677179829535896 0.5577869550153809 0.40243566564009436 0.5577869550153809
9 0.40243566564009436 0.5939673158777103 0.4442139444883245 0.5939673158777103 0.4442139444883245 0.6084394602226423 0.40243566564009436 0.6084394602226423
10 0.46382415700892227 0.3991963732355034 0.5047498179214743 0.3991963732355034 0.5047498179214743 0.41246250555169084 0.46382415700892227 0.41246250555169084
10 0.4646767749446004 0.4474368543852761 0.5047498179214743 0.4474368543852761 0.5047498179214743 0.46070298670146353 0.4646767749446004 0.46070298670146353
10 0.4612663032018878 0.4974863535781652 0.5064550537928306 0.4974863535781652 0.5064550537928306 0.5095464738656083 0.4612663032018878 0.5095464738656083
10 0.4646767749446004 0.5433148106704491 0.5013393461787616 0.5433148106704491 0.5013393461787616 0.5577869550153809 0.4646767749446004 0.5577869550153809
10 0.46552939288027856 0.5933643098633382 0.5047498179214743 0.5933643098633382 0.5047498179214743 0.6060274361651535 0.46552939288027856 0.6060274361651535
7 0.5746644886470839 0.39799036120675907 0.6138849136882797 0.39799036120675907 0.6138849136882797 0.4100504814942022 0.5746644886470839 0.4100504814942022
7 0.5738118707114053 0.44261280627029853 0.6155901495596358 0.44261280627029853 0.6155901495596358 0.4582909626439746 0.5738118707114053 0.4582909626439746
7 0.5797801962611528 0.49567733553504856 0.6207058571737049 0.49567733553504856 0.6207058571737049 0.5095464738656083 0.5797801962611528 0.5095464738656083
7 0.5678435451616585 0.5433148106704491 0.6190006213023486 0.5433148106704491 0.6190006213023486 0.558389961029753 0.5678435451616585 0.558389961029753
7 0.5712540169043712 0.5945703218920825 0.615590149559636 0.5945703218920825 0.615590149559636 0.6066304421795257 0.5712540169043712 0.6066304421795257
8 0.6786838767998201 0.3961813431636426 0.7179043018410157 0.3961813431636426 0.7179043018410157 0.413065511566063 0.6786838767998201 0.413065511566063
8 0.673568169185751 0.4450248303277874 0.7213147735837285 0.4450248303277874 0.7213147735837285 0.45949697467271916 0.673568169185751 0.45949697467271916
8 0.6718629333143947 0.49447132350630424 0.7170516839053376 0.49447132350630424 0.7170516839053376 0.5053254317650031 0.6718629333143947 0.5053254317650031
8 0.6684524615716821 0.5439178166848212 0.7196095377123721 0.5439178166848212 0.7196095377123721 0.5577869550153809 0.6684524615716821 0.5577869550153809
8 0.6658946077646476 0.5909522858058496 0.7213147735837285 0.5909522858058496 0.7213147735837285 0.6084394602226423 0.6658946077646476 0.6084394602226423
11 0.7656509062389929 0.39557833714927043 0.8057239492158668 0.39557833714927043 0.8057239492158668 0.413065511566063 0.7656509062389929 0.413065511566063
11 0.7682087600460276 0.44381881829904307 0.8057239492158668 0.44381881829904307 0.8057239492158668 0.4607029867014635 0.7682087600460276 0.4607029867014635
11 0.7716192317887401 0.49447132350630424 0.8099870388942575 0.49447132350630424 0.8099870388942575 0.5119584979230968 0.7716192317887401 0.5119584979230968
11 0.7673561421103485 0.5427118046560766 0.8065765671515446 0.5427118046560766 0.8065765671515446 0.5577869550153808 0.7673561421103485 0.5577869550153808
11 0.7682087600460276 0.5915552918202217 0.8082818030229013 0.5915552918202217 0.8082818030229013 0.6078364542082699 0.7682087600460276 0.6078364542082699
5 0.8611441150349476 0.3943723251205261 0.908890719432925 0.3943723251205261 0.908890719432925 0.4154775356235516 0.8611441150349476 0.4154775356235516
5 0.8628493509063039 0.4474368543852761 0.91571166291835 0.4474368543852761 0.91571166291835 0.45889396865834703 0.8628493509063039 0.45889396865834703
5 0.8611441150349476 0.49567733553504856 0.9157116629183502 0.49567733553504856 0.9157116629183502 0.5089434678512361 0.8611441150349476 0.5089434678512361
5 0.8560284074208785 0.5415057926273326 0.9071854835615685 0.5415057926273326 0.9071854835615685 0.5595959730584974 0.8560284074208785 0.5595959730584974
5 0.8568810253565567 0.5897462737771052 0.9105959553042812 0.5897462737771052 0.9105959553042812 0.6102484782657587 0.8568810253565567 0.6102484782657587
19 0.39902519389738167 0.706729440565304 0.43739300100289913 0.706729440565304 0.43739300100289913 0.7212015849102357 0.39902519389738167 0.7212015849102357
17 0.5669909272259803 0.7272316450539571 0.6428739235013371 0.7272316450539571 0.6428739235013371 0.7459248314994938 0.5669909272259803 0.7459248314994938
18 0.6889152920279581 0.729643669111446 0.7511564013324642 0.729643669111446 0.7511564013324642 0.7465278375138663 0.6889152920279581 0.7465278375138663
16 0.8398286666429935 0.7320556931689345 0.9174168987897066 0.7320556931689345 0.9174168987897066 0.7465278375138663 0.8398286666429935 0.7465278375138663
