4 0.20766767406748504 0.02554278416347382 0.3322682785079761 0.02554278416347382 0.3322682785079761 0.04597701149425287 0.20766767406748504 0.04597701149425287
3 0.48576177673176935 0.05747126436781609 0.5923043225576965 0.05747126436781609 0.5923043225576965 0.07790549169859513 0.48576177673176935 0.07790549169859513
14 0.07960969889252707 0.2152894094025384 0.19622108881960895 0.2152894094025384 0.19622108881960895 0.2303564657730671 0.07960969889252707 0.2303564657730671
13 0.07848843552784358 0.23194247170680696 0.29040721145302123 0.23194247170680696 0.29040721145302123 0.2628695874147342 0.07848843552784358 0.2628695874147342
15 0.14688550077353585 0.2747646319177831 0.2668606807946682 0.2747646319177831 0.2668606807946682 0.29141769422205166 0.14688550077353585 0.29141769422205166
12 0.13567286712670107 0.2937967031226615 0.3756232271689658 0.2937967031226615 0.3756232271689658 0.30648475059258024 0.13567286712670107 0.30648475059258024
1 0.502325987378199 0.2152894094025384 0.6267862208580651 0.2152894094025384 0.6267862208580651 0.22797745687245727 0.502325987378199 0.22797745687245727
0 0.5000834606488319 0.23194247170680696 0.7097597098446428 0.23194247170680696 0.7097597098446428 0.2596975755472545 0.5000834606488319 0.2596975755472545
2 0.5673592625298407 0.27793664378526284 0.6783643356335051 0.27793664378526284 0.6783643356335051 0.29141769422205166 0.5673592625298407 0.29141769422205166
6 0.14177958247650607 0.4007196358010631 0.34193899303157343 0.4007196358010631 0.34193899303157343 0.42365773814854035 0.14177958247650607 0.42365773814854035
6 0.14455957428977062 0.43545447649867114 0.3595456470727877 0.43545447649867114 0.3595456470727877 0.4695337859028433 0.14455957428977062 0.4695337859028433
6 0.14177958247650607 0.4832968042519814 0.35027896847136797 0.4832968042519814 0.35027896847136797 0.5206531423607301 0.14177958247650607 0.5206531423607301
6 0.14363291035201595 0.5285176345941509 0.3410123290938185 0.5285176345941509 0.3410123290938185 0.5625971009389743 0.14363291035201595 0.5625971009389743
6 0.14733956610303572 0.573083090583535 0.3521323187605181 0.573083090583535 0.3521323187605181 0.6084733056339285 0.14733956610303572 0.6084733056339285
6 0.14177958247650607 0.6209254183368452 0.37159223903973154 0.6209254183368452 0.37159223903973154 0.6543495103288836 0.14177958247650607 0.6543495103288836
6 0.14641290216528077 0.66942312044294 0.35954560784891737 0.66942312044294 0.35954560784891737 0.6930165971432023 0.14641290216528077 0.6930165971432023
9 0.40402547686115453 0.3954766409787826 0.444798690122372 0.3954766409787826 0.444798690122372 0.4079287536816988 0.40402547686115453 0.4079287536816988
9 0.40217214898564463 0.43217760473474626 0.44757868193563677 0.43217760473474626 0.44757868193563677 0.44790658920158777 0.40217214898564463 0.44790658920158777
9 0.4030988129233996 0.4832968042519814 0.4355320507448226 0.4832968042519814 0.4355320507448226 0.49574891695489764 0.4030988129233996 0.49574891695489764
9 0.4040254768611539 0.5331052550636458 0.44294539026391205 0.5331052550636458 0.44294539026391205 0.5449020718841031 0.4040254768611539 0.5449020718841031
9 0.40217214898564463 0.5645632239973295 0.4457253540601269 0.5645632239973295 0.4457253540601269 0.5822583315225263 0.40217214898564463 0.5822583315225263
9 0.40402547686115453 0.6150270491617796 0.4383120425580873 0.6150270491617796 0.4383120425580873 0.6333775310397614 0.40402547686115453 0.6333775310397614
9 0.4012454514274293 0.6687677264725734 0.438312008937627 0.6687677264725734 0.438312008937627 0.6785983417643494 0.4012454514274293 0.6785983417643494
10 0.46147864100196095 0.3954766409787826 0.4994718624499136 0.3954766409787826 0.4994718624499136 0.4085841280344839 0.46147864100196095 0.4085841280344839
10 0.4633319688774708 0.43348835344031644 0.5031785182009333 0.43348835344031644 0.5031785182009333 0.4465958404960177 0.4633319688774708 0.4465958404960177
10 0.4586986491886961 0.480019932488056 0.5050318460764431 0.480019932488056 0.5050318460764431 0.49443816824932746 0.4586986491886961 0.49443816824932746
10 0.4661119606907357 0.5357267524747866 0.49854519851215856 0.5357267524747866 0.49854519851215856 0.5481788651777028 0.4661119606907357 0.5481788651777028
10 0.4670386246284897 0.5704615343196507 0.4994718624499127 0.5704615343196507 0.4994718624499127 0.5829137058753112 0.4670386246284897 0.5829137058753112
10 0.46703862462849055 0.61895929527849 0.4994718624499135 0.61895929527849 0.4994718624499135 0.6320667823341913 0.46703862462849055 0.6320667823341913
10 0.4642586328152257 0.6700784947957249 0.5013251903254233 0.6700784947957249 0.5013251903254233 0.6812198587930711 0.4642586328152257 0.6812198587930711
7 0.5773116332213286 0.39613201533156767 0.6171581825447912 0.39613201533156767 0.6171581825447912 0.40923950238726897 0.5773116332213286 0.40923950238726897
7 0.5726783135325536 0.43152223038196075 0.6143782467656268 0.43152223038196075 0.6143782467656268 0.44790658920158727 0.5726783135325536 0.44790658920158727
7 0.5791649610968385 0.48264142989919634 0.6208648382958109 0.48264142989919634 0.6208648382958109 0.49771504001325273 0.5791649610968385 0.49771504001325273
7 0.5736049774703088 0.5324498807108613 0.6125248628560164 0.5324498807108613 0.6125248628560164 0.5449019934137775 0.5736049774703088 0.5449019934137775
7 0.5791649610968385 0.5717723418779652 0.6153048546692812 0.5717723418779652 0.6153048546692812 0.5809475828169561 0.5791649610968385 0.5809475828169561
7 0.5736049774703088 0.6176485465729199 0.6143781907315262 0.6176485465729199 0.6143781907315262 0.6314114079814062 0.5736049774703088 0.6314114079814062
7 0.5773116332213286 0.6641801256206595 0.6236448301090758 0.6641801256206595 0.6236448301090758 0.6799091100875011 0.5773116332213286 0.6799091100875011
8 0.6792446663743722 0.3954766409787826 0.7181645517600798 0.3954766409787826 0.7181645517600798 0.41055025109283905 0.6792446663743722 0.41055025109283905
8 0.6773913384988623 0.43152223038196125 0.7209445435733446 0.43152223038196125 0.7209445435733446 0.4505280866127281 0.6773913384988623 0.4505280866127281
8 0.6746113466855975 0.4865736760159066 0.7218712075110995 0.4865736760159066 0.7218712075110995 0.49574891695489764 0.6746113466855975 0.49574891695489764
8 0.6746113466855975 0.5304837576525061 0.7163112238845698 0.5304837576525061 0.7163112238845698 0.5449019934137775 0.6746113466855975 0.5449019934137775
8 0.6727580188100876 0.5678400957612548 0.7172378878223247 0.5678400957612548 0.7172378878223247 0.5809475828169561 0.6727580188100876 0.5809475828169561
8 0.6755380106233524 0.6169931722201347 0.7163112238845698 0.6169931722201347 0.7163112238845698 0.6333775310397614 0.6755380106233524 0.6333775310397614
8 0.6727580188100876 0.6648354999734444 0.7163112238845698 0.6648354999734444 0.7163112238845698 0.6812198587930711 0.6727580188100876 0.6812198587930711
11 0.7728377240876213 0.39744276403713774 0.8024909700957793 0.39744276403713774 0.8024909700957793 0.41186099979840923 0.7728377240876213 0.41186099979840923
11 0.7654244125855817 0.4302114816763911 0.8024909700957793 0.4302114816763911 0.8024909700957793 0.44790658920158777 0.7654244125855817 0.44790658920158777
11 0.7700577322743564 0.4832968042519814 0.8071242897845541 0.4832968042519814 0.8071242897845541 0.49771504001325273 0.7700577322743564 0.49771504001325273
11 0.7719110601498664 0.5317945063580762 0.8015643061580244 0.5317945063580762 0.8015643061580244 0.5462127421193476 0.7719110601498664 0.5462127421193476
11 0.7682044043988465 0.5625971009389743 0.8024909700957794 0.5625971009389743 0.8024909700957794 0.5842244545808815 0.7682044043988465 0.5842244545808815
11 0.7682044043988465 0.6176485465729199 0.8043442979712894 0.6176485465729199 0.8043442979712894 0.6366544028036867 0.7682044043988465 0.6366544028036867
11 0.7719110601498664 0.6668016230317997 0.807124289784554 0.6668016230317997 0.807124289784554 0.679909110087501 0.7719110601498664 0.679909110087501
5 0.8710641014896452 0.3954766409787826 0.9109106508131076 0.3954766409787826 0.9109106508131076 0.4085841280344839 0.8710641014896452 0.4085841280344839
5 0.8627241260498507 0.43217760473474626 0.9127639786886176 0.43217760473474626 0.9127639786886176 0.4465958404960176 0.8627241260498507 0.4465958404960176
5 0.8664307818008703 0.480019932488056 0.9081306589998428 0.480019932488056 0.9081306589998428 0.49771504001325273 0.8664307818008703 0.49771504001325273
5 0.8617974621120956 0.5331052550636464 0.9081306589998428 0.5331052550636464 0.9081306589998428 0.5462127421193478 0.8617974621120956 0.5462127421193478
5 0.8664307818008703 0.5684954701140399 0.9109106508131076 0.5684954701140399 0.9109106508131076 0.5822583315225263 0.8664307818008703 0.5822583315225263
5 0.8617974621120956 0.6176485465729199 0.9072039950620878 0.6176485465729199 0.9072039950620878 0.6346882797453315 0.8617974621120956 0.6346882797453315
5 0.8627241260498507 0.6641801256206595 0.9118373147508625 0.6641801256206595 0.9118373147508625 0.6825306074986413 0.8627241260498507 0.6825306074986413
19 0.40015033675781564 0.7804206743954722 0.4372168942680133 0.7804206743954722 0.4372168942680133 0.7959113409158466 0.40015033675781564 0.7959113409158466
17 0.5635801585073236 0.8060398536407063 0.6393981170509097 0.8060398536407063 0.6393981170509097 0.8209347252949125 0.5635801585073236 0.8209347252949125
18 0.6891010009850383 0.8054440587745382 0.7573371636742657 0.8054440587745382 0.7573371636742657 0.8191473406964076 0.6891010009850383 0.8191473406964076
16 0.837367231025829 0.80484826390837 0.9123427678078199 0.80484826390837 0.9123427678078199 0.8221263150272491 0.837367231025829 0.8221263150272491
