4 0.21046021124279873 0.029912118702455578 0.32394365848156265 0.029912118702455578 0.32394365848156265 0.047423413359823044 0.21046021124279873 0.047423413359823044
3 0.4786938138071498 0.05544942341111648 0.5942405964502547 0.05544942341111648 0.5942405964502547 0.07587926717804519 0.4786938138071498 0.07587926717804519
14 0.07531174225845255 0.21378071260481402 0.34870368333365664 0.21378071260481402 0.34870368333365664 0.23129200726218146 0.07531174225845255 0.23129200726218146
13 0.07428007455628194 0.23348091909435248 0.3229119907793919 0.23348091909435248 0.3229119907793919 0.2604774983577941 0.07428007455628194 0.2604774983577941
15 0.14649681370822265 0.27434060662820986 0.2558535901383043 0.27434060662820986 0.2558535901383043 0.2896629894534064 0.14649681370822265 0.2896629894534064
12 0.13411680128217568 0.2896629894534064 0.38893872371830923 0.2896629894534064 0.38893872371830923 0.3042557350012126 0.13411680128217568 0.3042557350012126
1 0.4962321647440497 0.2108621634952528 0.5983672672589372 0.2108621634952528 0.5983672672589372 0.23056236998479118 0.4962321647440497 0.23056236998479118
0 0.5013905032549026 0.23202164453957186 0.8212074909277828 0.23202164453957186 0.8212074909277828 0.25974786108040365 0.5013905032549026 0.25974786108040365
2 0.5632905653851374 0.27434060662820986 0.677805680326072 0.27434060662820986 0.677805680326072 0.2896629894534064 0.5632905653851374 0.2896629894534064
6 0.138243472090858 0.39764930650717245 0.35179868644016826 0.39764930650717245 0.35179868644016826 0.4443460922601524 0.138243472090858 0.4443460922601524
6 0.14133847519736975 0.45529065142100705 0.36417869886621523 0.45529065142100705 0.36417869886621523 0.4925021525679129 0.14133847519736975 0.4925021525679129
6 0.14030680749519917 0.5100134472252804 0.36005202805753295 0.5100134472252804 0.36005202805753295 0.5421174874304541 0.14030680749519917 0.5421174874304541
9 0.40441373925086793 0.39400112012022087 0.44568044733769124 0.39400112012022087 0.44568044733769124 0.4115124147775884 0.40441373925086793 0.4115124147775884
9 0.40441373925086793 0.45747956325317807 0.4425854442311795 0.45747956325317807 0.4425854442311795 0.47280194607837456 0.40441373925086793 0.47280194607837456
9 0.4002870684421856 0.5049059862835482 0.44361711193335 0.5049059862835482 0.44361711193335 0.5187690945539641 0.4002870684421856 0.5187690945539641
10 0.46734546908327346 0.3969196692297821 0.5034538386592438 0.3969196692297821 0.5034538386592438 0.4078642283906368 0.46734546908327346 0.4078642283906368
10 0.4642504659767617 0.45893883780795863 0.5055171740635849 0.45893883780795863 0.5055171740635849 0.47207230880098416 0.4642504659767617 0.47207230880098416
10 0.4663138013811029 0.5027170744513773 0.5044855063614144 0.5027170744513773 0.5044855063614144 0.5202283691087447 0.4663138013811029 0.5202283691087447
7 0.5632905653851374 0.39764930650717245 0.615905618195837 0.39764930650717245 0.615905618195837 0.4093235029454174 0.5632905653851374 0.4093235029454174
7 0.5674172361938198 0.4523721023114458 0.6148739504936666 0.4523721023114458 0.6148739504936666 0.46988339696881337 0.5674172361938198 0.46988339696881337
7 0.5674172361938198 0.5070948981157191 0.6159056181958371 0.5070948981157191 0.6159056181958371 0.5216876436635254 0.5674172361938198 0.5216876436635254
8 0.6489189846652956 0.3947307573976112 0.7190723884128952 0.3947307573976112 0.7190723884128952 0.41078277750019804 0.6489189846652956 0.41078277750019804
8 0.6643940001978543 0.4545610141436167 0.7180407207107244 0.4545610141436167 0.7180407207107244 0.4749908579105455 0.6643940001978543 0.4749908579105455
8 0.6623306647935132 0.5056356235609385 0.7231990592215775 0.5056356235609385 0.7231990592215775 0.5194987318313544 0.6623306647935132 0.5194987318313544
11 0.7716874412235949 0.39619003195239183 0.8067641430973949 0.39619003195239183 0.8067641430973949 0.4115124147775884 0.7716874412235949 0.4115124147775884
11 0.7654974350105713 0.45529065142100705 0.8067641430973947 0.45529065142100705 0.8067641430973947 0.47207230880098416 0.7654974350105713 0.47207230880098416
11 0.7716874412235949 0.5027170744513773 0.8108908139060771 0.5027170744513773 0.8108908139060771 0.5216876436635254 0.7716874412235949 0.5216876436635254
5 0.8356508387581709 0.3947307573976112 0.9058042425057704 0.3947307573976112 0.9058042425057704 0.4115124147775884 0.8356508387581709 0.4115124147775884
5 0.8500941865885591 0.45747956325317807 0.9130259164209645 0.45747956325317807 0.9130259164209645 0.4691537596914229 0.8500941865885591 0.4691537596914229
5 0.8562841928015824 0.5056356235609385 0.9099309133144529 0.5056356235609385 0.9099309133144529 0.5202283691087447 0.8562841928015824 0.5202283691087447
19 0.4013187361443562 0.6286189962382057 0.4415537765290088 0.6286189962382057 0.4415537765290088 0.6454006536181829 0.4013187361443562 0.6454006536181829
17 0.5540055560656023 0.6548859382242569 0.6437606461544428 0.6548859382242569 0.6437606461544428 0.6723972328816245 0.5540055560656023 0.6723972328816245
18 0.6829640188369249 0.6570748500564279 0.7562124256910362 0.6570748500564279 0.7562124256910362 0.671667595604234 0.6829640188369249 0.671667595604234
16 0.8263658294386357 0.6563452127790376 0.909930913314453 0.6563452127790376 0.909930913314453 0.671667595604234 0.8263658294386357 0.671667595604234
