4 0.20654747724796957 0.027808361138759608 0.33735588076564743 0.027808361138759608 0.33735588076564743 0.04949109852878946 0.20654747724796957 0.04949109852878946
3 0.4794056314606257 0.05455040391979642 0.6030604504109305 0.05455040391979642 0.6030604504109305 0.08129244670083322 0.4794056314606257 0.08129244670083322
14 0.07790253593869205 0.21180973656355456 0.3449969448713505 0.21180973656355456 0.3449969448713505 0.23104955220764106 0.07790253593869205 0.23104955220764106
13 0.07419289137018291 0.23192408928237224 0.3449969448713506 0.23192408928237224 0.3449969448713506 0.2660310351968892 0.07419289137018291 0.2660310351968892
15 0.14343958998235362 0.27565094301893245 0.26091166798514315 0.27565094301893245 0.26091166798514315 0.2922671474388253 0.14343958998235362 0.2922671474388253
12 0.1298375598978201 0.2922671474388253 0.3932223242619694 0.2922671474388253 0.3932223242619694 0.30800881478398695 0.1298375598978201 0.30800881478398695
1 0.49832892036972853 0.21180973656355456 0.7678964256813932 0.21180973656355456 0.7678964256813932 0.23104955220764106 0.49832892036972853 0.23104955220764106
0 0.4970923721802255 0.23192408928237224 0.787681196713442 0.23192408928237224 0.787681196713442 0.2669055722716204 0.4970923721802255 0.2669055722716204
2 0.5626294262238871 0.2747764059442012 0.6887573415531979 0.2747764059442012 0.6887573415531979 0.29489075866301895 0.5626294262238871 0.29489075866301895
6 0.13602030084533534 0.3972115964065698 0.34994313762936274 0.3972115964065698 0.34994313762936274 0.43569122769474267 0.13602030084533534 0.43569122769474267
6 0.13478375265583228 0.4435620613673236 0.36601826409290233 0.4435620613673236 0.36601826409290233 0.48466530387969015 0.13478375265583228 0.48466530387969015
6 0.13354720446632923 0.49166160047753976 0.3412873003028413 0.49166160047753976 0.3412873003028413 0.5345139171393688 0.13354720446632923 0.5345139171393688
6 0.13478375265583228 0.5432592878866809 0.28316953539619816 0.5432592878866809 0.28316953539619816 0.5616245664560361 0.13478375265583228 0.5616245664560361
6 0.13354720446632923 0.5677463259791545 0.3660182640929023 0.5677463259791545 0.3660182640929023 0.6088495684915212 0.13354720446632923 0.6088495684915212
6 0.1298375598978201 0.616720402164102 0.37591064960892673 0.616720402164102 0.37591064960892673 0.646454662704963 0.1298375598978201 0.646454662704963
6 0.13354720446632923 0.6543254963775437 0.3783837459879328 0.6543254963775437 0.3783837459879328 0.6840597569184047 0.13354720446632923 0.6840597569184047
9 0.40187816158849077 0.3963370593318386 0.4389746072735823 0.3963370593318386 0.4389746072735823 0.41470233790119376 0.40187816158849077 0.41470233790119376
9 0.3981685170199816 0.4426875242925924 0.4476304446001036 0.4426875242925924 0.4476304446001036 0.46192733993667895 0.3981685170199816 0.46192733993667895
9 0.39693196883047854 0.49166160047753976 0.44639389641060045 0.49166160047753976 0.44639389641060045 0.5126504902710887 0.39693196883047854 0.5126504902710887
9 0.40064161339898774 0.5415102137372184 0.4476304446001035 0.5415102137372184 0.4476304446001035 0.5624991035307673 0.40064161339898774 0.5624991035307673
9 0.40064161339898774 0.5668717889044234 0.4525766373581157 0.5668717889044234 0.4525766373581157 0.5861116045485097 0.40064161339898774 0.5861116045485097
9 0.3981685170199816 0.6149713280146396 0.4451573482210974 0.6149713280146396 0.4451573482210974 0.6377092919576508 0.3981685170199816 0.6377092919576508
9 0.4043512579674968 0.6508273480786189 0.4451573482210974 0.6508273480786189 0.4451573482210974 0.6735653120216302 0.4043512579674968 0.6735653120216302
10 0.45999592649513404 0.3954625222571074 0.5069847576962498 0.3954625222571074 0.5069847576962498 0.4147023379011938 0.45999592649513404 0.4147023379011938
10 0.45999592649513404 0.4444365984420548 0.5057482095067468 0.4444365984420548 0.5057482095067468 0.4636764140861413 0.45999592649513404 0.4636764140861413
10 0.458759378305631 0.4899125263280774 0.509457854075256 0.4899125263280774 0.509457854075256 0.5117759531963575 0.458759378305631 0.5117759531963575
10 0.45999592649513404 0.5432592878866809 0.5069847576962498 0.5432592878866809 0.5069847576962498 0.5607500293813049 0.45999592649513404 0.5607500293813049
10 0.45752283011612793 0.5659972518296921 0.5119309504542621 0.5659972518296921 0.5119309504542621 0.586986141623241 0.45752283011612793 0.586986141623241
10 0.45999592649513404 0.6158458650893707 0.5057482095067468 0.6158458650893707 0.5057482095067468 0.6377092919576508 0.45999592649513404 0.6377092919576508
10 0.45752283011612793 0.6543254963775437 0.5082213058857529 0.6543254963775437 0.5082213058857529 0.6726907749468991 0.45752283011612793 0.6726907749468991
7 0.5589197816553779 0.39021529980872016 0.6232202875095364 0.39021529980872016 0.6232202875095364 0.4182004862001186 0.5589197816553779 0.4182004862001186
7 0.5638659744133901 0.4426875242925924 0.6256933838885426 0.4426875242925924 0.6256933838885426 0.46630002531033493 0.5638659744133901 0.46630002531033493
7 0.5663390707923962 0.49078706340280853 0.6256933838885426 0.49078706340280853 0.6256933838885426 0.5152741014952822 0.5663390707923962 0.5152741014952822
7 0.5675756189818992 0.5380120654382936 0.6306395766465548 0.5380120654382936 0.6306395766465548 0.5616245664560361 0.5675756189818992 0.5616245664560361
7 0.5675756189818992 0.5651227147549609 0.6306395766465548 0.5651227147549609 0.6306395766465548 0.5878606786979722 0.5675756189818992 0.5878606786979722
7 0.5688121671714024 0.6149713280146396 0.6219837393200334 0.6149713280146396 0.6219837393200334 0.6377092919576508 0.5688121671714024 0.6377092919576508
7 0.5651025226028932 0.6525764222280814 0.6269299320780456 0.6525764222280814 0.6269299320780456 0.6770634603205552 0.5651025226028932 0.6770634603205552
8 0.6566070886261187 0.39196437395818257 0.7246172390487864 0.39196437395818257 0.7246172390487864 0.41470233790119376 0.6566070886261187 0.41470233790119376
8 0.6652629259526399 0.4435620613673236 0.7258537872382895 0.4435620613673236 0.7258537872382895 0.4663000253103349 0.6652629259526399 0.4663000253103349
8 0.6640263777631371 0.492536137552271 0.7295634318067987 0.492536137552271 0.7295634318067987 0.5152741014952823 0.6640263777631371 0.5152741014952823
8 0.6640263777631371 0.5415102137372184 0.7270903354277923 0.5415102137372184 0.7270903354277923 0.5590009552318425 0.6640263777631371 0.5590009552318425
8 0.6689725705211492 0.5642481776802297 0.7258537872382895 0.5642481776802297 0.7258537872382895 0.586986141623241 0.6689725705211492 0.586986141623241
8 0.6689725705211492 0.616720402164102 0.7295634318067987 0.616720402164102 0.7295634318067987 0.6377092919576508 0.6689725705211492 0.6377092919576508
8 0.6677360223316462 0.6517018851533501 0.7258537872382895 0.6517018851533501 0.7258537872382895 0.6744398490963615 0.6677360223316462 0.6744398490963615
11 0.765423329302387 0.39196437395818257 0.812412160503503 0.39196437395818257 0.812412160503503 0.41732594912538734 0.765423329302387 0.41732594912538734
11 0.76665987749189 0.4426875242925924 0.814885256882509 0.4426875242925924 0.814885256882509 0.4645509511608724 0.76665987749189 0.4645509511608724
11 0.76665987749189 0.4899125263280774 0.8111756123139997 0.4899125263280774 0.8111756123139997 0.5126504902710887 0.76665987749189 0.5126504902710887
11 0.764186781112884 0.5388866025130248 0.814885256882509 0.5388866025130248 0.814885256882509 0.5616245664560361 0.764186781112884 0.5616245664560361
11 0.764186781112884 0.5677463259791545 0.816121805072012 0.5677463259791545 0.816121805072012 0.5922333640716282 0.764186781112884 0.5922333640716282
11 0.7629502329233808 0.6158458650893707 0.8136487086930058 0.6158458650893707 0.8136487086930058 0.6377092919576508 0.7629502329233808 0.6377092919576508
11 0.7604771365443748 0.6508273480786189 0.8111756123139998 0.6508273480786189 0.8111756123139998 0.6770634603205551 0.7604771365443748 0.6770634603205551
5 0.8519817025676004 0.38934076273398893 0.9138091120427528 0.38934076273398893 0.9138091120427528 0.41557687497592505 0.8519817025676004 0.41557687497592505
5 0.8569278953256126 0.4418129872178611 0.9138091120427528 0.4418129872178611 0.9138091120427528 0.46542548823560365 0.8569278953256126 0.46542548823560365
5 0.8569278953256126 0.4899125263280774 0.9138091120427528 0.4899125263280774 0.9138091120427528 0.51352502734582 0.8569278953256126 0.51352502734582
5 0.8618740880836249 0.5406356766624872 0.9138091120427528 0.5406356766624872 0.9138091120427528 0.5598754923065737 0.8618740880836249 0.5598754923065737
5 0.8581644435151157 0.5668717889044234 0.917518756611262 0.5668717889044234 0.917518756611262 0.5861116045485097 0.8581644435151157 0.5861116045485097
5 0.8532182507571036 0.6158458650893707 0.9125725638532497 0.6158458650893707 0.9125725638532497 0.6377092919576508 0.8532182507571036 0.6377092919576508
5 0.8594009917046186 0.6534509593028125 0.9138091120427528 0.6534509593028125 0.9138091120427528 0.6744398490963615 0.8594009917046186 0.6744398490963615
19 0.3957415823986117 0.7662367722978888 0.4448807272211804 0.7662367722978888 0.4448807272211804 0.7841563899755993 0.3957415823986117 0.7841563899755993
17 0.5562116022098125 0.7923016707381951 0.6483474987521287 0.7923016707381951 0.6483474987521287 0.8118503445684249 0.5562116022098125 0.8118503445684249
18 0.6852018573690554 0.790672614585676 0.7589105746029083 0.790672614585676 0.7589105746029083 0.8107643071334122 0.6852018573690554 0.8107643071334122
16 0.8341314513436034 0.7924024392100982 0.9199744661520797 0.7924024392100982 0.9199744661520797 0.8104713870351231 0.8341314513436034 0.8104713870351231
