4 0.20766767406748504 0.02937420178799489 0.33046247264651973 0.02937420178799489 0.33046247264651973 0.04597701149425287 0.20766767406748504 0.04597701149425287
3 0.4803443591474002 0.05747126436781609 0.6103623811722604 0.05747126436781609 0.6103623811722604 0.07918263090676884 0.4803443591474002 0.07918263090676884
14 0.07764965204262485 0.21328224776500637 0.22211412095913619 0.21328224776500637 0.22211412095913619 0.22988505747126436 0.07764965204262485 0.22988505747126436
13 0.08017033057486879 0.23246838531353084 0.33424860901214537 0.23246838531353084 0.33424860901214537 0.2621266962744662 0.08017033057486879 0.2621266962744662
15 0.14800677905449686 0.2769558909214353 0.26271202126161686 0.2769558909214353 0.26271202126161686 0.291785046401903 0.14800677905449686 0.291785046401903
12 0.13567286712670104 0.2926573104989585 0.3737170794490038 0.2926573104989585 0.3737170794490038 0.30399725292519847 0.13567286712670104 0.30399725292519847
1 0.5044563877710975 0.21240541025172163 0.642596034300102 0.21240541025172163 0.642596034300102 0.230723778786417 0.5044563877710975 0.230723778786417
0 0.4982894392653383 0.23159608204997392 0.7881360190360178 0.23159608204997392 0.7881360190360178 0.2612543930109093 0.4982894392653383 0.2612543930109093
2 0.5624257037252334 0.27521124522782003 0.6783643356335051 0.27521124522782003 0.6783643356335051 0.29091270397184466 0.5624257037252334 0.29091270397184466
6 0.14183981563246018 0.3982060053893461 0.3564496236328782 0.3982060053893461 0.3564496236328782 0.4322258326680661 0.14183981563246018 0.4322258326680661
9 0.39961826317319216 0.3955890955986753 0.44525368211580973 0.3955890955986753 0.44525368211580973 0.41303516086981373 0.39961826317319216 0.41303516086981373
10 0.4612877109400894 0.3982060053893461 0.49705601227349244 0.3982060053893461 0.49705601227349244 0.4112905543427 0.4612877109400894 0.4112905543427
7 0.5685926522309924 0.3894829727537769 0.6240951887828248 0.3894829727537769 0.6240951887828248 0.41041825107914304 0.5685926522309924 0.41041825107914304
8 0.6721973871277459 0.39384448907156155 0.7264665339784264 0.39384448907156155 0.7264665339784264 0.40867364455202926 0.6721973871277459 0.40867364455202926
11 0.765935004415285 0.3929721858080045 0.8066368645532953 0.3929721858080045 0.8066368645532953 0.41041825107914304 0.765935004415285 0.41041825107914304
5 0.864606180507431 0.39384448907156155 0.9127083788523523 0.39384448907156155 0.9127083788523523 0.4112905543427 0.864606180507431 0.4112905543427
19 0.3959180940697366 0.5177115524966446 0.4390867336100506 0.5177115524966446 0.4390867336100506 0.5369022242948966 0.3959180940697366 0.5369022242948966
17 0.5772263801390553 0.5438806504033522 0.6462962034035576 0.5438806504033522 0.6462962034035576 0.5613267156744906 0.5772263801390553 0.5613267156744906
18 0.6980985708519344 0.5447529536669091 0.7573012765072221 0.5447529536669091 0.7573012765072221 0.5613267156744906 0.6980985708519344 0.5613267156744906
16 0.8498055040936091 0.5438806504033522 0.9127083788523523 0.5438806504033522 0.9127083788523523 0.5613267156744906 0.8498055040936091 0.5613267156744906
