4 0.20947347992894144 0.02681992337164751 0.32323924920069413 0.02681992337164751 0.32323924920069413 0.05108556832694764 0.20947347992894144 0.05108556832694764
3 0.48395597087031295 0.05236270753512133 0.6031391577264348 0.05236270753512133 0.6031391577264348 0.07790549169859513 0.48395597087031295 0.07790549169859513
14 0.08185222562189402 0.21343625252467008 0.18500845517277414 0.21343625252467008 0.18500845517277414 0.23008931482893866 0.08185222562189402 0.23008931482893866
13 0.0829734889865775 0.23167532076267847 0.23995036004226464 0.23167532076267847 0.23995036004226464 0.2618094335037358 0.0829734889865775 0.2618094335037358
15 0.14688550077353585 0.27370447800678477 0.2534055204184665 0.27370447800678477 0.2534055204184665 0.2895645373441833 0.14688550077353585 0.2895645373441833
12 0.13455160376201755 0.29035754031105326 0.3812295439923831 0.29035754031105326 0.3812295439923831 0.3062175996484519 0.13455160376201755 0.3062175996484519
1 0.5034472507428824 0.21343625252467008 0.6088460070231295 0.21343625252467008 0.6088460070231295 0.22929631186206872 0.5034472507428824 0.22929631186206872
0 0.5023259805980728 0.23246828812363812 0.7534889742871722 0.23246828812363812 0.7534889742871722 0.2610163949309556 0.5023259805980728 0.2610163949309556
2 0.5662379991651573 0.27766949284113435 0.6738792821747713 0.27766949284113435 0.6738792821747713 0.28877153437731345 0.5662379991651573 0.28877153437731345
6 0.14363291035201595 0.3953422557625351 0.3456456487825933 0.3953422557625351 0.3456456487825933 0.43532009128242405 0.14363291035201595 0.43532009128242405
6 0.14363291035201595 0.44777220398534034 0.34657231272034816 0.44777220398534034 0.34657231272034816 0.47071030633281763 0.14363291035201595 0.47071030633281763
6 0.1445595742897709 0.483817793388519 0.3595456078489173 0.483817793388519 0.3595456078489173 0.5192080084389125 0.1445595742897709 0.5192080084389125
6 0.14641290216528077 0.5329708698473989 0.3428656569693284 0.5329708698473989 0.3428656569693284 0.5657395874866522 0.14641290216528077 0.5657395874866522
6 0.14177958247650607 0.583434695011849 0.36510559147544697 0.583434695011849 0.36510559147544697 0.6207910331205976 0.14177958247650607 0.6207910331205976
6 0.14270621279380064 0.6299662936771698 0.3465723127203481 0.6299662936771698 0.3465723127203481 0.6686333804914887 0.14270621279380064 0.6686333804914887
6 0.14177958247650607 0.6797747248712537 0.33359901759177896 0.6797747248712537 0.33359901759177896 0.7158203142744324 0.14177958247650607 0.7158203142744324
9 0.4030988129233996 0.3959976301153202 0.4410920343713522 0.3959976301153202 0.4410920343713522 0.41172661458216175 0.4030988129233996 0.41172661458216175
9 0.3984654932346249 0.44515070657420014 0.44016537043359716 0.44515070657420014 0.44016537043359716 0.45760281927711643 0.3984654932346249 0.45760281927711643
9 0.4077321326121743 0.4805409216245936 0.443872026184617 0.4805409216245936 0.443872026184617 0.4975806547970053 0.4077321326121743 0.4975806547970053
9 0.40402547686115453 0.5323154954946138 0.44294536224686204 0.5323154954946138 0.44294536224686204 0.5473891056086704 0.40402547686115453 0.5473891056086704
9 0.40587880473666443 0.5788470745423535 0.44016537043359716 0.5788470745423535 0.44016537043359716 0.5978529307731204 0.40587880473666443 0.5978529307731204
9 0.40402547686115453 0.6286555253540185 0.4410920343713522 0.6286555253540185 0.4410920343713522 0.6443845098208602 0.40402547686115453 0.6443845098208602
9 0.40680546867441936 0.6797747248712537 0.4392387064958424 0.6797747248712537 0.4392387064958424 0.6935375862797399 0.40680546867441936 0.6935375862797399
10 0.4661119606907357 0.3986191275264604 0.5087385018274629 0.3986191275264604 0.5087385018274629 0.4097604915238065 0.4661119606907357 0.4097604915238065
10 0.4642586328152257 0.44711682963255533 0.5031785182009333 0.44711682963255533 0.5031785182009333 0.4576028192771164 0.4642586328152257 0.4576028192771164
10 0.4661119606907357 0.4851285420940891 0.5003985263876685 0.4851285420940891 0.5003985263876685 0.4975806547970053 0.4661119606907357 0.4975806547970053
10 0.4633319688774708 0.5329708698473989 0.5078118378897079 0.5329708698473989 0.5078118378897079 0.5460783569031004 0.4633319688774708 0.5460783569031004
10 0.4642586328152257 0.5814685719534938 0.5013251903254233 0.5814685719534938 0.5013251903254233 0.5945760590091951 0.4642586328152257 0.5945760590091951
10 0.46703862462849055 0.6319323971179438 0.5003985263876685 0.6319323971179438 0.5003985263876685 0.6424183867625048 0.46703862462849055 0.6424183867625048
10 0.4642586328152257 0.6817408479296089 0.4994718624499135 0.6817408479296089 0.4994718624499135 0.6915714632213846 0.4642586328152257 0.6915714632213846
7 0.5652650020305143 0.39665300446810525 0.6125248628560164 0.39665300446810525 0.6125248628560164 0.41107124022937674 0.5652650020305143 0.41107124022937674
7 0.5643383380927595 0.4458060809269852 0.619011510420301 0.4458060809269852 0.619011510420301 0.45825819362990144 0.5643383380927595 0.45825819362990144
7 0.5634116741550045 0.4805409216245936 0.6143781907315262 0.4805409216245936 0.6143781907315262 0.4949591573858651 0.5634116741550045 0.4949591573858651
7 0.5680449938437792 0.5329708698473989 0.6162315186070362 0.5329708698473989 0.6162315186070362 0.5460783569031004 0.5680449938437792 0.5460783569031004
7 0.5652650020305143 0.5801578232479236 0.6143781907315262 0.5801578232479236 0.6143781907315262 0.5919545615980548 0.5652650020305143 0.5919545615980548
7 0.5643383380927595 0.6260340279428781 0.617158182544791 0.6260340279428781 0.617158182544791 0.64438450982086 0.5643383380927595 0.64438450982086
7 0.5652650020305143 0.6804300992240386 0.6143781907315262 0.6804300992240386 0.6143781907315262 0.6941929606325249 0.5652650020305143 0.6941929606325249
8 0.6625647154947832 0.39665300446810525 0.7227978714488544 0.39665300446810525 0.7227978714488544 0.41107124022937674 0.6625647154947832 0.41107124022937674
8 0.6542247400549887 0.44383995786863 0.7227978714488544 0.44383995786863 0.7227978714488544 0.4589135679826865 0.6542247400549887 0.4589135679826865
8 0.6653447073080482 0.483817793388519 0.713531232071305 0.483817793388519 0.713531232071305 0.4949591573858651 0.6653447073080482 0.4949591573858651
8 0.6681246991213129 0.5323154954946138 0.7163112238845699 0.5323154954946138 0.7163112238845699 0.5434568594919599 0.6681246991213129 0.5434568594919599
8 0.653298076117234 0.5814685719534938 0.7181645517600798 0.5814685719534938 0.7181645517600798 0.5932653103036248 0.653298076117234 0.5932653103036248
8 0.6662713656423922 0.6299662152068438 0.7181645573634889 0.6299662152068438 0.7181645573634889 0.6430737414977084 0.6662713656423922 0.6430737414977084
8 0.6625647154947832 0.6804300992240386 0.7190912156978347 0.6804300992240386 0.7190912156978347 0.6909160888685997 0.6625647154947832 0.6909160888685997
11 0.7691310683366015 0.3953422557625351 0.8099042815978189 0.3953422557625351 0.8099042815978189 0.4150034863460871 0.7691310683366015 0.4150034863460871
11 0.7700577322743564 0.44383995786863 0.8108309455355739 0.44383995786863 0.8108309455355739 0.4621904397466118 0.7700577322743564 0.4621904397466118
11 0.7672777404610914 0.4831624190357339 0.807124289784554 0.4831624190357339 0.807124289784554 0.4962699060914353 0.7672777404610914 0.4962699060914353
11 0.7691310683366015 0.5264171263195483 0.808977617660064 0.5264171263195483 0.808977617660064 0.5473891056086704 0.7691310683366015 0.5473891056086704
11 0.7691310683366015 0.5762255771312133 0.8052709619090443 0.5762255771312133 0.8052709619090443 0.5978529307731204 0.7691310683366015 0.5978529307731204
11 0.7682044043988465 0.6273447766484483 0.8099042815978189 0.6273447766484483 0.8099042815978189 0.6470060072320002 0.7682044043988465 0.6470060072320002
11 0.7700577322743564 0.6797747248712537 0.8071242897845541 0.6797747248712537 0.8071242897845541 0.6935375862797399 0.7700577322743564 0.6935375862797399
5 0.856237478485566 0.3959976301153202 0.9081306589998428 0.3959976301153202 0.9081306589998428 0.4110712402293767 0.856237478485566 0.4110712402293767
5 0.8367775357927123 0.444495332221415 0.9109106508131076 0.444495332221415 0.9109106508131076 0.4582581936299014 0.8367775357927123 0.4582581936299014
5 0.8580908063610757 0.4811962959773787 0.906277331124333 0.4811962959773787 0.906277331124333 0.4949591573858651 0.8580908063610757 0.4949591573858651
5 0.8580908063610757 0.5296939980834735 0.9090573229375977 0.5296939980834735 0.9090573229375977 0.5454229825503151 0.8580908063610757 0.5454229825503151
5 0.8441908472947518 0.5795024488951386 0.9136906426263725 0.5795024488951386 0.9136906426263725 0.5945760590091952 0.8441908472947518 0.5945760590091952
5 0.8423375194192418 0.6306216484123737 0.9127639786886176 0.6306216484123737 0.9127639786886176 0.6417630124097198 0.8423375194192418 0.6417630124097198
5 0.856237478485566 0.6784639761656834 0.9109106508131076 0.6784639761656834 0.9109106508131076 0.6935375862797399 0.856237478485566 0.6935375862797399
19 0.39930791499622026 0.8035925822465644 0.43637447250641803 0.8035925822465644 0.43637447250641803 0.8196790436331067 0.39930791499622026 0.8196790436331067
17 0.5526286756065834 0.8256369922947893 0.6410829605741006 0.8256369922947893 0.6410829605741006 0.839340274216659 0.5526286756065834 0.839340274216659
18 0.6806767833690843 0.827424376893294 0.7505977895815028 0.827424376893294 0.7505977895815028 0.8423192485475 0.6806767833690843 0.8423192485475
16 0.8247309046018981 0.8280201717594623 0.9131851895694152 0.8280201717594623 0.9131851895694152 0.8429150434136683 0.8247309046018981 0.8429150434136683
