4 0.21515728200041906 0.031775205863053345 0.3251995560006334 0.031775205863053345 0.3251995560006334 0.04803743099079311 0.21515728200041906 0.04803743099079311
3 0.47301753600092117 0.05733013106378727 0.6011264520011708 0.05733013106378727 0.6011264520011708 0.07823870622802412 0.47301753600092117 0.07823870622802412
14 0.08704836600016953 0.2141444447955636 0.297278382000579 0.2141444447955636 0.297278382000579 0.23156825743242768 0.08704836600016953 0.23156825743242768
13 0.07883625600015354 0.23389143245067617 0.3251995560006333 0.23389143245067617 0.3251995560006333 0.2652542951970315 0.07883625600015354 0.2652542951970315
15 0.14617555800028464 0.2733854077609013 0.25950267600050536 0.2733854077609013 0.25950267600050536 0.28964763288864104 0.14617555800028464 0.28964763288864104
12 0.1346786040002623 0.29080922039776536 0.38268432600074537 0.29080922039776536 0.38268432600074537 0.30707144552550514 0.1346786040002623 0.30707144552550514
1 0.5042235540009821 0.21182126977731508 0.6766778640013179 0.21182126977731508 0.6766778640013179 0.22808349490505486 0.5042235540009821 0.22808349490505486
0 0.5025811320009788 0.23156825743242768 0.8064292020015704 0.23156825743242768 0.8064292020015704 0.2664158827061558 0.5025811320009788 0.2664158827061558
2 0.5666355900011035 0.27687017028827415 0.6766778640013179 0.27687017028827415 0.6766778640013179 0.28964763288864104 0.5666355900011035 0.28964763288864104
6 0.1379634480002687 0.39419050870982536 0.3465510420006749 0.39419050870982536 0.3465510420006749 0.4348460715291748 0.1379634480002687 0.4348460715291748
6 0.1379634480002687 0.4453003591112931 0.3629752620007069 0.4453003591112931 0.3629752620007069 0.4836327469123941 0.1379634480002687 0.4836327469123941
6 0.1418755329620764 0.4914965986394558 0.3703191877315214 0.4914965986394558 0.3703191877315214 0.5374149659863945 0.1418755329620764 0.5374149659863945
9 0.40164683454623684 0.3960988062386289 0.4419608290917699 0.3960988062386289 0.4419608290917699 0.4108826472638468 0.40164683454623684 0.4108826472638468
9 0.4076192781826121 0.4393943406696244 0.4479332727281451 0.4393943406696244 0.4479332727281451 0.4594581249181345 0.4076192781826121 0.4594581249181345
9 0.40164683454623684 0.49219377290254573 0.449426383637239 0.49219377290254573 0.449426383637239 0.5112015685063974 0.40164683454623684 0.5112015685063974
10 0.4643574927281772 0.3982107835279457 0.5106439309100854 0.3982107835279457 0.5106439309100854 0.41088264726384677 0.4643574927281772 0.41088264726384677
10 0.4628643818190834 0.4393943406696244 0.5166163745464609 0.4393943406696244 0.5166163745464609 0.4594581249181345 0.4628643818190834 0.4594581249181345
10 0.4643574927281772 0.4932497615472042 0.5121370418191794 0.4932497615472042 0.5121370418191794 0.5069776139277636 0.4643574927281772 0.5069776139277636
7 0.5584234800010877 0.39398682894931203 0.622627249092122 0.39398682894931203 0.622627249092122 0.41299462455316366 0.5584234800010877 0.41299462455316366
7 0.5614097018192753 0.4425623066035997 0.6181479163648403 0.4425623066035997 0.6181479163648403 0.4615701022074513 0.5614097018192753 0.4615701022074513
7 0.5643959236374629 0.48902580696857034 0.6181479163648402 0.48902580696857034 0.6181479163648402 0.5101455798617389 0.5643959236374629 0.5101455798617389
8 0.6524894672739981 0.3960988062386289 0.7211725690923138 0.3960988062386289 0.7211725690923138 0.4129946245531637 0.6524894672739981 0.4129946245531637
8 0.6569688000012797 0.44573027253757486 0.7211725690923138 0.44573027253757486 0.7211725690923138 0.4594581249181344 0.6569688000012797 0.4594581249181344
8 0.6674205763649368 0.4943057501918629 0.7196794581832203 0.4943057501918629 0.7196794581832203 0.5090895912170808 0.6674205763649368 0.5090895912170808
11 0.7719383400015034 0.3971547948832874 0.8077730018197552 0.3971547948832874 0.8077730018197552 0.4119386359085054 0.7719383400015034 0.4119386359085054
11 0.7629796745469406 0.4425623066035997 0.8047867800015676 0.4425623066035997 0.8047867800015676 0.45840213627347604 0.7629796745469406 0.45840213627347604
11 0.767459007274222 0.495361738836521 0.8122523345470366 0.495361738836521 0.8122523345470366 0.5112015685063974 0.767459007274222 0.5112015685063974
5 0.8465938854561943 0.3960988062386289 0.9122907654563224 0.3960988062386289 0.9122907654563224 0.41616259048713905 0.8465938854561943 0.41616259048713905
5 0.840621441819819 0.44573027253757486 0.9137838763654161 0.44573027253757486 0.9137838763654161 0.4605141135627929 0.840621441819819 0.4605141135627929
5 0.8555525509107573 0.49641772748117935 0.9167700981836039 0.49641772748117935 0.9167700981836039 0.5069776139277636 0.8555525509107573 0.5069776139277636
19 0.39716750181895555 0.615744444327582 0.43897460727358234 0.615744444327582 0.43897460727358234 0.633696251286775 0.39716750181895555 0.633696251286775
8 0.5524510363647124 0.6453121263780177 0.6450239127285291 0.6453121263780177 0.6450239127285291 0.6622079446925525 0.5524510363647124 0.6622079446925525
18 0.677872352728593 0.644256137733359 0.7510347872741902 0.644256137733359 0.7510347872741902 0.6590399787585771 0.677872352728593 0.6590399787585771
16 0.8271834436379748 0.6410881717993838 0.906318321819947 0.6410881717993838 0.906318321819947 0.6622079446925524 0.8271834436379748 0.6622079446925524
