4 0.2091294758247178 0.028035676587191104 0.3255317312365891 0.028035676587191104 0.3255317312365891 0.04757028000927685 0.2091294758247178 0.04757028000927685
3 0.4764600793553713 0.05733758172031975 0.5997675533086247 0.05733758172031975 0.5997675533086247 0.07687218514240551 0.4764600793553713 0.07687218514240551
14 0.07990324312170823 0.2164050667287324 0.21307531499122198 0.2164050667287324 0.21307531499122198 0.23105601929529673 0.07990324312170823 0.23105601929529673
13 0.08187616270496027 0.23105595248520253 0.3275046508198412 0.23105595248520253 0.3275046508198412 0.2603578576183312 0.08187616270496027 0.2603578576183312
15 0.14698250895227802 0.2757065525379371 0.27028998290553147 0.2757065525379371 0.27028998290553147 0.29105516951243304 0.14698250895227802 0.29105516951243304
12 0.13909083061926986 0.291752822785349 0.37880055998439455 0.291752822785349 0.37880055998439455 0.30640377535191327 0.13909083061926986 0.30640377535191327
1 0.5030944937292741 0.2164050667287324 0.6303478068490316 0.2164050667287324 0.6303478068490316 0.22896302607150182 0.5030944937292741 0.22896302607150182
0 0.505067413312526 0.23314901251909168 0.7447771426776507 0.23314901251909168 0.7447771426776507 0.2624509176522204 0.505067413312526 0.2624509176522204
2 0.5682008399765918 0.27779953462671625 0.6767114170554549 0.27779953462671625 0.6767114170554549 0.291752822785349 0.5682008399765918 0.291752822785349
6 0.1400772904108957 0.39849547719888867 0.3403286281109793 0.39849547719888867 0.3403286281109793 0.4445413281223765 0.1400772904108957 0.4445413281223765
9 0.4014891351917932 0.39640248397509414 0.44094752685683436 0.39640248397509414 0.44094752685683436 0.40965810772579514 0.4014891351917932 0.40965810772579514
10 0.46462256185585904 0.3991931416068207 0.500135114354396 0.3991931416068207 0.500135114354396 0.41105343654165843 0.46462256185585904 0.41105343654165843
7 0.5652414606017138 0.39710014838302576 0.6204832089327713 0.39710014838302576 0.6204832089327713 0.40965810772579514 0.5652414606017138 0.40965810772579514
8 0.6559957614313082 0.3943094907512992 0.7191291880953741 0.3943094907512992 0.7191291880953741 0.40965810772579514 0.6559957614313082 0.40965810772579514
11 0.8434231218402536 0.39500715515923085 0.8483554207983838 0.39500715515923085 0.8483554207983838 0.39710014838302576 0.8434231218402536 0.39710014838302576
11 0.7743709364264315 0.39640248397509414 0.8098834889249686 0.39640248397509414 0.8098834889249686 0.4131464297654533 0.7743709364264315 0.4131464297654533
5 0.840185342638929 0.39433432349314523 0.9116044655897922 0.39433432349314523 0.9116044655897922 0.41005929136538344 0.840185342638929 0.41005929136538344
19 0.40021659464917714 0.5329999492756093 0.4345786255028944 0.5329999492756093 0.4345786255028944 0.5511074880375805 0.40021659464917714 0.5511074880375805
17 0.5551826161463332 0.5568256581729398 0.6441196371794837 0.5568256581729398 0.6441196371794837 0.5739801685790179 0.5551826161463332 0.5739801685790179
18 0.6805029639657725 0.5596847432406197 0.755964678781779 0.5596847432406197 0.755964678781779 0.5758862252908044 0.6805029639657725 0.5758862252908044
16 0.8226674445566418 0.5544430872832068 0.9116044655897922 0.5544430872832068 0.9116044655897922 0.5768392536466975 0.8226674445566418 0.5768392536466975
