4 0.20472190967958806 0.009652509652509652 0.33574393187452434 0.009652509652509652 0.33574393187452434 0.05598455598455599 0.20472190967958806 0.05598455598455599
3 0.4667659540694607 0.048262548262548256 0.6059768526515805 0.048262548262548256 0.6059768526515805 0.08494208494208492 0.4667659540694607 0.08494208494208492
14 0.0802235966751729 0.21393551303123634 0.21265620071037897 0.21393551303123634 0.21265620071037897 0.22924560079873724 0.0802235966751729 0.22924560079873724
13 0.0802235966751729 0.23014619419682558 0.34508880474558506 0.23014619419682558 0.34508880474558506 0.2616669631299156 0.0802235966751729 0.2616669631299156
15 0.14643989869277593 0.2715734905088868 0.2584982559533348 0.2715734905088868 0.2584982559533348 0.2904859518687408 0.14643989869277593 0.2904859518687408
12 0.1337059944586215 0.2904859518687408 0.3934776408353719 0.2904859518687408 0.3934776408353719 0.31300078682094795 0.1337059944586215 0.31300078682094795
1 0.5017158268256845 0.21483610642932466 0.6214145266267361 0.21483610642932466 0.6214145266267361 0.23194738099300213 0.5017158268256845 0.23194738099300213
0 0.49889495065066664 0.2325401081280324 0.7528598462433919 0.2325401081280324 0.7528598462433919 0.268216917833053 0.49889495065066664 0.268216917833053
2 0.5676046313076026 0.2749832093288328 0.6815409372070786 0.2749832093288328 0.6815409372070786 0.2989727882684156 0.5676046313076026 0.2989727882684156
6 0.1402130195222744 0.39298535356741077 0.3528437524241851 0.39298535356741077 0.3528437524241851 0.43439463801151024 0.1402130195222744 0.43439463801151024
6 0.1402130195222744 0.4442021001166917 0.37749659102150807 0.4442021001166917 0.37749659102150807 0.48779082058416484 0.1402130195222744 0.48779082058416484
6 0.14329462434693976 0.49323941064259896 0.26655881733355463 0.49323941064259896 0.26655881733355463 0.5117646168412749 0.14329462434693976 0.5117646168412749
6 0.13713141469760903 0.5193926429230828 0.23574276908690095 0.5193926429230828 0.23574276908690095 0.5346486950866983 0.13713141469760903 0.5346486950866983
6 0.1417538219346071 0.5444561571918799 0.3667109741351792 0.5444561571918799 0.3667109741351792 0.5836860056126058 0.1417538219346071 0.5836860056126058
9 0.402149429618831 0.3951647895907843 0.44529189716414636 0.3951647895907843 0.44529189716414636 0.4115105597660868 0.402149429618831 0.4115105597660868
9 0.4052310344434964 0.4442021001166917 0.44529189716414636 0.4442021001166917 0.44529189716414636 0.46490674233874146 0.4052310344434964 0.46490674233874146
9 0.4036902320311637 0.49432912865428574 0.4437510947518135 0.49432912865428574 0.4437510947518135 0.5117646168412749 0.4036902320311637 0.5117646168412749
9 0.4036902320311637 0.518302924911396 0.4499143044011443 0.518302924911396 0.4499143044011443 0.537917849121759 0.4036902320311637 0.537917849121759
9 0.402149429618831 0.543366439180193 0.4483735019888117 0.543366439180193 0.4483735019888117 0.5629813633905559 0.402149429618831 0.5629813633905559
10 0.46069992128747306 0.3951647895907843 0.5023015864204554 0.3951647895907843 0.5023015864204554 0.41477971380114736 0.46069992128747306 0.41477971380114736
10 0.46686313093680387 0.44529181812837854 0.5130872033067844 0.44529181812837854 0.5130872033067844 0.4649067423387414 0.46686313093680387 0.4649067423387414
10 0.4637815261121385 0.49432912865428574 0.5069239936574537 0.49432912865428574 0.5069239936574537 0.5106748988295882 0.4637815261121385 0.5106748988295882
10 0.46069992128747306 0.5172132068997093 0.505383191245121 0.5172132068997093 0.505383191245121 0.5379178491217589 0.46069992128747306 0.5379178491217589
10 0.4637815261121385 0.543366439180193 0.510005598482119 0.543366439180193 0.510005598482119 0.5629813633905559 0.4637815261121385 0.5629813633905559
7 0.5731784973877591 0.3951647895907843 0.6240249769947378 0.3951647895907843 0.6240249769947378 0.41477971380114736 0.5731784973877591 0.41477971380114736
7 0.5839641142740879 0.44311238210500487 0.6286473842317358 0.44311238210500487 0.6286473842317358 0.4670861783621152 0.5839641142740879 0.4670861783621152
7 0.5454440539657708 0.49323941064259896 0.6240249769947378 0.49323941064259896 0.6240249769947378 0.5095851808179014 0.5454440539657708 0.5095851808179014
7 0.5731784973877591 0.5226617969581433 0.6240249769947378 0.5226617969581433 0.6240249769947378 0.5335589770750117 0.5731784973877591 0.5335589770750117
7 0.5608520780890976 0.543366439180193 0.6255657794070706 0.543366439180193 0.6255657794070706 0.5608019273671824 0.5608520780890976 0.5608019273671824
8 0.6702490493647184 0.39298535356741077 0.7226363313840296 0.39298535356741077 0.7226363313840296 0.4169591498245209 0.6702490493647184 0.4169591498245209
8 0.667167444540053 0.4474712541517522 0.7318811458580259 0.4474712541517522 0.7318811458580259 0.4649067423387414 0.667167444540053 0.4649067423387414
8 0.6455962107673954 0.49105997461922535 0.7349627506826912 0.49105997461922535 0.7349627506826912 0.5117646168412749 0.6455962107673954 0.5117646168412749
8 0.6579226300660568 0.5161234888880223 0.7287995410333602 0.5161234888880223 0.7287995410333602 0.537917849121759 0.6579226300660568 0.537917849121759
8 0.6702490493647184 0.543366439180193 0.7334219482703584 0.543366439180193 0.7334219482703584 0.5673402354373033 0.6702490493647184 0.5673402354373033
11 0.7626971941046796 0.3962545076024712 0.8150844761239908 0.3962545076024712 0.8150844761239908 0.4147797138011474 0.7626971941046796 0.4147797138011474
11 0.7719420085786756 0.44093294608163125 0.8181660809486561 0.44093294608163125 0.8181660809486561 0.4649067423387414 0.7719420085786756 0.4649067423387414
11 0.7734828109910084 0.49432912865428574 0.8120028712993255 0.49432912865428574 0.8120028712993255 0.5095851808179014 0.7734828109910084 0.5095851808179014
11 0.7642379965170122 0.5172132068997093 0.8150844761239907 0.5172132068997093 0.8150844761239907 0.5368281311100721 0.7642379965170122 0.5368281311100721
11 0.7611563916923467 0.5411870031568194 0.8150844761239908 0.5411870031568194 0.8150844761239908 0.5597122093554955 0.7611563916923467 0.5597122093554955
5 0.8582269436693062 0.39298535356741077 0.9121550281009502 0.39298535356741077 0.9121550281009502 0.4169591498245209 0.8582269436693062 0.4169591498245209
5 0.8597677460816386 0.4420226640933181 0.9152366329256153 0.4420226640933181 0.9152366329256153 0.46926561438548875 0.8597677460816386 0.46926561438548875
5 0.8335741050719832 0.4888805385958517 0.9152366329256154 0.4888805385958517 0.9152366329256154 0.5117646168412749 0.8335741050719832 0.5117646168412749
5 0.8597677460816386 0.518302924911396 0.9136958305132825 0.518302924911396 0.9136958305132825 0.537917849121759 0.8597677460816386 0.537917849121759
5 0.8566861412569733 0.543366439180193 0.916777435337948 0.543366439180193 0.916777435337948 0.5662505174256164 0.8566861412569733 0.5662505174256164
19 0.3882822079078368 0.6621457024540573 0.45145510681347684 0.6621457024540573 0.45145510681347684 0.6872092167228544 0.3882822079078368 0.6872092167228544
17 0.5469848563781035 0.690478370757915 0.6533002228290588 0.690478370757915 0.6533002228290588 0.7133624490033383 0.5469848563781035 0.7133624490033383
18 0.6702490493647184 0.6893886527462282 0.7673196013416775 0.6893886527462282 0.7673196013416775 0.7144521670150253 0.6702490493647184 0.7144521670150253
16 0.818166080948656 0.6872092167228544 0.9213998425749461 0.6872092167228544 0.9213998425749461 0.7144521670150251 0.818166080948656 0.7144521670150251
