4 0.21049722250002273 0.02857142857142857 0.32956635845963156 0.02857142857142857 0.32956635845963156 0.04661654135338346 0.21049722250002273 0.04661654135338346
3 0.4847814821212645 0.05413533834586466 0.5974719143687514 0.05413533834586466 0.5974719143687514 0.07669172932330827 0.4847814821212645 0.07669172932330827
14 0.07441820997475551 0.21052631578947367 0.32318765474750966 0.21052631578947367 0.32318765474750966 0.23007518796992482 0.07441820997475551 0.23007518796992482
13 0.07261234105277317 0.23118419352384914 0.2657611682531493 0.23118419352384914 0.2657611682531493 0.2619968306079877 0.07261234105277317 0.2619968306079877
15 0.14232018846343522 0.2763760612472523 0.2657611682531493 0.2763760612472523 0.2657611682531493 0.29075529188651694 0.14232018846343522 0.29075529188651694
12 0.13505895435815796 0.2928094676921261 0.3819409139375862 0.2928094676921261 0.3819409139375862 0.309242874137 0.13505895435815796 0.309242874137
1 0.498120659622023 0.21577787498177994 0.7232189168856192 0.21577787498177994 0.7232189168856192 0.23015710562104458 0.498120659622023 0.23015710562104458
0 0.4966684128009675 0.23015710562104452 0.7580728405909503 0.23015710562104452 0.7580728405909503 0.2650780943164015 0.4966684128009675 0.2650780943164015
2 0.5663762602116296 0.27226770963603386 0.6796515122539554 0.27226770963603386 0.6796515122539554 0.2928094676921261 0.5663762602116296 0.2928094676921261
6 0.14232018846343522 0.3955182579725879 0.3587049648006989 0.3955182579725879 0.3587049648006989 0.43557468618196793 0.14232018846343522 0.43557468618196793
6 0.1365112011792134 0.44276430150160034 0.3645139520849207 0.44276430150160034 0.3645139520849207 0.48487490551658946 0.1365112011792134 0.48487490551658946
6 0.14377243528449068 0.4930916087390264 0.3398257561269778 0.4930916087390264 0.3398257561269778 0.5218500700175558 0.14377243528449068 0.5218500700175558
9 0.40372461625341816 0.3944911700697833 0.44148303360086005 0.3944911700697833 0.44148303360086005 0.4119516644174618 0.40372461625341816 0.4119516644174618
9 0.40227236943236266 0.44379138940440493 0.4458397740640265 0.44379138940440493 0.4458397740640265 0.46125188375208337 0.40227236943236266 0.46125188375208337
9 0.3993678757902516 0.49411869664183106 0.44003078677980456 0.49411869664183106 0.44003078677980456 0.5084979272810956 0.3993678757902516 0.5084979272810956
10 0.46181448909563644 0.39859952168100166 0.5053818937273002 0.39859952168100166 0.5053818937273002 0.4098974886118526 0.46181448909563644 0.4098974886118526
10 0.46326673591669193 0.4417372135987956 0.5053818937273002 0.4417372135987956 0.5053818937273002 0.46022479584927867 0.46326673591669193 0.46022479584927867
10 0.45600550181141464 0.49617287244744035 0.5053818937273002 0.49617287244744035 0.5053818937273002 0.5084979272810957 0.45600550181141464 0.5084979272810957
7 0.5663762602116296 0.3965453458753925 0.621561639411737 0.3965453458753925 0.621561639411737 0.4109245765146572 0.5663762602116296 0.4109245765146572
7 0.5736374943169068 0.445845565210014 0.6259183798749034 0.445845565210014 0.6259183798749034 0.4633060595576925 0.5736374943169068 0.4633060595576925
7 0.5721852474958514 0.4930916087390264 0.6215616394117369 0.4930916087390264 0.6215616394117369 0.5126062788923142 0.5721852474958514 0.5126062788923142
8 0.6636767972223453 0.3965453458753925 0.7304801509908966 0.3965453458753925 0.7304801509908966 0.40989748861185255 0.6636767972223453 0.40989748861185255
8 0.6796515122539553 0.44276430150160034 0.7246711637066745 0.44276430150160034 0.7246711637066745 0.4633060595576926 0.6796515122539553 0.4633060595576926
8 0.6694857845065671 0.4930916087390264 0.7275756573487856 0.4930916087390264 0.7275756573487856 0.5074708393782911 0.6694857845065671 0.5074708393782911
11 0.7653340746962276 0.3955182579725879 0.8089014793278915 0.3955182579725879 0.8089014793278915 0.4119516644174618 0.7653340746962276 0.4119516644174618
11 0.7653340746962276 0.44276430150160034 0.8089014793278915 0.44276430150160034 0.8089014793278915 0.4612518837520833 0.7653340746962276 0.4612518837520833
11 0.7595250874120058 0.49514578454463565 0.8132582197910578 0.49514578454463565 0.8132582197910578 0.5084979272810956 0.7595250874120058 0.5084979272810956
5 0.8481121434963887 0.3955182579725879 0.9120110036228292 0.3955182579725879 0.9120110036228292 0.4088704007090479 0.8481121434963887 0.4088704007090479
5 0.8728003394543316 0.445845565210014 0.9134632504438845 0.445845565210014 0.9134632504438845 0.4612518837520833 0.8728003394543316 0.4612518837520833
5 0.861182364885888 0.49411869664183106 0.9120110036228292 0.49411869664183106 0.9120110036228292 0.5115791909895095 0.861182364885888 0.5115791909895095
19 0.39791562896919624 0.6081254538531435 0.43712629313769374 0.6081254538531435 0.43712629313769374 0.6214775965896036 0.39791562896919624 0.6214775965896036
17 0.5620195197484631 0.6348297393260636 0.6520588226539017 0.6348297393260636 0.6520588226539017 0.6492089699653282 0.5620195197484631 0.6492089699653282
18 0.6869127463592328 0.6317484756176496 0.7609773342330612 0.6317484756176496 0.7609773342330612 0.6481818820625235 0.6869127463592328 0.6481818820625235
16 0.832137428464779 0.6307213877148452 0.9134632504438848 0.6307213877148452 0.9134632504438848 0.6492089699653284 0.832137428464779 0.6492089699653284
