4 0.21433493848193388 0.0282021151586369 0.32565618560045767 0.0282021151586369 0.32565618560045767 0.04347826086956521 0.21433493848193388 0.04347826086956521
3 0.47519218919250467 0.05405405405405405 0.6014670366702333 0.05405405405405405 0.6014670366702333 0.0799059929494712 0.47519218919250467 0.0799059929494712
14 0.08284291648429763 0.2118541590661548 0.25079841839766814 0.2118541590661548 0.25079841839766814 0.23031398218412968 0.08284291648429763 0.23031398218412968
13 0.08170808201191 0.23272178519951775 0.28711312151407276 0.23272178519951775 0.28711312151407276 0.26161542138417415 0.08170808201191 0.26161542138417415
15 0.14639364693800544 0.2768648404816316 0.261011928649157 0.2768648404816316 0.261011928649157 0.2905090575688305 0.14639364693800544 0.2905090575688305
12 0.13391046774174142 0.2905090575688305 0.38697855508418494 0.2905090575688305 0.38697855508418494 0.30575847666628797 0.13391046774174142 0.30575847666628797
1 0.499327167850561 0.21666976509693098 0.7410469104691283 0.21666976509693098 0.7410469104691283 0.23111658318925912 0.499327167850561 0.23111658318925912
0 0.497057498905786 0.2319191841943885 0.7285637312728643 0.2319191841943885 0.7285637312728643 0.25840501736365673 0.497057498905786 0.25840501736365673
2 0.5640127327766565 0.2744570374662435 0.6843051868497463 0.2744570374662435 0.6843051868497463 0.29131165857395974 0.5640127327766565 0.29131165857395974
6 0.1418543090484549 0.3956497892407743 0.35633802432971873 0.3956497892407743 0.35633802432971873 0.4341746374869827 0.1418543090484549 0.4341746374869827
6 0.14298914352084252 0.44701625356905217 0.358607693274494 0.44701625356905217 0.358607693274494 0.47992289477935524 0.14298914352084252 0.47992289477935524
6 0.14071947457606726 0.49517231387681276 0.34952901749539284 0.49517231387681276 0.34952901749539284 0.5296841570973745 0.14071947457606726 0.5296841570973745
6 0.14298914352084252 0.542525773179444 0.3415851761886794 0.542525773179444 0.3415851761886794 0.5786428184102643 0.14298914352084252 0.5786428184102643
6 0.14071947457606707 0.5938922375077218 0.33818067277151603 0.5938922375077218 0.33818067277151603 0.6300092827385418 0.14071947457606707 0.6300092827385418
9 0.4051359066423872 0.394847188235645 0.44258544423117935 0.394847188235645 0.44258544423117935 0.4108992083382318 0.4051359066423872 0.4108992083382318
9 0.40059656875283667 0.4446084505536641 0.44258544423117935 0.4446084505536641 0.44258544423117935 0.4574500666357336 0.40059656875283667 0.4574500666357336
9 0.40173140322522427 0.49517231387681276 0.44258544423117935 0.49517231387681276 0.44258544423117935 0.5088165309640116 0.40173140322522427 0.5088165309640116
9 0.4040010721699996 0.5441309751897027 0.4448551131759545 0.5441309751897027 0.4448551131759545 0.5569725912717721 0.4040010721699996 0.5569725912717721
9 0.4040010721699996 0.5922870354974632 0.44145060975879163 0.5922870354974632 0.44145060975879163 0.6075364545949207 0.4040010721699996 0.6075364545949207
10 0.4630124647341568 0.3964523902459037 0.5084058436296623 0.3964523902459037 0.5084058436296623 0.41170180934336115 0.4630124647341568 0.41170180934336115
10 0.46414729920654446 0.4438058495485348 0.506136174684887 0.4438058495485348 0.506136174684887 0.45905526864599233 0.46414729920654446 0.45905526864599233
10 0.46414729920654446 0.49597491488194206 0.5106755125744377 0.49597491488194206 0.5106755125744377 0.5120269349845289 0.46414729920654446 0.5120269349845289
10 0.465282133678932 0.5433283741845732 0.5106755125744377 0.5433283741845732 0.5106755125744377 0.5585777932820308 0.465282133678932 0.5585777932820308
10 0.4607427957893816 0.5938922375077219 0.5038665057401119 0.5938922375077219 0.5038665057401119 0.6099442576103085 0.4607427957893816 0.6099442576103085
7 0.5458553812184544 0.39324198622538636 0.6241589598132016 0.39324198622538636 0.6241589598132016 0.4117018093433612 0.5458553812184544 0.4117018093433612
7 0.5640127327766566 0.44781885457418164 0.6173499529788756 0.44781885457418164 0.6173499529788756 0.4630682736716391 0.5640127327766566 0.4630682736716391
7 0.5492598846356174 0.49517231387681276 0.6139454495617127 0.49517231387681276 0.6139454495617127 0.5088165309640116 0.5492598846356174 0.5088165309640116
7 0.5594733948871061 0.5433283741845732 0.6139454495617128 0.5433283741845732 0.6139454495617128 0.5569725912717721 0.5594733948871061 0.5569725912717721
7 0.5640127327766565 0.5890766314769457 0.6173499529788755 0.5890766314769457 0.6173499529788755 0.6099442576103085 0.5640127327766565 0.6099442576103085
8 0.6513949871505049 0.39324198622538636 0.7262940623280891 0.39324198622538636 0.7262940623280891 0.41491221336387857 0.6513949871505049 0.41491221336387857
8 0.663878166346769 0.4397928445228881 0.7228895589109263 0.4397928445228881 0.7228895589109263 0.45985786965112163 0.663878166346769 0.45985786965112163
8 0.65366465609528 0.49517231387681276 0.7262940623280892 0.49517231387681276 0.7262940623280892 0.5072113289537529 0.65366465609528 0.5072113289537529
8 0.6491253182057296 0.5457361771999613 0.7194850554937632 0.5457361771999613 0.7194850554937632 0.5585777932820307 0.6491253182057296 0.5585777932820307
8 0.6672826697639319 0.5938922375077219 0.7194850554937633 0.5938922375077219 0.7194850554937633 0.6067338535897913 0.6672826697639319 0.6067338535897913
11 0.767148103334044 0.394847188235645 0.8045976409228363 0.394847188235645 0.8045976409228363 0.4076888043177144 0.767148103334044 0.4076888043177144
11 0.7682829378064318 0.4438058495485348 0.8057324753952239 0.4438058495485348 0.8057324753952239 0.45905526864599233 0.7682829378064318 0.45905526864599233
11 0.7671481033340438 0.4927645108614247 0.8091369788123864 0.4927645108614247 0.8091369788123864 0.5112243339793996 0.7671481033340438 0.5112243339793996
11 0.7694177722788195 0.5457361771999613 0.8080021443399993 0.5457361771999613 0.8080021443399993 0.5601829952922895 0.7694177722788195 0.5601829952922895
11 0.7694177722788195 0.5938922375077219 0.8057324753952239 0.5938922375077219 0.8057324753952239 0.613154661630826 0.7694177722788195 0.613154661630826
5 0.8397775095668528 0.394847188235645 0.9090024123824989 0.394847188235645 0.9090024123824989 0.4092940063279731 0.8397775095668528 0.4092940063279731
5 0.8590696955974422 0.44701625356905184 0.9101372468548864 0.44701625356905184 0.9101372468548864 0.45905526864599194 0.8590696955974422 0.45905526864599194
5 0.8409123440392405 0.4927645108614247 0.909002412382499 0.4927645108614247 0.909002412382499 0.5080139299588822 0.8409123440392405 0.5080139299588822
5 0.8443168474564036 0.5401179701640559 0.9078675779101113 0.5401179701640559 0.9078675779101113 0.5585777932820308 0.8443168474564036 0.5585777932820308
5 0.8602045300698307 0.5906818334872045 0.912406915799662 0.5906818334872045 0.912406915799662 0.6067338535897912 0.8602045300698307 0.6067338535897912
19 0.39719206533567364 0.7174927922976405 0.4493944510655051 0.7174927922976405 0.4493944510655051 0.7367552164207447 0.39719206533567364 0.7367552164207447
17 0.5413160433289038 0.7387987731250195 0.6547994905676678 0.7387987731250195 0.6547994905676678 0.7572585962429944 0.5413160433289038 0.7572585962429944
18 0.6650130008191566 0.7420091771455369 0.7580694275549429 0.7420091771455369 0.7580694275549429 0.7572585962429944 0.6650130008191566 0.7572585962429944
16 0.8182156545914878 0.7428117781506665 0.914676584744437 0.7428117781506665 0.914676584744437 0.7572585962429945 0.8182156545914878 0.7572585962429945
