4 0.20720098239288298 0.0285533855940606 0.3354080824315161 0.0285533855940606 0.3354080824315161 0.05023612298409044 0.20720098239288298 0.05023612298409044
3 0.47383458899496766 0.05286433357682133 0.6076159107744109 0.05286433357682133 0.6076159107744109 0.0784893868559475 0.47383458899496766 0.0784893868559475
14 0.08077524459435848 0.21429220124618495 0.17612381589818588 0.21429220124618495 0.17612381589818588 0.23047645247114246 0.08077524459435848 0.23047645247114246
13 0.07934501602480105 0.23047645247114246 0.28386770147151075 0.23047645247114246 0.28386770147151075 0.26250778302053757 0.07934501602480105 0.26250778302053757
15 0.14370530165488454 0.2776805185439352 0.27337935862808976 0.2776805185439352 0.27337935862808976 0.29015587886317323 0.14370530165488454 0.29015587886317323
12 0.13226347309842526 0.29184173836577304 0.3901813584752783 0.29184173836577304 0.3901813584752783 0.30836316149125054 0.13226347309842526 0.30836316149125054
1 0.4984619048864477 0.2153142152931489 0.6432534778398746 0.2153142152931489 0.6432534778398746 0.23000142327979783 0.4984619048864477 0.23000142327979783
0 0.49384703403534236 0.23040940127942697 0.740742624569473 0.23040940127942697 0.740742624569473 0.26345561924938715 0.49384703403534236 0.26345561924938715
2 0.5619163790891448 0.2773268712367778 0.6911327629200917 0.2773268712367778 0.6911327629200917 0.2924220572230559 0.5619163790891448 0.2924220572230559
6 0.13329596521245698 0.3953529950002553 0.2411685713570422 0.3953529950002553 0.2411685713570422 0.41126413698579173 0.13329596521245698 0.41126413698579173
6 0.13098852978690437 0.42023965297763266 0.3749998260390943 0.42023965297763266 0.3749998260390943 0.4618534089398047 0.13098852978690437 0.4618534089398047
9 0.40182337311548205 0.3957506401738684 0.45019471880019807 0.3957506401738684 0.45019471880019807 0.4125842204165662 0.40182337311548205 0.4125842204165662
9 0.4002877748397767 0.42127251989666836 0.45019471880019796 0.42127251989666836 0.45019471880019796 0.4397351562918855 0.4002877748397767 0.4397351562918855
10 0.45940830845442965 0.39629365889137474 0.5139220472419668 0.39629365889137474 0.5139220472419668 0.4125842204165662 0.45940830845442965 0.4125842204165662
10 0.46017610759228234 0.42018648246165563 0.5123864489662615 0.42018648246165563 0.5123864489662615 0.43973515629188553 0.46017610759228234 0.43973515629188553
7 0.5569187989617144 0.3941215840213493 0.6267885205063041 0.3941215840213493 0.6267885205063041 0.4120412016990599 0.5569187989617144 0.4120412016990599
7 0.5446340127560722 0.4196434637441493 0.6306275161955675 0.4196434637441493 0.6306275161955675 0.4402781750093917 0.5446340127560722 0.4402781750093917
8 0.6575004860204097 0.3941215840213493 0.7327448015299679 0.3941215840213493 0.7327448015299679 0.4147562952865918 0.6575004860204097 0.4147562952865918
8 0.648286896366178 0.42018648246165563 0.7258346092892942 0.42018648246165563 0.7258346092892942 0.4391921375743791 0.648286896366178 0.4391921375743791
11 0.7672957627333364 0.3935785653038429 0.8164349075559053 0.3935785653038429 0.8164349075559053 0.41367025785157907 0.7672957627333364 0.41367025785157907
11 0.7611533696305153 0.420729501179162 0.8164349075559052 0.420729501179162 0.8164349075559052 0.44027817500939187 0.7611533696305153 0.44027817500939187
5 0.8479146722078632 0.3957506401738684 0.9116420006496321 0.3957506401738684 0.9116420006496321 0.4125842204165662 0.8479146722078632 0.4125842204165662
5 0.8387010825536318 0.4218155386141748 0.9154809963388952 0.4218155386141748 0.9154809963388952 0.4370200627043535 0.8387010825536318 0.4370200627043535
19 0.3979843774262188 0.54562380620563 0.4402133300081138 0.54562380620563 0.4402133300081138 0.5624573864483279 0.3979843774262188 0.5624573864483279
17 0.5477052093074827 0.5695166297759108 0.6452156998147675 0.5695166297759108 0.6452156998147675 0.5879792661711277 0.5477052093074827 0.5879792661711277
18 0.6751598661910204 0.5700596484934172 0.7565465748033997 0.5700596484934172 0.7565465748033997 0.5885222848886341 0.6751598661910204 0.5885222848886341
16 0.8118281127287894 0.5706026672109236 0.9139453980631899 0.5706026672109236 0.9139453980631899 0.5868932287361149 0.8118281127287894 0.5868932287361149
