4 0.21139287661442133 0.026512663099211683 0.33047753044054534 0.026512663099211683 0.33047753044054534 0.04943685868691355 0.21139287661442133 0.04943685868691355
14 0.4819757586808805 0.05292532323286818 0.594718626208572 0.05292532323286818 0.594718626208572 0.07684622297655708 0.4819757586808805 0.07684622297655708
14 0.07398750681504745 0.21189963611280072 0.30440574232476664 0.21189963611280072 0.30440574232476664 0.23233207131053496 0.07398750681504745 0.23233207131053496
13 0.07821536434733586 0.23033866299856093 0.27833395420898804 0.23033866299856093 0.27833395420898804 0.25824637936619793 0.07821536434733586 0.25824637936619793
15 0.14233787025371034 0.2756887020959711 0.26494573869007476 0.2756887020959711 0.26494573869007476 0.28964256027978963 0.14233787025371034 0.28964256027978963
12 0.1338821551891335 0.29014091235778317 0.3812118208280064 0.29014091235778317 0.3812118208280064 0.3075832350875563 0.1338821551891335 0.3075832350875563
1 0.5031150463423227 0.21588645273674886 0.7194404234110805 0.21588645273674886 0.7194404234110805 0.2328304233885285 0.5031150463423227 0.2328304233885285
0 0.49395468835569767 0.23283042338852847 0.6997104215937345 0.23283042338852847 0.6997104215937345 0.260239787678172 0.49395468835569767 0.260239787678172
2 0.5658282664046009 0.2761870541739646 0.6813897056204847 0.2761870541739646 0.6813897056204847 0.28964256027978963 0.5658282664046009 0.28964256027978963
6 0.1348183353196516 0.39375605311645534 0.3208177053439856 0.39375605311645534 0.3208177053439856 0.43260194176471556 0.1348183353196516 0.43260194176471556
6 0.14230824283741 0.443196275032423 0.32705929494211766 0.443196275032423 0.32705929494211766 0.47056496930733344 0.14230824283741 0.47056496930733344
6 0.1410599249177836 0.48380788589196766 0.3470323816561402 0.48380788589196766 0.3470323816561402 0.520005191223301 0.1410599249177836 0.520005191223301
9 0.3969650984411963 0.39552177532773997 0.4468978152262525 0.39552177532773997 0.4468978152262525 0.4096475530180165 0.3969650984411963 0.4096475530180165
9 0.4019583701197018 0.4414305528211384 0.45938099442251645 0.4414305528211384 0.45938099442251645 0.462619219356553 0.4019583701197018 0.462619219356553
9 0.4007100522000755 0.47851071925811406 0.44440117938699963 0.47851071925811406 0.44440117938699963 0.4952850802653173 0.4007100522000755 0.4952850802653173
10 0.4618776302617693 0.3964046364333822 0.5055687574486935 0.3964046364333822 0.5055687574486935 0.411413275229301 0.4618776302617693 0.411413275229301
10 0.4618776302617693 0.443196275032423 0.504320439529067 0.443196275032423 0.504320439529067 0.4599706360396261 0.4618776302617693 0.4599706360396261
10 0.46562258402064843 0.4820421636806831 0.504320439529067 0.4820421636806831 0.504320439529067 0.49793366358224406 0.46562258402064843 0.49793366358224406
7 0.5742262430281455 0.39552177532773997 0.6254072777328281 0.39552177532773997 0.6254072777328281 0.41317899744058556 0.5742262430281455 0.41317899744058556
7 0.5754745609477719 0.4414305528211384 0.6116757806169377 0.4414305528211384 0.6116757806169377 0.4573220527226994 0.5754745609477719 0.4573220527226994
7 0.5804678326262777 0.48380788589196766 0.6191656881346961 0.48380788589196766 0.6191656881346961 0.49793366358224406 0.5804678326262777 0.49793366358224406
8 0.665353451160873 0.3902246086938864 0.7240243933833138 0.3902246086938864 0.7240243933833138 0.411413275229301 0.665353451160873 0.411413275229301
8 0.6740916765982579 0.4387819695042115 0.720279439624435 0.4387819695042115 0.720279439624435 0.4590877749339839 0.6740916765982579 0.4590877749339839
8 0.6703467228393787 0.4802764414693985 0.7190311217048084 0.4802764414693985 0.7190311217048084 0.49969938579352874 0.6703467228393787 0.49969938579352874
11 0.7652188847309853 0.39552177532773997 0.8064133760786567 0.39552177532773997 0.8064133760786567 0.417593302968797 0.7652188847309853 0.417593302968797
11 0.7652188847309853 0.4414305528211384 0.8101583298375359 0.4414305528211384 0.8101583298375359 0.4635020804621954 0.7652188847309853 0.4635020804621954
11 0.7689638384898645 0.47851071925811406 0.8163999194356678 0.47851071925811406 0.8163999194356678 0.49881652468788645 0.7689638384898645 0.49881652468788645
5 0.8550977749440863 0.39552177532773997 0.910023763407648 0.39552177532773997 0.910023763407648 0.41317899744058556 0.8550977749440863 0.41317899744058556
5 0.8638360003814712 0.4423134139267807 0.9112720813272744 0.4423134139267807 0.9112720813272744 0.4608534971452685 0.8638360003814712 0.4608534971452685
5 0.8638360003814712 0.48380788589196766 0.9137687171665273 0.48380788589196766 0.9137687171665273 0.4988165246878864 0.8638360003814712 0.4988165246878864
19 0.3969650984411963 0.6056427184706019 0.4468978152262525 0.6056427184706019 0.4468978152262525 0.6268313850060167 0.3969650984411963 0.6268313850060167
17 0.56923297134964 0.6268313850060164 0.6441320465272242 0.6268313850060164 0.6441320465272242 0.6515514959640003 0.56923297134964 0.6515514959640003
18 0.6903198095534012 0.6303628294285857 0.7539840234543477 0.6303628294285857 0.7539840234543477 0.6497857737527156 0.6903198095534012 0.6497857737527156
16 0.8388696419889431 0.6285971072173011 0.918761988845033 0.6285971072173011 0.918761988845033 0.6497857737527156 0.8388696419889431 0.6497857737527156
