4 0.20893621537511967 0.022106246930745962 0.3283283384466167 0.022106246930745962 0.3283283384466167 0.0527153684489584 0.20893621537511967 0.0527153684489584
3 0.48353809843956264 0.056937316244573905 0.5894986076655162 0.056937316244573905 0.5894986076655162 0.07488059437593982 0.48353809843956264 0.07488059437593982
14 0.0856237478485566 0.21511234775421656 0.18144079901241758 0.21511234775421656 0.18144079901241758 0.22953058351548802 0.0856237478485566 0.22953058351548802
13 0.08460441751702617 0.23457696603193298 0.3057990994591307 0.23457696603193298 0.3057990994591307 0.2634134375544759 0.08460441751702617 0.2634134375544759
15 0.1488222284034436 0.27711076152768377 0.25789057387720027 0.27711076152768377 0.25789057387720027 0.28936626192476445 0.1488222284034436 0.28936626192476445
12 0.1365902644250784 0.29297082086508236 0.3771522226662613 0.29297082086508236 0.3771522226662613 0.30594723305022664 0.1365902644250784 0.30594723305022664
1 0.49845253211838314 0.21222870060196225 0.6115981989182615 0.21222870060196225 0.6115981989182615 0.22808875993936084 0.49845253211838314 0.22808875993936084
0 0.5035491837760353 0.23097240709161512 0.7543044453325226 0.23097240709161512 0.7543044453325226 0.2605297904022216 0.5035491837760353 0.2605297904022216
2 0.5677669884987004 0.2792735616298928 0.6819320534313716 0.2792735616298928 0.6819320534313716 0.29224995223569744 0.5677669884987004 0.29224995223569744
6 0.1406675857512001 0.3960612065581731 0.3628815980248351 0.3960612065581731 0.3628815980248351 0.4335486195374789 0.1406675857512001 0.4335486195374789
6 0.142706246414261 0.44436229635843255 0.3424949913942264 0.44436229635843255 0.3424949913942264 0.4804078857616111 0.142706246414261 0.4804078857616111
6 0.14372557674579145 0.49410520973481903 0.36084293736177425 0.49410520973481903 0.36084293736177425 0.5330344462902519 0.14372557674579145 0.5330344462902519
6 0.14372557674579145 0.5452899466873327 0.36492025868789607 0.5452899466873327 0.36492025868789607 0.5813355360905113 0.14372557674579145 0.5813355360905113
9 0.40365481128605263 0.3960612065581731 0.44238936388420913 0.3960612065581731 0.44238936388420913 0.40975853053138095 0.40365481128605263 0.40975853053138095
9 0.4026354809545222 0.4458041199345597 0.44850534587339175 0.4458041199345597 0.44850534587339175 0.4602223556958311 0.4026354809545222 0.4602223556958311
9 0.4056934719491134 0.49698885688707334 0.4464666852103308 0.49698885688707334 0.4464666852103308 0.5070816219199633 0.4056934719491134 0.5070816219199633
9 0.4056934719491134 0.5416853877470148 0.4423893638842091 0.5416853877470148 0.4423893638842091 0.5561036235082862 0.4056934719491134 0.5561036235082862
10 0.4668532918409396 0.39678211834623683 0.5086458354336875 0.39678211834623683 0.5086458354336875 0.40975853053138106 0.4668532918409396 0.40975853053138106
10 0.4617566401832873 0.44724594351068686 0.5045685141075658 0.44724594351068686 0.5045685141075658 0.45661779675551323 0.4617566401832873 0.45661779675551323
10 0.4617566401832873 0.4933842979467554 0.507626505102157 0.4933842979467554 0.507626505102157 0.5085234454960904 0.4617566401832873 0.5085234454960904
10 0.4627759705148179 0.5416853877470148 0.5086458354336875 0.5416853877470148 0.5086458354336875 0.5582663588724769 0.4627759705148179 0.5582663588724769
7 0.5759216373146963 0.3960612065581731 0.626888153891218 0.3960612065581731 0.626888153891218 0.4104794423194446 0.5759216373146963 0.4104794423194446
7 0.5616510126732701 0.4421995609942419 0.6207721719020355 0.4421995609942419 0.6207721719020355 0.46094326748389475 0.5616510126732701 0.46094326748389475
7 0.5759216373146963 0.49410520973481903 0.6207721719020355 0.49410520973481903 0.6207721719020355 0.5114070926483447 0.5759216373146963 0.5114070926483447
7 0.5810182889723483 0.5380808827550457 0.6166948505759137 0.5380808827550457 0.6166948505759137 0.556103677456635 0.5810182889723483 0.556103677456635
8 0.6727580188100876 0.39389847119398247 0.7186278837289571 0.39389847119398247 0.7186278837289571 0.40975853053138095 0.6727580188100876 0.40975853053138095
8 0.6656227064893746 0.4421995609942419 0.7176085533974268 0.4421995609942419 0.7176085533974268 0.46022235569583114 0.6656227064893746 0.46022235569583114
8 0.6819319917938615 0.49410520973481903 0.7186278837289571 0.49410520973481903 0.7186278837289571 0.5078025337080269 0.6819319917938615 0.5078025337080269
8 0.6839706524569225 0.5402435641708876 0.7227052050550788 0.5402435641708876 0.7227052050550788 0.5597081824486041 0.6839706524569225 0.5597081824486041
11 0.769594400305479 0.39678211834623683 0.8093482832351662 0.39678211834623683 0.8093482832351662 0.41120035410750827 0.769594400305479 0.41120035410750827
11 0.7706137306370094 0.44436229635843255 0.811386943898227 0.44436229635843255 0.811386943898227 0.4674314735764668 0.7706137306370094 0.4674314735764668
11 0.7736717216316006 0.4912215625825647 0.809348283235166 0.4912215625825647 0.809348283235166 0.5114070926483446 0.7736717216316006 0.5114070926483446
11 0.769594400305479 0.5402435641708876 0.8154642652243486 0.5402435641708876 0.8154642652243486 0.5618709178127947 0.769594400305479 0.5618709178127947
5 0.86541145146934 0.3953402947701097 0.9031266737359661 0.3953402947701097 0.9031266737359661 0.4140840012597625 0.86541145146934 0.4140840012597625
5 0.8541988178225052 0.44292047278230534 0.9061846647305574 0.44292047278230534 0.9061846647305574 0.46166417927195824 0.8541988178225052 0.46166417927195824
5 0.86541145146934 0.49410520973481903 0.9082233253936182 0.49410520973481903 0.9082233253936182 0.5085234454960905 0.86541145146934 0.5085234454960905
5 0.8694887727954618 0.5416853877470148 0.9102619860566791 0.5416853877470148 0.9102619860566791 0.5589872706605405 0.8694887727954618 0.5589872706605405
19 0.39753882929686996 0.6667056347302116 0.4318253949938028 0.6667056347302116 0.4318253949938028 0.6804684961386981 0.39753882929686996 0.6804684961386981
17 0.5689716577815341 0.6929206088416143 0.6468114285529493 0.6929206088416143 0.6468114285529493 0.7066834702501008 0.5689716577815341 0.7066834702501008
18 0.6866579778764117 0.6916098601360442 0.7496711256437477 0.6916098601360442 0.7496711256437477 0.708649593308456 0.6866579778764117 0.708649593308456
16 0.839557527605977 0.6935759831943993 0.9118373147508625 0.6935759831943993 0.9118373147508625 0.7066834702501007 0.839557527605977 0.7066834702501007
