4 0.21363492227548334 0.028283098452359448 0.3272929104811592 0.028283098452359448 0.3272929104811592 0.046890400065753825 0.21363492227548334 0.046890400065753825
3 0.4819940610944403 0.05582190484018313 0.6009139931985271 0.05582190484018313 0.6009139931985271 0.07889495884079215 0.4819940610944403 0.07889495884079215
14 0.08524349115425692 0.21361182252176744 0.3272929104811592 0.21361182252176744 0.3272929104811592 0.22998624794155448 0.08524349115425692 0.22998624794155448
13 0.08208632481521036 0.23296341619969754 0.2904593031922828 0.23296341619969754 0.2904593031922828 0.26050222258752126 0.08208632481521036 0.26050222258752126
15 0.14943920671487013 0.274643771813701 0.25783525102213506 0.274643771813701 0.25783525102213506 0.29027390516895224 0.14943920671487013 0.29027390516895224
12 0.13470576379931956 0.29250678136255953 0.3862266821433616 0.29250678136255953 0.3862266821433616 0.30739262265327505 0.13470576379931956 0.30739262265327505
1 0.5019894479084018 0.21361182252176744 0.5924948829610698 0.21361182252176744 0.5924948829610698 0.22998624794155448 0.5019894479084018 0.22998624794155448
0 0.49883228156935516 0.23296341619969754 0.7272006467603892 0.23296341619969754 0.7272006467603892 0.261246514652057 0.49883228156935516 0.261246514652057
2 0.5640803859096507 0.27315518768462943 0.6903670394715128 0.27315518768462943 0.6903670394715128 0.29325107342709533 0.5640803859096507 0.29325107342709533
6 0.14207248525709487 0.39447479420396075 0.3704408504481288 0.39447479420396075 0.3704408504481288 0.4354108577534283 0.14207248525709487 0.4354108577534283
9 0.3978029587198656 0.3929862100748892 0.446212842585246 0.3929862100748892 0.446212842585246 0.41605926407549826 0.3978029587198656 0.41605926407549826
10 0.4641034518398432 0.3929862100748892 0.5104085581458593 0.3929862100748892 0.5104085581458593 0.4138263878818909 0.4641034518398432 0.4138263878818909
7 0.5693423298080617 0.393730502139425 0.6251189351312173 0.393730502139425 0.6251189351312173 0.4153149720109625 0.5693423298080617 0.4153149720109625
8 0.6787907628950088 0.3914976259458176 0.7208863140822961 0.3914976259458176 0.7208863140822961 0.4153149720109625 0.6787907628950088 0.4153149720109625
11 0.7703485867273588 0.393730502139425 0.8134965266943283 0.393730502139425 0.8134965266943283 0.4175478482045699 0.7703485867273588 0.4175478482045699
5 0.8608540217800267 0.3929862100748892 0.9103162944250893 0.3929862100748892 0.9103162944250893 0.416803556140034 0.8608540217800267 0.416803556140034
19 0.39706628657408805 0.5171931466907764 0.4422137652224538 0.5171931466907764 0.4422137652224538 0.5384798997364996 0.39706628657408805 0.5384798997364996
17 0.5741833181945996 0.5401173422784783 0.6494291159418758 0.5401173422784783 0.6494291159418758 0.5663164229501376 0.5741833181945996 0.5663164229501376
18 0.6922613392749406 0.5401173422784783 0.7675071370222168 0.5401173422784783 0.7675071370222168 0.5671351442211269 0.6922613392749406 0.5671351442211269
16 0.839280051796542 0.539298621007489 0.9191563601744197 0.539298621007489 0.9191563601744197 0.5654977016791483 0.839280051796542 0.5654977016791483
