4 0.20685242586202252 0.02875366559914116 0.3356982150276474 0.02875366559914116 0.3356982150276474 0.047826334225531585 0.20685242586202252 0.047826334225531585
3 0.4735332452978508 0.05559668070294991 0.6103694710008787 0.05559668070294991 0.6103694710008787 0.07890772013520488 0.4735332452978508 0.07890772013520488
14 0.07301261386052077 0.2152419810571809 0.2228332989368288 0.2152419810571809 0.2228332989368288 0.2314890691463283 0.07301261386052077 0.2314890691463283
13 0.07301261386052077 0.23219546428063903 0.3307041921917705 0.23219546428063903 0.3307041921917705 0.26468964045893384 0.07301261386052077 0.26468964045893384
15 0.14492654269714858 0.2759919626079059 0.2697771135940719 0.2759919626079059 0.2697771135940719 0.2929454458313641 0.14492654269714858 0.2929454458313641
12 0.1319420833238686 0.2929454458313641 0.4086109484314506 0.2929454458313641 0.4086109484314506 0.3084861387862008 0.1319420833238686 0.3084861387862008
1 0.49650575034288463 0.2152419810571809 0.7601901560771868 0.2152419810571809 0.7601901560771868 0.2314890691463283 0.49650575034288463 0.2314890691463283
0 0.4975045549100602 0.23219546428063903 0.8201184301077098 0.23219546428063903 0.8201184301077098 0.26468964045893384 0.4975045549100602 0.26468964045893384
2 0.5634256563436355 0.2759919626079059 0.6952678592107866 0.2759919626079059 0.6952678592107866 0.2929454458313641 0.5634256563436355 0.2929454458313641
6 0.1379349107269209 0.39395995003780226 0.3576719155055059 0.39395995003780226 0.3576719155055059 0.4356372629621369 0.1379349107269209 0.4356372629621369
6 0.1379349107269209 0.44623318997679834 0.365662352042909 0.44623318997679834 0.365662352042909 0.48508492236388995 0.1379349107269209 0.48508492236388995
6 0.1369361061597455 0.49285526884130815 0.3686587657444352 0.49285526884130815 0.3686587657444352 0.5239366547509815 0.1369361061597455 0.5239366547509815
6 0.13393969245821932 0.5302942109597786 0.34868267440092754 0.5302942109597786 0.34868267440092754 0.5733843141527343 0.13393969245821932 0.5733843141527343
9 0.4046157301627491 0.39395995003780226 0.4425703037154137 0.39395995003780226 0.4425703037154137 0.4144454089328142 0.4046157301627491 0.4144454089328142
9 0.4026181210283983 0.4427012143052444 0.44556671741693993 0.4427012143052444 0.44556671741693993 0.4653058586031886 0.4026181210283983 0.4653058586031886
9 0.40062051189404746 0.49356166397561896 0.44656552198411525 0.49356166397561896 0.44656552198411525 0.5112215423333879 0.40062051189404746 0.5112215423333879
9 0.4026181210283983 0.5274686304225353 0.44356910828258916 0.5274686304225353 0.44356910828258916 0.5500732747204795 0.4026181210283983 0.5500732747204795
10 0.45855117679022 0.394666345172113 0.5084914051489893 0.394666345172113 0.5084914051489893 0.4144454089328142 0.45855117679022 0.4144454089328142
10 0.4575523722230445 0.4469395851111091 0.5084914051489893 0.4469395851111091 0.5084914051489893 0.4631866732002565 0.4575523722230445 0.4631866732002565
10 0.4615475904917461 0.49426805910992966 0.51048901428334 0.49426805910992966 0.51048901428334 0.5126343326020092 0.4615475904917461 0.5126343326020092
10 0.4615475904917461 0.5310006060940891 0.5064937960146385 0.5310006060940891 0.5064937960146385 0.5479540893175472 0.4615475904917461 0.5479540893175472
7 0.5714160928810386 0.3932535549034915 0.6233539303741586 0.3932535549034915 0.6233539303741586 0.417977384604368 0.5714160928810386 0.417977384604368
7 0.5754113111497401 0.4427012143052444 0.6283479532100354 0.4427012143052444 0.6283479532100354 0.46177388293163485 0.5754113111497401 0.46177388293163485
7 0.567420874612337 0.4921488737069975 0.6233539303741586 0.4921488737069975 0.6233539303741586 0.5147535180049416 0.567420874612337 0.5147535180049416
7 0.567420874612337 0.5295878158254675 0.6263503440756849 0.5295878158254675 0.6263503440756849 0.5493668795861687 0.567420874612337 0.5493668795861687
8 0.6702977450314019 0.39607913544073453 0.7232343870916974 0.39607913544073453 0.7232343870916974 0.4144454089328142 0.6702977450314019 0.4144454089328142
8 0.6683001358970511 0.44411400457386596 0.7222355825245221 0.44411400457386596 0.7222355825245221 0.46671864887181025 0.6683001358970511 0.46671864887181025
8 0.6702977450314019 0.49356166397561896 0.7292272144947496 0.49356166397561896 0.7292272144947496 0.5147535180049416 0.6702977450314019 0.5147535180049416
8 0.6692989404642266 0.5295878158254675 0.7292272144947496 0.5295878158254675 0.7292272144947496 0.5472476941832364 0.6692989404642266 0.5472476941832364
11 0.7671817880474143 0.3953727403064239 0.8141256027046577 0.3953727403064239 0.8141256027046577 0.41232622352988196 0.7671817880474143 0.41232622352988196
11 0.7621877652115373 0.4434076094395552 0.8141256027046576 0.4434076094395552 0.8141256027046576 0.4645994634688779 0.7621877652115373 0.4645994634688779
11 0.7631865697787128 0.49356166397561896 0.8191196255405344 0.49356166397561896 0.8191196255405344 0.5133407277363201 0.7631865697787128 0.5133407277363201
11 0.7671817880474143 0.5288814206911568 0.8161232118390084 0.5288814206911568 0.8161232118390084 0.5521924601234117 0.7671817880474143 0.5521924601234117
5 0.8630670264962516 0.3953727403064239 0.9120084502878454 0.3953727403064239 0.9120084502878454 0.41444540893281423 0.8630670264962516 0.41444540893281423
5 0.8590718082275499 0.4427012143052444 0.9120084502878454 0.4427012143052444 0.9120084502878454 0.4624802780659456 0.8590718082275499 0.4624802780659456
5 0.8630670264962516 0.49356166397561896 0.9140060594221963 0.49356166397561896 0.9140060594221963 0.5126343326020093 0.8630670264962516 0.5126343326020093
5 0.8590718082275499 0.5295878158254675 0.9130072548550205 0.5295878158254675 0.9130072548550205 0.5493668795861687 0.8590718082275499 0.5493668795861687
19 0.39644964018047313 0.6567505191020099 0.4436658560833096 0.6567505191020099 0.4436658560833096 0.6734471313675368 0.39644964018047313 0.6734471313675368
17 0.563522404144356 0.6805110827106442 0.6470587861262974 0.6805110827106442 0.6470587861262974 0.6984920497658271 0.563522404144356 0.6984920497658271
18 0.6815629439014469 0.6824376148951282 0.7660073300353659 0.6824376148951282 0.7660073300353659 0.6984920497658273 0.6815629439014469 0.6984920497658273
16 0.8368316538896207 0.6779423731313325 0.9121959985037635 0.6779423731313325 0.9121959985037635 0.7004185819503111 0.8368316538896207 0.7004185819503111
