4 0.21237937670528878 0.030644887228303025 0.3263201372004619 0.030644887228303025 0.3263201372004619 0.045994131230503416 0.21237937670528878 0.045994131230503416
3 0.4821166872652904 0.05695787694636083 0.5960574477604635 0.05695787694636083 0.5960574477604635 0.07724080652069702 0.4821166872652904 0.07724080652069702
14 0.08371157913931102 0.21593218982629336 0.16897337270712756 0.21593218982629336 0.16897337270712756 0.22854049739952936 0.08371157913931102 0.22854049739952936
13 0.07828582863954087 0.23018505925690805 0.3611999618418414 0.23018505925690805 0.3611999618418414 0.2674617946908232 0.07828582863954087 0.2674617946908232
15 0.14727037070804702 0.27404004212033767 0.2697373105600018 0.27404004212033767 0.2697373105600018 0.2921302225515024 0.14727037070804702 0.2921302225515024
12 0.13409354806574808 0.2921302225515024 0.39530467926896784 0.2921302225515024 0.39530467926896784 0.3096722156968741 0.13409354806574808 0.3096722156968741
1 0.49994415319310653 0.21373944068312187 0.6332625940446015 0.21373944068312187 0.6332625940446015 0.23128143382849373 0.49994415319310653 0.23128143382849373
0 0.4945184026933365 0.23347418297166522 0.7293758886119587 0.23347418297166522 0.7293758886119587 0.2663654201192375 0.4945184026933365 0.2663654201192375
2 0.5642780519760955 0.2740400421203376 0.6820943485425328 0.2740400421203376 0.6820943485425328 0.29432297169467386 0.5642780519760955 0.29432297169467386
6 0.13974407965765143 0.39156369189416246 0.3545185376549814 0.39156369189416246 0.3545185376549814 0.43666854176919995 0.13974407965765143 0.43666854176919995
6 0.14068195938689737 0.4419749946956749 0.37890341061537697 0.4419749946956749 0.37890341061537697 0.48376331149166557 0.14068195938689737 0.48376331149166557
6 0.14255771884538934 0.49437621734461534 0.34138822144553765 0.49437621734461534 0.34138822144553765 0.5301947745983215 0.14255771884538934 0.5301947745983215
6 0.13599256074066748 0.5447875201461277 0.36858673359367117 0.5447875201461277 0.36858673359367117 0.5832593038630716 0.13599256074066748 0.5832593038630716
9 0.40235040384652654 0.3935536117415906 0.4389277132871198 0.3935536117415906 0.4389277132871198 0.4107995837526343 0.40235040384652654 0.4107995837526343
9 0.40703980249275645 0.44131168807986554 0.4398655930163659 0.44131168807986554 0.4398655930163659 0.45855766009090915 0.40703980249275645 0.45855766009090915
9 0.40141252411728057 0.4970294438078529 0.44830651057957976 0.4970294438078529 0.44830651057957976 0.5089689628924216 0.40141252411728057 0.5089689628924216
9 0.4061019227635105 0.543460906914509 0.4408034727456118 0.543460906914509 0.4408034727456118 0.5580536524623152 0.4061019227635105 0.5580536524623152
10 0.4623747065182694 0.3968701448206374 0.5111444524390605 0.3968701448206374 0.5111444524390605 0.41212619698425307 0.4623747065182694 0.41212619698425307
10 0.4623747065182694 0.4492713674695781 0.5102065727098144 0.4492713674695781 0.5102065727098144 0.4658540328648124 0.4623747065182694 0.4658540328648124
10 0.4623747065182694 0.49835605703947156 0.5102065727098144 0.49835605703947156 0.5102065727098144 0.5109588827398498 0.4623747065182694 0.5109588827398498
10 0.4633125862475153 0.5447875201461277 0.5073929335220766 0.5447875201461277 0.5073929335220766 0.5560637326148872 0.4633125862475153 0.5560637326148872
7 0.5739823942985414 0.39620683820482816 0.6171248618438565 0.39620683820482816 0.6171248618438565 0.41477942344749064 0.5739823942985414 0.41477942344749064
7 0.5599141983598516 0.44661814100634056 0.6236900199485784 0.44661814100634056 0.6236900199485784 0.4578943534750999 0.5599141983598516 0.4578943534750999
7 0.5449081226919159 0.49503952396042483 0.6208763807608404 0.49503952396042483 0.6208763807608404 0.5056524298133748 0.5449081226919159 0.5056524298133748
7 0.5758581537570333 0.5447875201461277 0.6152491023853646 0.5447875201461277 0.6152491023853646 0.5587169590781247 0.5758581537570333 0.5587169590781247
8 0.6733976455986155 0.39488022497320935 0.7146643536854387 0.39488022497320935 0.7146643536854387 0.4094729705210156 0.6733976455986155 0.4094729705210156
8 0.64901277263822 0.443964914543103 0.7221673915194067 0.443964914543103 0.7221673915194067 0.46054757993833734 0.64901277263822 0.46054757993833734
8 0.645261253721236 0.49304960411299675 0.7165401131439307 0.49304960411299675 0.7165401131439307 0.5129488025872778 0.645261253721236 0.5129488025872778
8 0.6733976455986154 0.5447875201461276 0.7221673915194063 0.5447875201461276 0.7221673915194063 0.5580536524623151 0.6733976455986154 0.5580536524623151
11 0.7709371374401978 0.3935536117415906 0.8084523266100369 0.3935536117415906 0.8084523266100369 0.41212619698425307 0.7709371374401978 0.41212619698425307
11 0.7699992577109517 0.4393217682324375 0.810328086068529 0.4393217682324375 0.810328086068529 0.4578943534750999 0.7699992577109517 0.4578943534750999
11 0.7690613779817057 0.49238629749718726 0.8103280860685289 0.49238629749718726 0.8103280860685289 0.5162653356663248 0.7690613779817057 0.5162653356663248
11 0.7709371374401978 0.543460906914509 0.8112659657977748 0.543460906914509 0.8112659657977748 0.5593802656939341 0.7709371374401978 0.5593802656939341
5 0.86378723063555 0.39222699850997184 0.9078675779101112 0.39222699850997184 0.9078675779101112 0.4081463572893968 0.86378723063555 0.4081463572893968
5 0.8384644779459084 0.4446282211589124 0.9059918184516191 0.4446282211589124 0.9059918184516191 0.46519072624900304 0.8384644779459084 0.46519072624900304
5 0.8309614401119406 0.49238629749718726 0.9097433373686031 0.49238629749718726 0.9097433373686031 0.5136121092030873 0.8309614401119406 0.5136121092030873
5 0.86378723063555 0.5427976002986997 0.9078675779101112 0.5427976002986997 0.9078675779101112 0.5580536524623152 0.86378723063555 0.5580536524623152
19 0.3999553225544853 0.6667490234203177 0.4495621842666695 0.6667490234203177 0.4495621842666695 0.6799055182793464 0.3999553225544853 0.6799055182793464
17 0.5456754788340265 0.6925138258525826 0.6479896311154063 0.6925138258525826 0.6479896311154063 0.7095076317121615 0.5456754788340265 0.7095076317121615
18 0.6696926331144869 0.6952547622815469 0.7510788906110392 0.6952547622815469 0.7510788906110392 0.7106040062837473 0.6696926331144869 0.7106040062837473
16 0.8161878966082808 0.6925138258525826 0.9123011911756378 0.6925138258525826 0.9123011911756378 0.7100558189979544 0.8161878966082808 0.7100558189979544
