4 0.213376640570139 0.027645848452772605 0.3400385476791433 0.027645848452772605 0.3400385476791433 0.04762917788568583 0.213376640570139 0.04762917788568583
3 0.4764436352023316 0.05796537928580266 0.6177203777469902 0.05796537928580266 0.6177203777469902 0.07863778904398874 0.4764436352023316 0.07863778904398874
14 0.07989443371491041 0.21025213117110692 0.3069115441487413 0.21025213117110692 0.3069115441487413 0.23161362125456592 0.07989443371491041 0.23161362125456592
13 0.07892011135253345 0.23092454092929307 0.2815791627269403 0.23092454092929307 0.2815791627269403 0.26606763751820944 0.07892011135253345 0.26606763751820944
15 0.14517403199416648 0.27502568174675673 0.26111839311702423 0.27502568174675673 0.26111839311702423 0.29087452922803275 0.14517403199416648 0.29087452922803275
12 0.13348216364564303 0.293630850529124 0.37998567194462934 0.293630850529124 0.37998567194462934 0.3067233767093085 0.13348216364564303 0.3067233767093085
1 0.4998273718993785 0.2123193721469256 0.6342838579073984 0.2123193721469256 0.6342838579073984 0.22954638027874733 0.4998273718993785 0.22954638027874733
0 0.4998273718993785 0.22954638027874733 0.7005377785490314 0.22954638027874733 0.7005377785490314 0.2674457981687552 0.4998273718993785 0.2674457981687552
2 0.5612096807291267 0.27295844077093817 0.6781283642143614 0.27295844077093817 0.6781283642143614 0.2915636095533056 0.5612096807291267 0.2915636095533056
6 0.13557695672475345 0.3910461937891011 0.35014222736740674 0.3910461937891011 0.35014222736740674 0.4252314687258882 0.13557695672475345 0.4252314687258882
6 0.13439802666627731 0.429400404693789 0.3902258493555947 0.429400404693789 0.3902258493555947 0.4702559771792174 0.13439802666627731 0.4702559771792174
9 0.40319407999883194 0.3960489169505821 0.44681449216244834 0.3960489169505821 0.44681449216244834 0.41355844801576574 0.40319407999883194 0.41355844801576574
9 0.40319407999883194 0.429400404693789 0.45270914245482885 0.429400404693789 0.45270914245482885 0.44941129733971313 0.40319407999883194 0.44941129733971313
10 0.4586037927472095 0.3960489169505821 0.5140135054955869 0.3960489169505821 0.5140135054955869 0.4118908736286053 0.4586037927472095 0.4118908736286053
10 0.45742486268873334 0.429400404693789 0.5210870858464437 0.429400404693789 0.5210870858464437 0.45107887172687355 0.45742486268873334 0.45107887172687355
7 0.56470749801006 0.3893786194019407 0.6177593506414853 0.3893786194019407 0.6177593506414853 0.41272466082218556 0.56470749801006 0.41272466082218556
7 0.5706021483024406 0.43106797908094946 0.626011861050818 0.43106797908094946 0.626011861050818 0.4502450845332933 0.5706021483024406 0.4502450845332933
8 0.6708112779637654 0.3968827125632847 0.727399920770619 0.3968827125632847 0.727399920770619 0.41105709485414765 0.6708112779637654 0.41105709485414765
8 0.6708112032729104 0.4327355534681097 0.7215051957873836 0.4327355534681097 0.7215051957873836 0.4460761485653924 0.6708112032729104 0.4460761485653924
11 0.7698413281849044 0.3968827041441622 0.815819600465473 0.3968827041441622 0.815819600465473 0.4118908736286053 0.7698413281849044 0.4118908736286053
11 0.7674834680679523 0.43023419188736917 0.8228931808163298 0.43023419188736917 0.8228931808163298 0.45524780769477435 0.7674834680679523 0.45524780769477435
5 0.8594400126290893 0.3943813425634217 0.9172075854944192 0.3943813425634217 0.9172075854944192 0.4110570864350252 0.8594400126290893 0.4110570864350252
5 0.8641557328629939 0.429400404693789 0.916028655435943 0.429400404693789 0.916028655435943 0.44941129733971313 0.8641557328629939 0.44941129733971313
19 0.3955748791250442 0.5543229127244615 0.444290997243892 0.5543229127244615 0.444290997243892 0.5749953224826476 0.3955748791250442 0.5749953224826476
17 0.5767988385271581 0.5818861257353763 0.645975726255922 0.5818861257353763 0.645975726255922 0.5970458928913794 0.5767988385271581 0.5970458928913794
18 0.6985891338242776 0.5811970454101035 0.7609457650164028 0.5811970454101035 0.7609457650164028 0.5998022141924709 0.6985891338242776 0.5998022141924709
16 0.8369429092818054 0.5798188847595578 0.9129400535472079 0.5798188847595578 0.9129400535472079 0.5970458928913794 0.8369429092818054 0.5970458928913794
