4 0.20768889387784292 0.0282021151586369 0.32731769675148054 0.0282021151586369 0.32731769675148054 0.04935370152761457 0.20768889387784292 0.04935370152761457
3 0.47685370034352764 0.0564042303172738 0.6197436593314836 0.0564042303172738 0.6197436593314836 0.0799059929494712 0.47685370034352764 0.0799059929494712
14 0.08141404640011443 0.2126909518213866 0.3057180517881848 0.2126909518213866 0.3057180517881848 0.22679200940070504 0.08141404640011443 0.22679200940070504
13 0.0764295129470462 0.23031727379553465 0.36885547552704906 0.23031727379553465 0.36885547552704906 0.26909518213866035 0.0764295129470462 0.26909518213866035
15 0.14621298129000143 0.2690951821386604 0.259195739559548 0.2690951821386604 0.259195739559548 0.29142185663924797 0.14621298129000143 0.29142185663924797
12 0.1345824032328422 0.2890716803760282 0.3821475647352309 0.2890716803760282 0.3821475647352309 0.3102232667450059 0.1345824032328422 0.3102232667450059
1 0.505099389910914 0.21386603995299647 0.6380202819927334 0.21386603995299647 0.6380202819927334 0.2291421856639248 0.505099389910914 0.2291421856639248
0 0.49513032300477755 0.22796709753231495 0.726080372996939 0.22796709753231495 0.726080372996939 0.26556991774383076 0.49513032300477755 0.26556991774383076
2 0.5649137913477328 0.2702702702702703 0.6978346834295522 0.2702702702702703 0.6978346834295522 0.2972972972972973 0.5649137913477328 0.2972972972972973
6 0.1345824032328422 0.3901292596944771 0.37550152013114 0.3901292596944771 0.37550152013114 0.42420681551116335 0.1345824032328422 0.42420681551116335
6 0.13624391438386496 0.43478260869565216 0.3605479197719353 0.43478260869565216 0.3605479197719353 0.4806110458284371 0.13624391438386496 0.4806110458284371
6 0.1412284478369332 0.48531139835487663 0.36885547552704906 0.48531139835487663 0.36885547552704906 0.5088131609870741 0.1412284478369332 0.5088131609870741
6 0.1412284478369332 0.518213866039953 0.35556338631886714 0.518213866039953 0.35556338631886714 0.5687426556991774 0.1412284478369332 0.5687426556991774
6 0.13292089208181948 0.5781433607520564 0.36220943092295815 0.5781433607520564 0.36220943092295815 0.6086956521739132 0.13292089208181948 0.6086956521739132
6 0.13292089208181948 0.6133960047003525 0.3406097859596624 0.6133960047003525 0.3406097859596624 0.6498237367802585 0.13292089208181948 0.6498237367802585
9 0.4020856985475039 0.39247943595769685 0.45359254422920897 0.39247943595769685 0.45359254422920897 0.4136310223266745 0.4020856985475039 0.4136310223266745
9 0.4004241873964812 0.43008225616921275 0.4452849884740952 0.43008225616921275 0.4452849884740952 0.4512338425381904 0.4004241873964812 0.4512338425381904
9 0.395439653943413 0.4806110458284371 0.45857707768227723 0.4806110458284371 0.45857707768227723 0.500587544065805 0.395439653943413 0.500587544065805
9 0.395439653943413 0.518213866039953 0.44860801077614076 0.518213866039953 0.44860801077614076 0.535840188014101 0.395439653943413 0.535840188014101
9 0.395439653943413 0.5769682726204466 0.4502695219271636 0.5769682726204466 0.4502695219271636 0.6016451233842539 0.395439653943413 0.6016451233842539
9 0.4020856985475039 0.618096357226792 0.4419619661720497 0.618096357226792 0.4419619661720497 0.6345475910693302 0.4020856985475039 0.6345475910693302
10 0.4652231222863681 0.3971797884841363 0.5084224122129595 0.3971797884841363 0.5084224122129595 0.4112808460634548 0.4652231222863681 0.4112808460634548
10 0.4619000999843227 0.43008225616921275 0.518391479119096 0.43008225616921275 0.518391479119096 0.44770857814336074 0.4619000999843227 0.44770857814336074
10 0.4652231222863681 0.48413631022326675 0.5067609010619367 0.48413631022326675 0.5067609010619367 0.4994124559341951 0.4652231222863681 0.4994124559341951
10 0.4619000999843227 0.5229142185663925 0.5017763676088686 0.5229142185663925 0.5017763676088686 0.535840188014101 0.4619000999843227 0.535840188014101
10 0.4552540553802317 0.5828437132784959 0.511745434515005 0.5828437132784959 0.511745434515005 0.5934195064629848 0.4552540553802317 0.5934195064629848
10 0.4619000999843227 0.6216216216216216 0.5067609010619367 0.6216216216216216 0.5067609010619367 0.6321974148061106 0.4619000999843227 0.6321974148061106
7 0.5739823942985414 0.3951779765503178 0.6161869821146104 0.3951779765503178 0.6161869821146104 0.4130872551771709 0.5739823942985414 0.4130872551771709
7 0.5721066348400493 0.43033322718821454 0.6208763807608404 0.43033322718821454 0.6208763807608404 0.4502324256624959 0.5721066348400493 0.4502324256624959
7 0.5721066348400493 0.4820711432213457 0.6152491023853646 0.4820711432213457 0.6152491023853646 0.49799050200077066 0.5721066348400493 0.49799050200077066
7 0.5805475524032632 0.5205429269382894 0.6114975834683807 0.5205429269382894 0.6114975834683807 0.533809059254477 0.5805475524032632 0.533809059254477
7 0.5852369510494931 0.5835570554401799 0.6171248618438565 0.5835570554401799 0.6171248618438565 0.5948332679089392 0.5852369510494931 0.5948332679089392
7 0.5796096726740172 0.6153957729990299 0.6236900199485784 0.6153957729990299 0.6236900199485784 0.6339683582416924 0.5796096726740172 0.6339683582416924
8 0.6640188483061558 0.3958412831661272 0.7240431509778986 0.3958412831661272 0.7240431509778986 0.4130872551771709 0.6640188483061558 0.4130872551771709
8 0.6771491645155995 0.43232314703564273 0.7137264739561928 0.43232314703564273 0.7137264739561928 0.4482425058150677 0.6771491645155995 0.4482425058150677
8 0.6762112847863534 0.4820711432213457 0.7221673915194066 0.4820711432213457 0.7221673915194066 0.49799050200077066 0.6762112847863534 0.49799050200077066
8 0.6733976455986155 0.5172263938592426 0.7184158726024227 0.5172263938592426 0.7184158726024227 0.533809059254477 0.6733976455986155 0.533809059254477
8 0.6762112847863534 0.5782506025137049 0.7202916320609147 0.5782506025137049 0.7202916320609147 0.5961598811405582 0.6762112847863534 0.5961598811405582
8 0.6724597658693695 0.6134058531516017 0.7212295117901606 0.6134058531516017 0.7212295117901606 0.6333050516258831 0.6724597658693695 0.6333050516258831
11 0.7699992577109517 0.3931880567028897 0.8122038455270211 0.3931880567028897 0.8122038455270211 0.4104340287139333 0.7699992577109517 0.4104340287139333
11 0.7690613779817057 0.4329864536514522 0.8103280860685289 0.4329864536514522 0.8103280860685289 0.44757919919925837 0.7690613779817057 0.44757919919925837
11 0.7699992577109517 0.47809130352648954 0.808452326610037 0.47809130352648954 0.808452326610037 0.49799050200077066 0.7699992577109517 0.49799050200077066
11 0.7709371374401978 0.5172263938592426 0.806576567151545 0.5172263938592426 0.806576567151545 0.5377888989493331 0.7709371374401978 0.5377888989493331
11 0.7690613779817057 0.5815671355927517 0.807514446880791 0.5815671355927517 0.807514446880791 0.6014663340670331 0.7690613779817057 0.6014663340670331
11 0.7709371374401978 0.6180489994622674 0.8178311239024968 0.6180489994622674 0.8178311239024968 0.6359582780891204 0.7709371374401978 0.6359582780891204
5 0.8562841928015821 0.3958412831661272 0.9116190968270952 0.3958412831661272 0.9116190968270952 0.41043402871393336 0.8562841928015821 0.41043402871393336
5 0.866600869823288 0.43497637349888024 0.9116190968270952 0.43497637349888024 0.9116190968270952 0.4482425058150677 0.866600869823288 0.4482425058150677
5 0.8628493509063039 0.48339775645296457 0.915370615744079 0.48339775645296457 0.915370615744079 0.49799050200077066 0.8628493509063039 0.49799050200077066
5 0.866600869823288 0.5192163137066707 0.915370615744079 0.5192163137066707 0.915370615744079 0.5351356724860956 0.866600869823288 0.5351356724860956
5 0.8741039076572557 0.5815671355927517 0.9116190968270952 0.5815671355927517 0.9116190968270952 0.5941699612931298 0.8741039076572557 0.5941699612931298
5 0.8628493509063039 0.6187123060780767 0.9125569765563409 0.6187123060780767 0.9125569765563409 0.6339683582416924 0.8628493509063039 0.6339683582416924
19 0.3976610052002966 0.7296626777284755 0.44361711193334974 0.7296626777284755 0.44361711193334974 0.7495618762027566 0.3976610052002966 0.7495618762027566
17 0.5599141983598515 0.7588481688240879 0.649950652367466 0.7588481688240879 0.649950652367466 0.7687977680612286 0.5599141983598515 0.7687977680612286
18 0.6912173604542892 0.7561949423608505 0.7512416631260321 0.7561949423608505 0.7512416631260321 0.7707876879086566 0.6912173604542892 0.7707876879086566
16 0.8384644779459084 0.7561949423608505 0.9125569765563409 0.7561949423608505 0.9125569765563409 0.7727776077560845 0.8384644779459084 0.7727776077560845
