4 0.20736520813628695 0.028990769230430948 0.32807032929024493 0.028990769230430948 0.32807032929024493 0.04358351477823717 0.20736520813628695 0.04358351477823717
3 0.4766304784028087 0.05525771121648216 0.5942405964502548 0.05525771121648216 0.5942405964502548 0.07714682953819149 0.4766304784028087 0.07714682953819149
14 0.08047008076930545 0.21431863768757 0.19498519571023992 0.21431863768757 0.19498519571023992 0.22891138323537627 0.08047008076930545 0.22891138323537627
13 0.08047008076930545 0.2332892068997181 0.2991836336294686 0.2332892068997181 0.2991836336294686 0.26101542344054995 0.08047008076930545 0.26101542344054995
15 0.14546514600605207 0.2748785317109659 0.25998026094698656 0.2748785317109659 0.25998026094698656 0.28874163998138175 0.14546514600605207 0.28874163998138175
12 0.13618013668651682 0.29166018909094305 0.3817170498031152 0.29166018909094305 0.3817170498031152 0.30625293463874925 0.13618013668651682 0.30625293463874925
1 0.500358835552732 0.21431863768757 0.6148739504936666 0.21431863768757 0.6148739504936666 0.23182993234493746 0.500358835552732 0.23182993234493746
0 0.5013905032549026 0.23401884417710841 0.7469274163715008 0.23401884417710841 0.7469274163715008 0.2661228843822821 0.5013905032549026 0.2661228843822821
2 0.5663855684916492 0.27414889443357554 0.6829640188369249 0.27414889443357554 0.6829640188369249 0.2931194636457236 0.5663855684916492 0.2931194636457236
6 0.138243472090858 0.39526868248036723 0.347672015631486 0.39526868248036723 0.347672015631486 0.43248018362727314 0.138243472090858 0.43248018362727314
6 0.138243472090858 0.4470729291750793 0.36108369575970356 0.4470729291750793 0.36108369575970356 0.4828251557672046 0.138243472090858 0.4828251557672046
6 0.14133847519736975 0.49304007765066893 0.3724320404835799 0.49304007765066893 0.3724320404835799 0.5309812160749651 0.14133847519736975 0.5309812160749651
9 0.4002870684421856 0.39526868248036723 0.4425854442311795 0.39526868248036723 0.4425854442311795 0.4098614280281735 0.4002870684421856 0.4098614280281735
9 0.4013187361443562 0.4470729291750793 0.44568044733769124 0.4470729291750793 0.44568044733769124 0.46166567472288556 0.4013187361443562 0.46166567472288556
9 0.40441373925086793 0.49595862676023017 0.4436171119333501 0.49595862676023017 0.4436171119333501 0.5076328231984751 0.40441373925086793 0.5076328231984751
10 0.46218713057242045 0.39818723158992847 0.5086121771700967 0.39818723158992847 0.5086121771700967 0.41132070258295417 0.46218713057242045 0.41132070258295417
10 0.4601237951680792 0.44926184100725025 0.5086121771700967 0.44926184100725025 0.5086121771700967 0.4594767628907146 0.4601237951680792 0.4594767628907146
10 0.4642504659767617 0.4988771758697915 0.5044855063614144 0.4988771758697915 0.5044855063614144 0.5083624604758654 0.4642504659767617 0.5083624604758654
7 0.5498788852569199 0.39453904520297695 0.6190006213023488 0.39453904520297695 0.6190006213023488 0.4127799771377347 0.5498788852569199 0.4127799771377347
7 0.5509105529590905 0.4434247427881278 0.6169372858980078 0.4434247427881278 0.6169372858980078 0.4565582137811534 0.5509105529590905 0.4565582137811534
7 0.5746389101090138 0.49304007765066893 0.6169372858980078 0.49304007765066893 0.6169372858980078 0.5083624604758654 0.5746389101090138 0.5083624604758654
8 0.6520139877718074 0.3967279570351478 0.7201040561150659 0.3967279570351478 0.7201040561150659 0.40986142802817344 0.6520139877718074 0.40986142802817344
8 0.645823981558784 0.4441543800655181 0.7180407207107246 0.4441543800655181 0.7180407207107246 0.4609360374454952 0.645823981558784 0.4609360374454952
8 0.6747106772195601 0.49085116581849797 0.7180407207107244 0.49085116581849797 0.7180407207107244 0.5090920977532558 0.6747106772195601 0.5090920977532558
11 0.7696241058192538 0.39235013337080604 0.8047008076930535 0.39235013337080604 0.8047008076930535 0.4120503398603444 0.7696241058192538 0.4120503398603444
11 0.7696241058192538 0.44123583095595686 0.8047008076930535 0.44123583095595686 0.8047008076930535 0.4616656747228856 0.7696241058192538 0.4616656747228856
11 0.7727191089257655 0.49304007765066893 0.8067641430973947 0.49304007765066893 0.8067641430973947 0.5112810095854268 0.7727191089257655 0.5112810095854268
5 0.8428725126733652 0.39453904520297695 0.9078675779101119 0.39453904520297695 0.9078675779101119 0.4098614280281735 0.8428725126733652 0.4098614280281735
5 0.8346191710560003 0.446343291897689 0.9078675779101117 0.446343291897689 0.9078675779101117 0.4638545865550565 0.8346191710560003 0.4638545865550565
5 0.8624741990146061 0.49304007765066893 0.909930913314453 0.49304007765066893 0.909930913314453 0.5083624604758654 0.8624741990146061 0.5083624604758654
19 0.39953676465878857 0.618165018552101 0.4389277132871199 0.618165018552101 0.4389277132871199 0.6340843773315259 0.39953676465878857 0.6340843773315259
17 0.5439702429626699 0.641380750105429 0.6490127726382199 0.641380750105429 0.6490127726382199 0.662606561811329 0.5439702429626699 0.662606561811329
18 0.6687082469523857 0.6420440567212384 0.75874470096 0.6420440567212384 0.75874470096 0.6599533353480915 0.6687082469523857 0.6599533353480915
16 0.8187690036317428 0.6427073633370477 0.9088054576393574 0.6427073633370477 0.9088054576393574 0.6573001088848538 0.8187690036317428 0.6573001088848538
