4 0.21023001600040947 0.029078368592160578 0.3268419780006366 0.029078368592160578 0.3268419780006366 0.044179006210776084 0.21023001600040947 0.044179006210776084
3 0.47794480200093076 0.0546332937928945 0.6076961400011834 0.0546332937928945 0.6076961400011834 0.07786504397537987 0.47794480200093076 0.07786504397537987
14 0.0830129280788448 0.21578271462705864 0.24006441363341607 0.21578271462705864 0.24006441363341607 0.22768341310179677 0.0830129280788448 0.22768341310179677
13 0.08637831705501417 0.23006355279674437 0.31298117478375276 0.23006355279674437 0.31298117478375276 0.26417888842432685 0.08637831705501417 0.26417888842432685
15 0.14919891127684268 0.2744928271024332 0.256891358514263 0.2744928271024332 0.256891358514263 0.29036042506875065 0.14919891127684268 0.29036042506875065
12 0.13798094802294475 0.29353394466201416 0.36794919472785265 0.29353394466201416 0.36794919472785265 0.30543464313675234 0.13798094802294475 0.30543464313675234
1 0.502564753774628 0.21578271462705864 0.7168278519240788 0.21578271462705864 0.7168278519240788 0.2292701728984285 0.502564753774628 0.2292701728984285
0 0.5048083464254076 0.23165031259337604 0.7785266498205174 0.23165031259337604 0.7785266498205174 0.25941860903443165 0.5048083464254076 0.25941860903443165
2 0.5653853479964565 0.276079586899065 0.6764431842100463 0.276079586899065 0.6764431842100463 0.29036042506875076 0.5653853479964565 0.29036042506875076
6 0.1398094760333301 0.39659880726197794 0.35563187107507266 0.39659880726197794 0.35563187107507266 0.43499839434046617 0.1398094760333301 0.43499839434046617
6 0.14252422314077343 0.448438249817937 0.3597039917362376 0.448438249817937 0.3597039917362376 0.48203788851161417 0.14252422314077343 0.48203788851161417
6 0.1398094760333301 0.49163778528123614 0.3366286413229696 0.49163778528123614 0.3366286413229696 0.509877589143518 0.1398094760333301 0.509877589143518
6 0.14523897024821672 0.5223574549440269 0.354274497521351 0.5223574549440269 0.354274497521351 0.5607570420225151 0.14523897024821672 0.5607570420225151
9 0.4044973190090522 0.3975587969389401 0.45064801983558833 0.3975587969389401 0.45064801983558833 0.4167585904781842 0.4044973190090522 0.4167585904781842
9 0.4017825719016088 0.44171832207920153 0.4411464049595367 0.44171832207920153 0.4411464049595367 0.4589981362645211 0.4017825719016088 0.4589981362645211
9 0.4017825719016088 0.49451775431212286 0.4479332727281449 0.49451775431212286 0.4479332727281449 0.5069976201126315 0.4017825719016088 0.5069976201126315
9 0.4044973190090522 0.5213974652670645 0.4452185256207017 0.5213974652670645 0.4452185256207017 0.5377172897754221 0.4044973190090522 0.5377172897754221
10 0.4655791289265265 0.39851878661590234 0.5049429619844543 0.39851878661590234 0.5049429619844543 0.40907867306248663 0.4655791289265265 0.40907867306248663
10 0.4655791289265265 0.4455582807870503 0.506300335538176 0.4455582807870503 0.506300335538176 0.45899813626452113 0.4655791289265265 0.45899813626452113
10 0.4642217553728049 0.49451775431212286 0.5076577090918977 0.49451775431212286 0.5076577090918977 0.5098775891435181 0.4642217553728049 0.5098775891435181
10 0.4642217553728049 0.5194774859131402 0.5076577090918977 0.5194774859131402 0.5076577090918977 0.5329173413906111 0.4642217553728049 0.5329173413906111
7 0.5673821454556504 0.3946788279080535 0.627106581819403 0.3946788279080535 0.627106581819403 0.41579860080122205 0.5673821454556504 0.41579860080122205
7 0.5728116396705369 0.4455582807870503 0.6203197140507948 0.4455582807870503 0.6203197140507948 0.4599581259414835 0.5728116396705369 0.4599581259414835
7 0.564667398348207 0.49259777495819856 0.6203197140507947 0.49259777495819856 0.6203197140507947 0.5089175994665561 0.564667398348207 0.5089175994665561
7 0.5714542661168153 0.5194774859131402 0.6216770876045165 0.5194774859131402 0.6216770876045165 0.5348373207445355 0.5714542661168153 0.5348373207445355
8 0.6746146561996608 0.3975587969389401 0.7194079834724754 0.3975587969389401 0.7194079834724754 0.41483861112425974 0.6746146561996608 0.41483861112425974
8 0.6678277884310526 0.4465182704640126 0.7139784892575888 0.4465182704640126 0.7139784892575888 0.45995812594148344 0.6678277884310526 0.45995812594148344
8 0.6786867768608257 0.4897178059273121 0.7248374776873618 0.4897178059273121 0.7248374776873618 0.5089175994665562 0.6786867768608257 0.5089175994665562
8 0.6759720297533824 0.5204374755901024 0.7234801041336402 0.5204374755901024 0.7234801041336402 0.5348373207445355 0.6759720297533824 0.5348373207445355
11 0.7709881785138967 0.39467882790805286 0.8062798909106609 0.39467882790805286 0.8062798909106609 0.416758590478184 0.7709881785138967 0.416758590478184
11 0.7669160578527332 0.438838353048315 0.7967782760346096 0.438838353048315 0.7967782760346096 0.45899813626452113 0.7669160578527332 0.45899813626452113
11 0.7669160578527332 0.49259777495819856 0.8049225173569392 0.49259777495819856 0.8049225173569392 0.5060376304356694 0.7669160578527332 0.5060376304356694
11 0.7750602991750629 0.5213974652670645 0.8089946380181043 0.5213974652670645 0.8089946380181043 0.5367573000984599 0.7750602991750629 0.5367573000984599
5 0.8632895801669705 0.3956388175850157 0.9067255338860634 0.3956388175850157 0.9067255338860634 0.4119586420933732 0.8632895801669705 0.4119586420933732
5 0.8537879652909188 0.44459829111008825 0.9080829074397847 0.44459829111008825 0.9080829074397847 0.4599581259414835 0.8537879652909188 0.4599581259414835
5 0.8660043272744137 0.4964377336660472 0.9067255338860631 0.4964377336660472 0.9067255338860631 0.508917599466556 0.8660043272744137 0.508917599466556
5 0.8646469537206921 0.5194774859131402 0.9162271487621149 0.5194774859131402 0.9162271487621149 0.5338773310675733 0.8646469537206921 0.5338773310675733
19 0.4017825719016088 0.6385162058564539 0.43978903140581505 0.6385162058564539 0.43978903140581505 0.6605959684265845 0.4017825719016088 0.6605959684265845
17 0.5619526512407638 0.6663559064883576 0.6447524380177844 0.6663559064883576 0.6447524380177844 0.6855557000276017 0.5619526512407638 0.6855557000276017
18 0.6881883917368774 0.6701958651962064 0.7546996958692382 0.6701958651962064 0.7546996958692382 0.6826757309967152 0.6881883917368774 0.6826757309967152
16 0.8361421090925374 0.6673158961653197 0.9148697752083932 0.6673158961653197 0.9148697752083932 0.6855557000276018 0.8361421090925374 0.6855557000276018
