4 0.20855498583112725 0.025371075793037417 0.3262876391228926 0.025371075793037417 0.3262876391228926 0.04757515886539546 0.20855498583112725 0.04757515886539546
3 0.48326451017857974 0.05867720040157447 0.5931483199175608 0.05867720040157447 0.5931483199175608 0.07612326567271292 0.48326451017857974 0.07612326567271292
14 0.0856237478485566 0.21445074923110644 0.222214012273635 0.21445074923110644 0.222214012273635 0.2281480732043143 0.0856237478485566 0.2281480732043143
13 0.08460441751702617 0.22958989678044137 0.2711418681870959 0.22958989678044137 0.2711418681870959 0.26058910366717497 0.08460441751702617 0.26058910366717497
15 0.14780287341690895 0.27644918458391315 0.2548325582276047 0.27644918458391315 0.2548325582276047 0.29014650855712104 0.14780287341690895 0.29014650855712104
12 0.13557093409354795 0.29086739876584505 0.3802102136608525 0.29086739876584505 0.3802102136608525 0.30889019346743435 0.13557093409354795 0.30889019346743435
1 0.5035491837760352 0.21372983744304266 0.6330041358804004 0.21372983744304266 0.6330041358804004 0.23031085172718407 0.5035491837760352 0.23031085172718407
0 0.5025298534445048 0.23175263214463215 0.7318791780388528 0.23175263214463215 0.7318791780388528 0.2584263683029843 0.5025298534445048 0.2584263683029843
2 0.5657283339993918 0.27428642764038286 0.6819319917938615 0.27428642764038286 0.6819319917938615 0.29014648697778145 0.5657283339993918 0.29014648697778145
6 0.14363291035201595 0.3986703653437391 0.3363790094050438 0.3986703653437391 0.3363790094050438 0.43406058039413264 0.14363291035201595 0.43406058039413264
6 0.14363291035201595 0.44651269309704894 0.3558389520978976 0.44651269309704894 0.3558389520978976 0.4714169185028814 0.14363291035201595 0.4714169185028814
6 0.14363291035201595 0.48124753379465735 0.3558389520978976 0.48124753379465735 0.3558389520978976 0.5094286309644152 0.14363291035201595 0.5094286309644152
6 0.1380729267254863 0.5199146206089762 0.3391590012183086 0.5199146206089762 0.3391590012183086 0.5598924561288653 0.1380729267254863 0.5598924561288653
6 0.1399262546009962 0.5710338201262113 0.34657231272034816 0.5710338201262113 0.34657231272034816 0.617565399173951 0.1399262546009962 0.617565399173951
6 0.1399262546009962 0.6287067631712971 0.36232559966218214 0.6287067631712971 0.36232559966218214 0.6667184756328308 0.1399262546009962 0.6667184756328308
6 0.13899959066324125 0.6811367113941025 0.3428656569693284 0.6811367113941025 0.3428656569693284 0.726357541736272 0.13899959066324125 0.726357541736272
9 0.40217214898564463 0.3947381192270287 0.4494320098111466 0.3947381192270287 0.4494320098111466 0.4085009806355151 0.40217214898564463 0.4085009806355151
9 0.4049521351954993 0.44782350065536347 0.44479868451896176 0.44782350065536347 0.44479868451896176 0.46027561335827966 0.4049521351954993 0.46027561335827966
9 0.4077321326121743 0.4845244055585827 0.4457253540601269 0.4845244055585827 0.4457253540601269 0.49697651826149897 0.4077321326121743 0.49697651826149897
9 0.40680546867441936 0.5199146206089762 0.4383120425580874 0.5199146206089762 0.4383120425580874 0.5330221076646776 0.40680546867441936 0.5330221076646776
9 0.40587880473666443 0.5644800765983606 0.44016537043359716 0.5644800765983606 0.44016537043359716 0.5821751841235573 0.40587880473666443 0.5821751841235573
9 0.4058787655127933 0.6313285450373675 0.43923879054699294 0.6313285450373675 0.43923879054699294 0.6431252833874986 0.4058787655127933 0.6431252833874986
9 0.40587880473666443 0.6798259626885322 0.4383120425580873 0.6798259626885322 0.4383120425580873 0.6909673266858782 0.40587880473666443 0.6909673266858782
10 0.46703862462849055 0.3980149909909541 0.5013251903254233 0.3980149909909541 0.5013251903254233 0.41046710369387024 0.46703862462849055 0.41046710369387024
10 0.4633319688774708 0.44651269309704894 0.5078118378897079 0.44651269309704894 0.5078118378897079 0.46158630321110533 0.4633319688774708 0.46158630321110533
10 0.4624053049397159 0.4838690312057976 0.5031785182009333 0.4838690312057976 0.5031785182009333 0.49697651826149897 0.4624053049397159 0.49697651826149897
10 0.4624053049397159 0.5192592462561912 0.4994718624499135 0.5192592462561912 0.4994718624499135 0.5336774820174627 0.4624053049397159 0.5336774820174627
10 0.4642586328152257 0.5716891944789964 0.5003985263876685 0.5716891944789964 0.5003985263876685 0.5821751841235574 0.4642586328152257 0.5821751841235574
10 0.4642586328152257 0.6306728862296525 0.5031785182009333 0.6306728862296525 0.5031785182009333 0.6431249989325686 0.4642586328152257 0.6431249989325686
10 0.4624053049397159 0.6791705883357472 0.49854519851215856 0.6791705883357472 0.49854519851215856 0.6929334497442335 0.4624053049397159 0.6929334497442335
7 0.5689716577815341 0.3953934935798138 0.6143781907315262 0.3953934935798138 0.6143781907315262 0.41177785239944037 0.5689716577815341 0.41177785239944037
7 0.570824985657044 0.44389119568590873 0.620864838295811 0.44389119568590873 0.620864838295811 0.4609309288583204 0.570824985657044 0.4609309288583204
7 0.5819449529101033 0.4845244055585827 0.6143781907315262 0.4845244055585827 0.6143781907315262 0.4936996464975736 0.5819449529101033 0.4936996464975736
7 0.5624849878036094 0.5172931330066268 0.616231496193396 0.5172931330066268 0.616231496193396 0.5323667431206833 0.5624849878036094 0.5323667431206833
7 0.5837982807856132 0.5697230714206412 0.6162315186070361 0.5697230714206412 0.6162315186070361 0.5808644354179873 0.5837982807856132 0.5808644354179873
7 0.570824985657044 0.6313282311560653 0.620864838295811 0.6313282311560653 0.620864838295811 0.6457464669173367 0.570824985657044 0.6457464669173367
7 0.5800916250345934 0.6791705883357472 0.6245714940468305 0.6791705883357472 0.6245714940468305 0.6929334497442335 0.5800916250345934 0.6929334497442335
8 0.6736846379205619 0.3986703849613205 0.718164506932799 0.3986703849613205 0.718164506932799 0.41046712331145163 0.6736846379205619 0.41046712331145163
8 0.6755380106233524 0.4452019443914788 0.7163112238845698 0.4452019443914788 0.7163112238845698 0.45765405709439505 0.6755380106233524 0.45765405709439505
8 0.684804650000902 0.48124753379465735 0.7218712075110995 0.48124753379465735 0.7218712075110995 0.4936996464975736 0.684804650000902 0.4936996464975736
8 0.666271371245803 0.5192592462561912 0.7172378878223249 0.5192592462561912 0.7172378878223249 0.5356436050758179 0.666271371245803 0.5356436050758179
8 0.6755379994165321 0.5697231204645948 0.7163112126777496 0.5697231204645948 0.7163112126777496 0.5828306075202961 0.6755379994165321 0.5828306075202961
8 0.6764646577508772 0.6332943836407926 0.7190911988876043 0.6332943836407926 0.7190911988876043 0.6464018706964938 0.6764646577508772 0.6464018706964938
8 0.682024658187637 0.677859839630177 0.7190912156978347 0.677859839630177 0.7190912156978347 0.6922780753914486 0.682024658187637 0.6922780753914486
11 0.7654244125855817 0.39604886793259886 0.8061976258467991 0.39604886793259886 0.8061976258467991 0.41243322675222543 0.7654244125855817 0.41243322675222543
11 0.7719110993737367 0.4471681263025783 0.8089776736941646 0.4471681263025783 0.8089776736941646 0.4589648646527094 0.7719110993737367 0.4589648646527094
11 0.7691310683366015 0.48124753379465735 0.808977617660064 0.48124753379465735 0.808977617660064 0.4936996464975736 0.7691310683366015 0.4936996464975736
11 0.7700577322743564 0.5186038719034061 0.8099042815978189 0.5186038719034061 0.8099042815978189 0.5317113589591076 0.7700577322743564 0.5317113589591076
11 0.7700577322743564 0.5664461996567158 0.8108309455355739 0.5664461996567158 0.8108309455355739 0.5841413071819128 0.7700577322743564 0.5841413071819128
11 0.7719110601498664 0.6300175118768673 0.8117576094733289 0.6300175118768673 0.8117576094733289 0.6450911219909237 0.7719110601498664 0.6450911219909237
11 0.7672777404610914 0.6765490909246068 0.8099042815978188 0.6765490909246068 0.8099042815978188 0.6975210702137288 0.7672777404610914 0.6975210702137288
5 0.8627241260498507 0.397359616638169 0.9081306589998428 0.397359616638169 0.9081306589998428 0.4104671036938702 0.8627241260498507 0.4104671036938702
5 0.8608707981743408 0.4412696982747684 0.9164706344396374 0.4412696982747684 0.9164706344396374 0.46158630321110533 0.8608707981743408 0.46158630321110533
5 0.8719907654274 0.4825582825002275 0.9164706344396374 0.4825582825002275 0.9164706344396374 0.4989426413198541 0.8719907654274 0.4989426413198541
5 0.8580908063610757 0.5186038719034061 0.9090573229375977 0.5186038719034061 0.9090573229375977 0.5349882307230328 0.8580908063610757 0.5349882307230328
5 0.8664307818008703 0.5664461996567158 0.9127639786886176 0.5664461996567158 0.9127639786886176 0.5841413071819128 0.8664307818008703 0.5841413071819128
5 0.8664307818008703 0.627396014465727 0.904424003248823 0.627396014465727 0.904424003248823 0.6444357476381388 0.8664307818008703 0.6444357476381388
5 0.8701374375518902 0.6811367113941025 0.9136906426263725 0.6811367113941025 0.9136906426263725 0.6909673266858783 0.8701374375518902 0.6909673266858783
19 0.3995830353720046 0.814221847316298 0.43940660955651456 0.814221847316298 0.43940660955651456 0.8326373249978618 0.3995830353720046 0.8326373249978618
17 0.5657698737958249 0.8385952736595442 0.6415878323394109 0.8385952736595442 0.6415878323394109 0.8559274879480748 0.5657698737958249 0.8559274879480748
18 0.6906014621049615 0.8413034321421271 0.7534001752420735 0.8413034321421271 0.7534001752420735 0.8559274879480748 0.6906014621049615 0.8559274879480748
16 0.8399398652968738 0.8396785370525772 0.9142261479102866 0.8396785370525772 0.9142261479102866 0.8548442245550418 0.8399398652968738 0.8548442245550418
