4 0.2064675232525799 0.02506351426879705 0.34359893795018887 0.02506351426879705 0.34359893795018887 0.0501270285375941 0.2064675232525799 0.0501270285375941
3 0.4838119574724634 0.05339618257265458 0.6116985576960763 0.05339618257265458 0.6116985576960763 0.08390828689988576 0.4838119574724634 0.08390828689988576
14 0.08166252785363234 0.21249501227893147 0.20030431360324918 0.21249501227893147 0.20030431360324918 0.22884078245423392 0.08166252785363234 0.22884078245423392
13 0.07858092302896698 0.23210993648929437 0.2927524583432103 0.23210993648929437 0.2927524583432103 0.2658911948515861 0.07858092302896698 0.2658911948515861
15 0.14483542675927247 0.27242950292170703 0.2603956076842239 0.27242950292170703 0.2603956076842239 0.28877527309700946 0.14483542675927247 0.28877527309700946
12 0.13404980987294365 0.2909547091203831 0.3852006030831714 0.2909547091203831 0.3852006030831714 0.3116593513424329 0.13404980987294365 0.3116593513424329
1 0.5038423888327883 0.21031557625555786 0.613239360108409 0.21031557625555786 0.613239360108409 0.22775106444254709 0.5038423888327883 0.22775106444254709
0 0.5023015864204555 0.22993050046592076 0.7349627506826912 0.22993050046592076 0.7349627506826912 0.26589119485158613 0.5023015864204555 0.26589119485158613
2 0.5608520780890976 0.2713397849100202 0.6902794807250432 0.2713397849100202 0.6902794807250432 0.298582735202191 0.5608520780890976 0.298582735202191
6 0.1402130195222744 0.39338820221894505 0.3651701717228466 0.39338820221894505 0.3651701717228466 0.43370776865135763 0.1402130195222744 0.43370776865135763
6 0.13713141469760903 0.44242551274485215 0.36517017172284655 0.44242551274485215 0.36517017172284655 0.48492451520063856 0.13713141469760903 0.48492451520063856
9 0.39906782479416564 0.3922984842072581 0.44066948992714816 0.3922984842072581 0.44066948992714816 0.4119134084176211 0.39906782479416564 0.4119134084176211
9 0.40060862720649837 0.44351523075653904 0.4406694899271481 0.44351523075653904 0.4406694899271481 0.4653095909902755 0.40060862720649837 0.4653095909902755
10 0.4622407236998057 0.39338820221894505 0.5084647960697862 0.39338820221894505 0.5084647960697862 0.41191340841762103 0.4622407236998057 0.41191340841762103
10 0.4622407236998057 0.44351523075653904 0.5130872033067844 0.44351523075653904 0.5130872033067844 0.4653095909902755 0.4622407236998057 0.4653095909902755
7 0.5562296708520996 0.3922984842072581 0.6255657794070705 0.3922984842072581 0.6255657794070705 0.4151825624526816 0.5562296708520996 0.4151825624526816
7 0.5747192998000918 0.44242551274485215 0.6255657794070705 0.44242551274485215 0.6255657794070705 0.46530959099027547 0.5747192998000918 0.46530959099027547
8 0.6610042348907222 0.39338820221894505 0.7349627506826911 0.39338820221894505 0.7349627506826911 0.41736199847605515 0.6610042348907222 0.41736199847605515
8 0.6748714566017164 0.4413357947331655 0.7380443555073566 0.4413357947331655 0.7380443555073566 0.4653095909902755 0.6748714566017164 0.4653095909902755
11 0.7704012061663428 0.3922984842072581 0.8150844761239907 0.3922984842072581 0.8150844761239907 0.41845171648774204 0.7704012061663428 0.41845171648774204
11 0.7657787989293449 0.4402460767214786 0.813543673711658 0.4402460767214786 0.813543673711658 0.4663993090019625 0.7657787989293449 0.4663993090019625
5 0.8505229316076427 0.3922984842072581 0.9121550281009502 0.3922984842072581 0.9121550281009502 0.41409284444099476 0.8505229316076427 0.41409284444099476
5 0.8613085484939714 0.44351523075653904 0.9183182377502809 0.44351523075653904 0.9183182377502809 0.4653095909902755 0.8613085484939714 0.4653095909902755
19 0.3852006030831714 0.564473930053777 0.45299590922580957 0.564473930053777 0.45299590922580957 0.5873580082992004 0.3852006030831714 0.5873580082992004
17 0.5562296708520996 0.5873580082992004 0.6502186180043933 0.5873580082992004 0.6502186180043933 0.6146009585913711 0.5562296708520996 0.6146009585913711
18 0.6764122590140489 0.589537444322574 0.7688604037540104 0.589537444322574 0.7688604037540104 0.615690676603058 0.6764122590140489 0.615690676603058
16 0.8304925002473176 0.5873580082992004 0.9213998425749461 0.5873580082992004 0.9213998425749461 0.615690676603058 0.8304925002473176 0.615690676603058
