4 0.20643801914322035 0.02921111959803936 0.3327758772807904 0.02921111959803936 0.3327758772807904 0.04846360140053837 0.20643801914322035 0.04846360140053837
3 0.4779597142565616 0.05784301561201224 0.6098815661239689 0.05784301561201224 0.6098815661239689 0.07808280417361377 0.4779597142565616 0.07808280417361377
14 0.07922165518148705 0.21634004240971122 0.33938499941254535 0.21634004240971122 0.33938499941254535 0.23061927239673105 0.07922165518148705 0.23061927239673105
13 0.07518364318676994 0.2310272503963602 0.3151569274442428 0.2310272503963602 0.3151569274442428 0.26162560036854554 0.07518364318676994 0.26162560036854554
15 0.1426761293841842 0.27794472035371104 0.26958507778957846 0.27794472035371104 0.26958507778957846 0.29181597234110174 0.1426761293841842 0.29181597234110174
12 0.13286952882558553 0.2922239503407309 0.39303287305664386 0.2922239503407309 0.39303287305664386 0.30895104832552556 0.13286952882558553 0.30895104832552556
1 0.49534831459108936 0.21493581582866872 0.7538859656814174 0.21493581582866872 0.7538859656814174 0.23162582490440622 0.49534831459108936 0.23162582490440622
0 0.4948238974489184 0.23162582490440622 0.708261674312536 0.23162582490440622 0.708261674312536 0.2631513976030214 0.4948238974489184 0.2631513976030214
2 0.5635225430733259 0.27650340486361136 0.6841384857726676 0.27650340486361136 0.6841384857726676 0.292080746667633 0.5635225430733259 0.292080746667633
6 0.1392461927724423 0.39452771005704 0.3637920781929559 0.39452771005704 0.3637920781929559 0.4359998538209937 0.1392461927724423 0.4359998538209937
9 0.3988519071590099 0.3931069857311098 0.447837492154008 0.3931069857311098 0.447837492154008 0.41281856517659155 0.3988519071590099 0.41281856517659155
10 0.4579724407736629 0.3937043063203668 0.5128700791301264 0.3937043063203668 0.5128700791301264 0.4164024887121336 0.4579724407736629 0.4164024887121336
7 0.5449640830923664 0.39489894749888077 0.6285774092045185 0.39489894749888077 0.6285774092045185 0.41222124458733445 0.5449640830923664 0.41222124458733445
8 0.6505364645471038 0.3954962680881378 0.725704000142877 0.3954962680881378 0.725704000142877 0.41520784753361945 0.6505364645471038 0.41520784753361945
11 0.7603317412600308 0.39489894749888077 0.8160739586681321 0.39489894749888077 0.8160739586681321 0.41401320635510547 0.7603317412600308 0.41401320635510547
5 0.8371884349590795 0.3954962680881378 0.9132005496064903 0.3954962680881378 0.9132005496064903 0.41222124458733433 0.8371884349590795 0.41222124458733433
19 0.39462901190082034 0.517946988885827 0.4427700178441805 0.517946988885827 0.4427700178441805 0.5400478506883368 0.39462901190082034 0.5400478506883368
17 0.548342399298918 0.5448264154023931 0.6471581483405522 0.5448264154023931 0.6471581483405522 0.5633433536693605 0.548342399298918 0.5633433536693605
18 0.6699617827347754 0.54542373599165 0.7687775317764095 0.54542373599165 0.7687775317764095 0.5621487124908465 0.6699617827347754 0.5621487124908465
16 0.8194522748746835 0.54542373599165 0.9132005496064903 0.54542373599165 0.9132005496064903 0.5621487124908465 0.8194522748746835 0.5621487124908465
