4 0.21049722250002273 0.02857142857142857 0.33381882760104614 0.02857142857142857 0.33381882760104614 0.051127819548872175 0.21049722250002273 0.051127819548872175
3 0.46989784012631336 0.05263157894736842 0.5995981489394588 0.05263157894736842 0.5995981489394588 0.07669172932330827 0.46989784012631336 0.07669172932330827
14 0.08423031562121684 0.21568845958896954 0.334016768842756 0.21568845958896954 0.334016768842756 0.23212186603384344 0.08423031562121684 0.23212186603384344
13 0.07842132833699501 0.23314895393664806 0.3354690156638115 0.23314895393664806 0.3354690156638115 0.2649886789235912 0.07842132833699501 0.2649886789235912
15 0.1466769289266016 0.2773137337572466 0.2570476873268166 0.2773137337572466 0.2570476873268166 0.29066587649370657 0.1466769289266016 0.29066587649370657
12 0.13505895435815796 0.2937471402021205 0.3819409139375862 0.2937471402021205 0.3819409139375862 0.3091534587441898 0.13505895435815796 0.3091534587441898
1 0.5010251532641339 0.21568845958896954 0.7464548660225064 0.21568845958896954 0.7464548660225064 0.23006769022823423 0.5010251532641339 0.23006769022823423
0 0.49957290644307845 0.23212186603384347 0.7101486954961201 0.23212186603384347 0.7101486954961201 0.26498867892359124 0.49957290644307845 0.26498867892359124
2 0.567828507032685 0.27525955795163737 0.6781992654329 0.27525955795163737 0.6781992654329 0.2937471402021205 0.567828507032685 0.2937471402021205
6 0.12779772025288066 0.3954288425797775 0.37322743301125333 0.3954288425797775 0.37322743301125333 0.43753944659476685 0.12779772025288066 0.43753944659476685
6 0.1336067075371025 0.44781032562281303 0.3645139520849207 0.44781032562281303 0.3645139520849207 0.4837584022209747 0.1336067075371025 0.4837584022209747
9 0.40317129142198604 0.39354983503407553 0.4380863164210655 0.39354983503407553 0.4380863164210655 0.4089831618981571 0.40317129142198604 0.4089831618981571
9 0.40426238595320724 0.4452514800287483 0.44463288360839287 0.4452514800287483 0.44463288360839287 0.45836980786321746 0.40426238595320724 0.45836980786321746
10 0.4620903961079326 0.3989514994365041 0.5068252718880031 0.3989514994365041 0.5068252718880031 0.40975482824136106 0.4620903961079326 0.40975482824136106
10 0.45881711251426893 0.4483381454015645 0.5024608937631182 0.4483381454015645 0.5024608937631182 0.4583698078632174 0.45881711251426893 0.4583698078632174
7 0.5679265656363921 0.397408166750096 0.6170258195413475 0.397408166750096 0.6170258195413475 0.40821149555495295 0.5679265656363921 0.40821149555495295
7 0.5613799984490646 0.4437081473423401 0.6224812921974537 0.4437081473423401 0.6224812921974537 0.46299980592244183 0.5613799984490646 0.46299980592244183
8 0.6737627351648515 0.39432150137727967 0.7206798000073646 0.39432150137727967 0.7206798000073646 0.4097548282413611 0.6737627351648515 0.4097548282413611
8 0.6628517898526393 0.4444798136855442 0.7206798000073646 0.4444798136855442 0.7206798000073646 0.46145647323603367 0.6628517898526393 0.46145647323603367
11 0.7675968648498775 0.39663650040689175 0.8068762679738418 0.39663650040689175 0.8068762679738418 0.40975482824136106 0.7675968648498775 0.40975482824136106
11 0.7686879593810988 0.4437081473423401 0.8079673625050632 0.4437081473423401 0.8079673625050632 0.46068480689282965 0.7686879593810988 0.46068480689282965
5 0.8636131835973461 0.397408166750096 0.9127124375023016 0.397408166750096 0.9127124375023016 0.4089831618981571 0.8636131835973461 0.4089831618981571
5 0.8385180093792577 0.4437081473423401 0.910530248439859 0.4437081473423401 0.910530248439859 0.46068480689282965 0.8385180093792577 0.46068480689282965
19 0.39989800782832235 0.5687180949413995 0.4369952218898443 0.5687180949413995 0.4369952218898443 0.5849230881486849 0.39989800782832235 0.5849230881486849
17 0.5635621875115071 0.5972697496399499 0.6443031828218784 0.5972697496399499 0.6443031828218784 0.6111597438176232 0.5635621875115071 0.6111597438176232
18 0.6824914914146214 0.5949547506103378 0.7621413921937714 0.5949547506103378 0.7621413921937714 0.609616411131215 0.6824914914146214 0.609616411131215
16 0.8177872132860543 0.5934114179239297 0.915985721095965 0.5934114179239297 0.915985721095965 0.6134747428472356 0.8177872132860543 0.6134747428472356
