4 0.20947347992894144 0.021711366538952746 0.3304624726465196 0.021711366538952746 0.3304624726465196 0.05236270753512134 0.20947347992894144 0.05236270753512134
3 0.4803443591474002 0.05747126436781609 0.5977217401420657 0.05747126436781609 0.5977217401420657 0.08045977011494253 0.4803443591474002 0.08045977011494253
14 0.08276044894728765 0.21645669279572133 0.3446090825018207 0.21645669279572133 0.3446090825018207 0.22989016305449794 0.08276044894728765 0.22989016305449794
13 0.08683063496108868 0.23180923023432315 0.37852729928349593 0.23180923023432315 0.37852729928349593 0.2634738387014395 0.08683063496108868 0.2634738387014395
15 0.14788342516810415 0.2740287081904782 0.25913517621199905 0.2740287081904782 0.25913517621199905 0.2893812456290801 0.14788342516810415 0.2893812456290801
12 0.13431613845543408 0.2913003128089053 0.37717057061222886 0.2913003128089053 0.37717057061222886 0.3056933166575945 0.13431613845543408 0.3056933166575945
1 0.503346337040061 0.2145376256158961 0.6254519174540919 0.2145376256158961 0.6254519174540919 0.22893062946458534 0.503346337040061 0.22893062946458534
0 0.503346337040061 0.23084969664441055 0.7244931104565838 0.23084969664441055 0.7244931104565838 0.259635704341789 0.503346337040061 0.259635704341789
2 0.5671125845896104 0.27498824178039083 0.6770076069622382 0.27498824178039083 0.6770076069622382 0.2932193799887306 0.5671125845896104 0.2932193799887306
6 0.1410997818117691 0.39301087333964246 0.2699890055821352 0.39301087333964246 0.2699890055821352 0.4122015451378948 0.1410997818117691 0.4122015451378948
6 0.1410997818117691 0.42179688103702095 0.2903399356511403 0.42179688103702095 0.2903399356511403 0.43810895206553535 0.1410997818117691 0.43810895206553535
6 0.14381323915430314 0.4467447543747489 0.36088982655702473 0.4467447543747489 0.36088982655702473 0.4611377582234383 0.14381323915430314 0.4611377582234383
9 0.4052048673273881 0.39628233658299405 0.44648353364556276 0.39628233658299405 0.44648353364556276 0.4087940287725272 0.4052048673273881 0.4087940287725272
9 0.40015033675781564 0.4201141312297238 0.4405865813143949 0.4201141312297238 0.4405865813143949 0.43262582341925687 0.40015033675781564 0.43262582341925687
9 0.4043624455657927 0.4457333104749582 0.44142900307599037 0.4457333104749582 0.44142900307599037 0.45884079753065954 0.4043624455657927 0.45884079753065954
10 0.4641743906390662 0.39687813144916245 0.5046106351956453 0.39687813144916245 0.5046106351956453 0.40879402877252724 0.4641743906390662 0.40879402877252724
10 0.46754407768544787 0.4230931055605651 0.49787126110288227 0.4230931055605651 0.49787126110288227 0.43381741315159333 0.46754407768544787 0.43381741315159333
10 0.4633319688774708 0.4457333104749582 0.5054530569572409 0.4457333104749582 0.5054530569572409 0.46122397699533235 0.4633319688774708 0.46122397699533235
7 0.5779013284544454 0.39389915711832124 0.6158103077262386 0.39389915711832124 0.6158103077262386 0.40700664417402255 0.5779013284544454 0.40700664417402255
7 0.5694771108384913 0.4201141312297238 0.6183375730110247 0.4201141312297238 0.6183375730110247 0.4373921823486028 0.5694771108384913 0.4373921823486028
7 0.57705890669285 0.44871228480579944 0.6132830424414523 0.44871228480579944 0.6132830424414523 0.45943659239682777 0.57705890669285 0.45943659239682777
8 0.6739374092763213 0.39509074685065765 0.7152160755944958 0.39509074685065765 0.7152160755944958 0.41296459283570497 0.6739374092763213 0.41296459283570497
8 0.6722525657531303 0.42249731069439667 0.7227978714488545 0.42249731069439667 0.7227978714488545 0.43679638748243454 0.6722525657531303 0.43679638748243454
8 0.6764646745611074 0.4504996694043041 0.7211130279256637 0.4504996694043041 0.7211130279256637 0.46062818212916423 0.6764646745611074 0.46062818212916423
11 0.7716583336213877 0.39687813144916245 0.8112521564163716 0.39687813144916245 0.8112521564163716 0.40998561850486376 0.7716583336213877 0.40998561850486376
11 0.7725007706650092 0.41951838094896776 0.8070400628904206 0.41951838094896776 0.8070400628904206 0.43441314559818367 0.7725007706650092 0.43441314559818367
11 0.7716583336213877 0.44394592587645343 0.8045127823236083 0.44394592587645343 0.8045127823236083 0.4612239769953324 0.7716583336213877 0.4612239769953324
5 0.8617974621120956 0.3933033622521529 0.9131851895694152 0.3933033622521529 0.9131851895694152 0.4087940287725272 0.8617974621120956 0.4087940287725272
5 0.8634823056352866 0.4189225414973873 0.9098155025230337 0.4189225414973873 0.9098155025230337 0.43381741315159333 0.8634823056352866 0.43381741315159333
5 0.8668519926816681 0.4463291053411264 0.9106579242846291 0.4463291053411264 0.9106579242846291 0.4606281821291643 0.8668519926816681 0.4606281821291643
19 0.39425338442664787 0.5458268479912227 0.4405865813143949 0.5458268479912227 0.4405865813143949 0.5625091042439335 0.39425338442664787 0.5625091042439335
17 0.5694771108384913 0.5714460272364571 0.6452950693820777 0.5714460272364571 0.6452950693820777 0.5893198732215044 0.5694771108384913 0.5893198732215044
18 0.6891010009850383 0.5708502323702889 0.7590220071974568 0.5708502323702889 0.7590220071974568 0.5875324886229998 0.6891010009850383 0.5875324886229998
16 0.8382096527874245 0.5738292067011301 0.9106579242846291 0.5738292067011301 0.9106579242846291 0.5875324886229998 0.8382096527874245 0.5875324886229998
