4 0.20893621537511967 0.025716018930802564 0.3372827476769789 0.025716018930802564 0.3372827476769789 0.04788124485778397 0.20893621537511967 0.04788124485778397
3 0.4790608938243814 0.05526965350011111 0.5984530168958784 0.05526965350011111 0.5984530168958784 0.0784903663759964 0.4790608938243814 0.0784903663759964
14 0.08357448615004787 0.21289592592743165 0.23132223845102537 0.21289592592743165 0.23132223845102537 0.22872823016098984 0.08357448615004787 0.22872823016098984
13 0.08185222562189402 0.23446833439508633 0.3240451123935256 0.23446833439508633 0.3240451123935256 0.2638094441692737 0.08185222562189402 0.2638094441692737
15 0.1491280275029028 0.27173947383797303 0.2590118372418838 0.27173947383797303 0.2590118372418838 0.28759949756946124 0.1491280275029028 0.28759949756946124
12 0.137915393856068 0.29235755097659116 0.37898701726301615 0.29235755097659116 0.37898701726301615 0.30583860141338 0.137915393856068 0.30583860141338
1 0.5000834606488319 0.21543626319020803 0.6391201178695834 0.21543626319020803 0.6391201178695834 0.2281243106601269 0.5000834606488319 0.2281243106601269
0 0.502325987378199 0.23208932549447656 0.8017033057486882 0.23208932549447656 0.8017033057486882 0.2638094441692737 0.502325987378199 0.2638094441692737
2 0.5673592964304718 0.27570448867232267 0.6817281596281867 0.27570448867232267 0.6817281596281867 0.2915645480097213 0.5673592964304718 0.2915645480097213
6 0.14127918395011843 0.39703394260342184 0.3588042766987136 0.39703394260342184 0.3588042766987136 0.4343050820463086 0.14127918395011843 0.4343050820463086
6 0.1457642374088524 0.44540712358248763 0.35992554006339705 0.44540712358248763 0.35992554006339705 0.4810922570916345 0.1457642374088524 0.4810922570916345
6 0.14015792058543497 0.49457330752842327 0.3397427994990944 0.49457330752842327 0.3397427994990944 0.5326374499381799 0.14015792058543497 0.5326374499381799
6 0.14464297404416887 0.5437394914743588 0.2691032075240351 0.5437394914743588 0.2691032075240351 0.5580135448780176 0.14464297404416887 0.5580135448780176
6 0.14127918395011843 0.564357568612977 0.3520766965106127 0.564357568612977 0.3520766965106127 0.6087657347576931 0.14127918395011843 0.6087657347576931
6 0.14464297404416887 0.6190747733270022 0.3431065895931448 0.6190747733270022 0.3431065895931448 0.6571389157367588 0.14464297404416887 0.6571389157367588
9 0.39916975782731884 0.3946549337028121 0.44177776568529104 0.3946549337028121 0.44177776568529104 0.4097219900733408 0.39916975782731884 0.4097219900733408
9 0.4036548112860527 0.44302811468187786 0.44626281914402494 0.44302811468187786 0.44626281914402494 0.4604741799530163 0.4036548112860527 0.4604741799530163
9 0.40701860138010315 0.4937803045615533 0.44065650232060755 0.4937803045615533 0.44065650232060755 0.508054357965212 0.40701860138010315 0.508054357965212
9 0.40701860138010315 0.5437394914743588 0.43841397559124057 0.5437394914743588 0.43841397559124057 0.5556345359774079 0.40701860138010315 0.5556345359774079
9 0.40477607465073623 0.5683225834473267 0.4372927122265571 0.5683225834473267 0.4372927122265571 0.5810106309172456 0.40477607465073623 0.5810106309172456
9 0.3980484944626353 0.6159027614595225 0.44289902904997447 0.6159027614595225 0.44289902904997447 0.632555823763791 0.3980484944626353 0.632555823763791
10 0.4664455597083275 0.39782694557029186 0.5056897774722493 0.39782694557029186 0.5056897774722493 0.4113079960070806 0.4664455597083275 0.4113079960070806
10 0.4608392428849102 0.44540712358248763 0.5045685141075659 0.44540712358248763 0.5045685141075659 0.45888817401927645 0.4608392428849102 0.45888817401927645
10 0.45859671615554326 0.4937803045615533 0.5079323042016164 0.4937803045615533 0.5079323042016164 0.5088473609320819 0.45859671615554326 0.5088473609320819
10 0.4664455597083275 0.5453254974080988 0.497840933919465 0.5453254974080988 0.497840933919465 0.5595995508117575 0.4664455597083275 0.5595995508117575
10 0.46532429634364403 0.5722875982816763 0.4989621972841486 0.5722875982816763 0.4989621972841486 0.5841826427847252 0.46532429634364403 0.5841826427847252
10 0.4664455597083275 0.6190747733270022 0.5045685141075659 0.6190747733270022 0.5045685141075659 0.630969817830051 0.4664455597083275 0.630969817830051
7 0.5707230187232601 0.39227588919629197 0.6211798701340168 0.39227588919629197 0.6211798701340168 0.41130796040117024 0.5707230187232601 0.41130796040117024
7 0.5808144229060426 0.44461412061561767 0.6166948505759139 0.44461412061561767 0.6166948505759139 0.4612671829198862 0.5808144229060426 0.4612671829198862
7 0.5763293694473086 0.49219429862781344 0.6155735872112305 0.49219429862781344 0.6155735872112305 0.509640363898952 0.5763293694473086 0.509640363898952
7 0.5718443159885747 0.542153485540619 0.6166948505759138 0.542153485540619 0.6166948505759138 0.5572205419111477 0.5718443159885747 0.5572205419111477
7 0.5729655793532581 0.5659435745467168 0.6200586406699644 0.5659435745467168 0.6200586406699644 0.5841826427847252 0.5729655793532581 0.5841826427847252
7 0.5729655793532581 0.6174887673932623 0.6144523238465469 0.6174887673932623 0.6144523238465469 0.632555823763791 0.5729655793532581 0.632555823763791
8 0.6660304386219871 0.3938619307359422 0.7187298167621105 0.3938619307359422 0.7187298167621105 0.41448000787456035 0.6660304386219871 0.41448000787456035
8 0.6772430722688219 0.441442108748138 0.7153660266680603 0.441442108748138 0.7153660266680603 0.46126718291988617 0.6772430722688219 0.46126718291988617
8 0.6716367554454044 0.4929873015946834 0.713123499938693 0.4929873015946834 0.713123499938693 0.5080543579652119 0.6716367554454044 0.5080543579652119
8 0.6727580188100878 0.542153485540619 0.7164872900327436 0.542153485540619 0.7164872900327436 0.5580135448780177 0.6727580188100878 0.5580135448780177
8 0.6738792550542664 0.5675295092686358 0.7142447361828717 0.5675295092686358 0.7142447361828717 0.5825965656391645 0.6738792550542664 0.5825965656391645
8 0.6705154920807209 0.6166957644263924 0.7164872900327436 0.6166957644263924 0.7164872900327436 0.6309698178300512 0.6705154920807209 0.6309698178300512
11 0.7691866681728672 0.39306892776907226 0.8005820423840044 0.39306892776907226 0.8005820423840044 0.4128940019408205 0.7691866681728672 0.4128940019408205
11 0.7680654048081837 0.44223511171500784 0.8084308859367889 0.44223511171500784 0.8084308859367889 0.464439194787366 0.7680654048081837 0.464439194787366
11 0.7680654048081837 0.49457330752842327 0.806188359207422 0.49457330752842327 0.806188359207422 0.5136053787333016 0.7680654048081837 0.5136053787333016
11 0.7680654048081837 0.5437394914743588 0.8017033057486882 0.5437394914743588 0.8017033057486882 0.5564275389442778 0.7680654048081837 0.5564275389442778
11 0.7691310683366015 0.5709156658795993 0.8028279388004176 0.5709156658795993 0.8028279388004176 0.582831563202964 0.7691310683366015 0.582831563202964
11 0.7708159118597924 0.6173876654407221 0.8078824693699901 0.6173876654407221 0.8078824693699901 0.6352615114257694 0.7708159118597924 0.6352615114257694
5 0.858427775065714 0.3969435649584727 0.9123427678078199 0.3969435649584727 0.9123427678078199 0.4154132058096882 0.858427775065714 0.4154132058096882
5 0.8643247273968819 0.4446071542519321 0.9089730807614383 0.4446071542519321 0.9089730807614383 0.45950202590613815 0.8643247273968819 0.45950202590613815
5 0.8634823056352866 0.4946539230100644 0.9089730807614383 0.4946539230100644 0.9089730807614383 0.5101445895304386 0.8634823056352866 0.5101445895304386
5 0.8668519926816681 0.5458922815005331 0.9106579242846291 0.5458922815005331 0.9106579242846291 0.557808178823898 0.8668519926816681 0.557808178823898
5 0.8702216797280498 0.5709156658795993 0.9098155025230334 0.5709156658795993 0.9098155025230334 0.5822357683367959 0.8702216797280498 0.5822357683367959
5 0.8575853533041186 0.6150044859760491 0.9064458154766518 0.6150044859760491 0.9064458154766518 0.6346657165596009 0.8575853533041186 0.6346657165596009
19 0.40015033675781564 0.7437060313147278 0.43805931602960874 0.7437060313147278 0.43805931602960874 0.7562177235042609 0.40015033675781564 0.7562177235042609
17 0.5711619543616822 0.7669420310952891 0.6444526476204822 0.7669420310952891 0.6444526476204822 0.7830284924818316 0.5711619543616822 0.7830284924818316
18 0.6882585384713699 0.7663462183949562 0.747228061783048 0.7663462183949562 0.747228061783048 0.7842200643800034 0.6882585384713699 0.7842200643800034
16 0.837367231025829 0.7693252105599622 0.9106579242846289 0.7693252105599622 0.9106579242846289 0.7824326976156635 0.837367231025829 0.7824326976156635
