4 0.2101478086596075 0.028510443425916927 0.33108272405858064 0.028510443425916927 0.33108272405858064 0.048686770290261014 0.2101478086596075 0.048686770290261014
3 0.4811660549639729 0.05833631792103426 0.5990000750963058 0.05833631792103426 0.5990000750963058 0.07675818157978319 0.4811660549639729 0.07675818157978319
14 0.07995314245657517 0.21559009667126006 0.17750730754508018 0.21559009667126006 0.17750730754508018 0.22938894978326582 0.07995314245657517 0.22938894978326582
13 0.07845230914752124 0.23045040002265083 0.3561064713224971 0.23045040002265083 0.3561064713224971 0.26388608256328017 0.07845230914752124 0.26388608256328017
15 0.14373855809136693 0.2755620351965158 0.2638052228156808 0.2755620351965158 0.2638052228156808 0.2909530636675991 0.14373855809136693 0.2909530636675991
12 0.13323272492798946 0.29148378878729164 0.3943777207033721 0.29148378878729164 0.3943777207033721 0.30793626749776015 0.13323272492798946 0.30793626749776015
1 0.4986856356826198 0.21559009667126006 0.611248133861664 0.21559009667126006 0.611248133861664 0.23045040002265083 0.4986856356826198 0.23045040002265083
0 0.4941831357554581 0.2315118502620359 0.7463231316765172 0.2315118502620359 0.7463231316765172 0.26547825792235774 0.4941831357554581 0.26547825792235774
2 0.5639718846264655 0.2771542105555934 0.6877906326234141 0.2771542105555934 0.6877906326234141 0.2957295897448318 0.5639718846264655 0.2957295897448318
6 0.13783503027020336 0.3955706792870093 0.3395935528396314 0.3955706792870093 0.3395935528396314 0.4231200895251287 0.13783503027020336 0.4231200895251287
6 0.13583742113585257 0.43300962140547933 0.36756008072054225 0.43300962140547933 0.36756008072054225 0.47327414406119245 0.13583742113585257 0.47327414406119245
6 0.13683622570302795 0.48104449053861076 0.36955768985489296 0.48104449053861076 0.36955768985489296 0.5198962229257025 0.13683622570302795 0.5198962229257025
6 0.13683622570302795 0.532611335343296 0.3605684487503145 0.532611335343296 0.3605684487503145 0.56439911638728 0.13683622570302795 0.56439911638728
6 0.13483861656867718 0.5686374871931447 0.3615672533174899 0.5686374871931447 0.3615672533174899 0.6011316633714395 0.13483861656867718 0.6011316633714395
6 0.13583742113585257 0.605370034177304 0.2846593016449852 0.605370034177304 0.2846593016449852 0.6230299125350728 0.13583742113585257 0.6230299125350728
6 0.12984459373280025 0.6300938638781804 0.37455171269077 0.6300938638781804 0.37455171269077 0.6576432741163 0.12984459373280025 0.6576432741163
9 0.3985230223029792 0.39627707442132004 0.44646564152739776 0.39627707442132004 0.44646564152739776 0.4153497430477104 0.3985230223029792 0.4153497430477104
9 0.3985230223029792 0.43300962140547933 0.4414716186915208 0.43300962140547933 0.4414716186915208 0.45066949976324816 0.3985230223029792 0.45066949976324816
9 0.39652541316862844 0.48033809540430006 0.44646564152739776 0.48033809540430006 0.44646564152739776 0.4972915786277582 0.39652541316862844 0.4972915786277582
9 0.40052063143732997 0.5290793596717422 0.44247042325869623 0.5290793596717422 0.44247042325869623 0.5481520282981328 0.40052063143732997 0.5481520282981328
9 0.40351704513885617 0.5658119066559015 0.44446803239304705 0.5658119066559015 0.44446803239304705 0.5877101558195349 0.40351704513885617 0.5877101558195349
9 0.40151943600450546 0.6039572439086823 0.44646564152739776 0.6039572439086823 0.44646564152739776 0.6216171222664514 0.40151943600450546 0.6216171222664514
9 0.4025182405716808 0.6286810736095588 0.45046085979609923 0.6286810736095588 0.45046085979609923 0.6484601373702602 0.4025182405716808 0.6484601373702602
10 0.4584512963335024 0.3969834695556308 0.5163819612296747 0.3969834695556308 0.5163819612296747 0.41040497710753515 0.4584512963335024 0.41040497710753515
10 0.457452491766327 0.4344224116741009 0.5143843520953241 0.4344224116741009 0.5143843520953241 0.45278868516618054 0.457452491766327 0.45278868516618054
10 0.4604489054678531 0.48316367594154297 0.5133855475281487 0.48316367594154297 0.5133855475281487 0.5015299494336227 0.4604489054678531 0.5015299494336227
10 0.46244651460220393 0.5311985450746746 0.5153831566624993 0.5311985450746746 0.5153831566624993 0.5481520282981327 0.46244651460220393 0.5481520282981327
10 0.4604489054678531 0.5665183017902123 0.5123867429609732 0.5665183017902123 0.5123867429609732 0.5884165509538458 0.4604489054678531 0.5884165509538458
10 0.4604489054678531 0.6067828244459255 0.5123867429609732 0.6067828244459255 0.5123867429609732 0.6237363076693835 0.4604489054678531 0.6237363076693835
10 0.4614477100350286 0.6293874687438696 0.5063939155579208 0.6293874687438696 0.5063939155579208 0.6491665325045707 0.4614477100350286 0.6491665325045707
7 0.5793066489617242 0.3941578890183877 0.625251659051792 0.3941578890183877 0.625251659051792 0.4146433479133997 0.5793066489617242 0.4146433479133997
7 0.5783078443945487 0.4301840408682363 0.6242528544846165 0.4301840408682363 0.6242528544846165 0.4520822900318697 0.5783078443945487 0.4520822900318697
7 0.5743126261258472 0.48033809540430006 0.6212564407830904 0.48033809540430006 0.6212564407830904 0.5015299494336227 0.5743126261258472 0.5015299494336227
7 0.5783078443945487 0.5304921499403638 0.6282480727533181 0.5304921499403638 0.6282480727533181 0.5495648185667542 0.5783078443945487 0.5495648185667542
7 0.5753114306930226 0.5658119066559015 0.6262504636189673 0.5658119066559015 0.6262504636189673 0.5870037606852243 0.5753114306930226 0.5870037606852243
7 0.5773090398273735 0.6025444536400609 0.6242528544846165 0.6025444536400609 0.6242528544846165 0.623029912535073 0.5773090398273735 0.623029912535073
7 0.5713162124243211 0.6258554930723159 0.6242528544846165 0.6258554930723159 0.6242528544846165 0.6512857179075033 0.5713162124243211 0.6512857179075033
8 0.6761906919777367 0.3948642841526985 0.7271297249036813 0.3948642841526985 0.7271297249036813 0.4160561381820212 0.6761906919777367 0.4160561381820212
8 0.6622074280372813 0.4323032262711686 0.731124943172383 0.4323032262711686 0.731124943172383 0.4534950803004913 0.6622074280372813 0.4534950803004913
8 0.6682002554403336 0.47963170026998925 0.7301261386052077 0.47963170026998925 0.7301261386052077 0.5022363445679335 0.6682002554403336 0.5022363445679335
8 0.6701978645746842 0.5311985450746746 0.7301261386052076 0.5311985450746746 0.7301261386052076 0.5488584234324434 0.6701978645746842 0.5488584234324434
8 0.6711966691418598 0.5665183017902123 0.7251321157693305 0.5665183017902123 0.7251321157693305 0.5841781801479812 0.6711966691418598 0.5841781801479812
8 0.6721954737090351 0.605370034177304 0.7291273340380321 0.605370034177304 0.7291273340380321 0.6223235174007621 0.6721954737090351 0.6223235174007621
8 0.669199060007509 0.6265618882066266 0.7241333112021552 0.6265618882066266 0.7241333112021552 0.6498729276388816 0.669199060007509 0.6498729276388816
11 0.7660831030235216 0.3955706792870093 0.8150245268151155 0.3955706792870093 0.8150245268151155 0.41676253331633195 0.7660831030235216 0.41676253331633195
11 0.7680807121578722 0.4337160165397901 0.8110293085464139 0.4337160165397901 0.8110293085464139 0.45349508030049135 0.7680807121578722 0.45349508030049135
11 0.7680807121578722 0.48033809540430006 0.81402572224794 0.48033809540430006 0.81402572224794 0.5022363445679335 0.7680807121578722 0.5022363445679335
11 0.7650842984563461 0.5283729645374314 0.8160233313822907 0.5283729645374314 0.8160233313822907 0.5523903991039972 0.7650842984563461 0.5523903991039972
11 0.7670819075906968 0.5672246969245232 0.819019745083817 0.5672246969245232 0.819019745083817 0.5919485266253994 0.7670819075906968 0.5919485266253994
11 0.7620878847548199 0.6060764293116148 0.8170221359494662 0.6060764293116148 0.8170221359494662 0.6258554930723159 0.7620878847548199 0.6258554930723159
11 0.7650842984563461 0.6293874687438696 0.8180209405166414 0.6293874687438696 0.8180209405166414 0.6498729276388816 0.7650842984563461 0.6498729276388816
5 0.8737926757916921 0.39567864263889463 0.91131350851804 0.39567864263889463 0.91131350851804 0.4116003962296705 0.8737926757916921 0.4116003962296705
5 0.8647876759373684 0.43389085125675664 0.913564758481621 0.43389085125675664 0.913564758481621 0.44981260484753255 0.8647876759373684 0.44981260484753255
5 0.8595347593556797 0.48218683714877675 0.9090622585544593 0.48218683714877675 0.9090622585544593 0.4997007660986303 0.8595347593556797 0.4997007660986303
5 0.8640372592828415 0.5299520979211044 0.9158160084452017 0.5299520979211044 0.9158160084452017 0.5490582022300355 0.8640372592828415 0.5490582022300355
5 0.8632868426283146 0.5681643065389665 0.913564758481621 0.5681643065389665 0.913564758481621 0.5872704108478976 0.8632868426283146 0.5872704108478976
5 0.8692901758645303 0.6058457900371361 0.9128143418270941 0.6058457900371361 0.9128143418270941 0.621767543627912 0.8692901758645303 0.621767543627912
5 0.8602851760102068 0.6291976953036074 0.9105630918635134 0.6291976953036074 0.9105630918635134 0.648834524732231 0.8602851760102068 0.648834524732231
19 0.395526608601453 0.7417184230019659 0.4427700646288487 0.7417184230019659 0.4427700646288487 0.7642524277864791 0.395526608601453 0.7642524277864791
17 0.55593462208982 0.7704687049684137 0.6537175892162903 0.7704687049684137 0.6537175892162903 0.787563467218734 0.55593462208982 0.787563467218734
18 0.6877768249569711 0.7673605663774464 0.7613887215577971 0.7673605663774464 0.7613887215577971 0.786786432570992 0.6877768249569711 0.786786432570992
16 0.8328032481108371 0.7673605663774464 0.9152046249028065 0.7673605663774464 0.9152046249028065 0.786786432570992 0.8328032481108371 0.786786432570992
