4 0.2071744439900272 0.027195634079375097 0.34048844898698283 0.027195634079375097 0.34048844898698283 0.049607660327402936 0.2071744439900272 0.049607660327402936
3 0.47598792947569185 0.057335945240515974 0.6027455079973875 0.057335945240515974 0.6027455079973875 0.07820231450592119 0.47598792947569185 0.07820231450592119
14 0.07713865223070163 0.21344730048539953 0.1864124268183702 0.21344730048539953 0.1864124268183702 0.22890387031162562 0.07713865223070163 0.22890387031162562
13 0.07386043899307157 0.23044952729424828 0.3437666622246129 0.23044952729424828 0.3437666622246129 0.2652268094032569 0.07386043899307157 0.2652268094032569
15 0.14488839247505614 0.2752735797903039 0.2716459709967517 0.2752735797903039 0.2716459709967517 0.2915029781078413 0.14488839247505614 0.2915029781078413
12 0.13396101501628924 0.2907301496165301 0.3929398607890637 0.2907301496165301 0.3929398607890637 0.3092780334080013 0.13396101501628924 0.3092780334080013
1 0.49456447115559554 0.21190164350277693 0.6650315595123586 0.21190164350277693 0.6650315595123586 0.23044952729424828 0.49456447115559554 0.23044952729424828
0 0.4934717334097188 0.22967669880293698 0.673773461479372 0.22967669880293698 0.673773461479372 0.26445398091194566 0.4934717334097188 0.26445398091194566
2 0.5634069491458267 0.27604640828161525 0.6890717899216456 0.27604640828161525 0.6890717899216456 0.2961399490557092 0.5634069491458267 0.2961399490557092
6 0.1328682772704126 0.3942891674522448 0.37873427009266686 0.3942891674522448 0.37873427009266686 0.4360219059830553 0.1328682772704126 0.4360219059830553
6 0.13505375276216597 0.44452301938747957 0.3809197455844202 0.44452301938747957 0.3809197455844202 0.48471010093566747 0.13505375276216597 0.48471010093566747
9 0.40058902501020055 0.3942891674522448 0.4486694858287747 0.3942891674522448 0.4486694858287747 0.41051856576978224 0.40058902501020055 0.41051856576978224
9 0.39949628726432385 0.44297736240485697 0.45522591230403475 0.44297736240485697 0.45522591230403475 0.463070903178951 0.39949628726432385 0.463070903178951
10 0.45850412554166486 0.3950619959435561 0.5098627995978691 0.3950619959435561 0.5098627995978691 0.4136098797350274 0.45850412554166486 0.4136098797350274
10 0.4606896010334183 0.4437501908961683 0.5054918486143624 0.4437501908961683 0.5054918486143624 0.460752417705017 0.4606896010334183 0.460752417705017
7 0.5655924246375802 0.3927435104696222 0.6224147874231678 0.3927435104696222 0.6224147874231678 0.4167011937002727 0.5655924246375802 0.4167011937002727
7 0.5644996868917034 0.44297736240485697 0.6256930006607978 0.44297736240485697 0.6256930006607978 0.463070903178951 0.5644996868917034 0.463070903178951
8 0.6622205571588199 0.39459464540244604 0.7277848219114211 0.39459464540244604 0.7277848219114211 0.41468818617653996 0.6622205571588199 0.41468818617653996
8 0.6687769836340801 0.4448284973376808 0.7299702974031745 0.4448284973376808 0.7299702974031745 0.4626035526378408 0.6687769836340801 0.4626035526378408
11 0.7671233807629819 0.3930489884198235 0.8130183660898026 0.3930489884198235 0.8130183660898026 0.41468818617653996 0.7671233807629819 0.41468818617653996
11 0.766030643017105 0.44173718337243556 0.818482054819186 0.44173718337243556 0.818482054819186 0.46569486660308607 0.766030643017105 0.46569486660308607
5 0.8512641871954867 0.39459464540244604 0.9135502387104578 0.39459464540244604 0.9135502387104578 0.4108240437199835 0.8512641871954867 0.4108240437199835
5 0.8556351381789933 0.442510011863747 0.9157357142022111 0.442510011863747 0.9157357142022111 0.4602850671639069 0.8556351381789933 0.4602850671639069
19 0.38685064519789525 0.5661625704735557 0.44913669671286627 0.5661625704735557 0.44913669671286627 0.5870289397389609 0.38685064519789525 0.5870289397389609
17 0.5627814222840416 0.59243873917814 0.65238591744593 0.59243873917814 0.65238591744593 0.6133051084435451 0.5627814222840416 0.6133051084435451
18 0.6818898365846003 0.59243873917814 0.7638451675253518 0.59243873917814 0.7638451675253518 0.6148507654261678 0.6818898365846003 0.6148507654261678
16 0.8326876455155829 0.5932115676694513 0.9157357142022111 0.5932115676694513 0.9157357142022111 0.6109866229696114 0.8326876455155829 0.6109866229696114
