4 0.2047668017688199 0.02875846127852928 0.32530328791642316 0.02875846127852928 0.32530328791642316 0.04724604352901238 0.2047668017688199 0.04724604352901238
3 0.4806936977693573 0.05546274675144933 0.6026824307380158 0.05546274675144933 0.6026824307380158 0.07908576851595553 0.4806936977693573 0.07908576851595553
14 0.07987357515805031 0.21568845958896954 0.1931488272003762 0.21568845958896954 0.1931488272003762 0.23212186603384344 0.07987357515805031 0.23212186603384344
13 0.07551683469488392 0.22904060232542955 0.35144373069542134 0.22904060232542955 0.35144373069542134 0.2649886789235911 0.07551683469488392 0.2649886789235911
15 0.145224682105546 0.2721782942432235 0.25995218096892736 0.2721782942432235 0.25995218096892736 0.29272005229931586 0.145224682105546 0.29272005229931586
12 0.1350589543581578 0.2906658764937066 0.37032293936914235 0.2906658764937066 0.37032293936914235 0.3091534587441898 0.1350589543581578 0.3091534587441898
1 0.4995729064430782 0.21568845958896954 0.6215616394117369 0.21568845958896954 0.6215616394117369 0.2310947781310388 0.4995729064430782 0.2310947781310388
0 0.49521616597991197 0.23212186603384347 0.7130531891382307 0.23212186603384347 0.7130531891382307 0.26601576682639577 0.49521616597991197 0.26601576682639577
2 0.564924013390574 0.27525955795163737 0.6840082527171218 0.27525955795163737 0.6840082527171218 0.2916929643965112 0.564924013390574 0.2916929643965112
6 0.13215446071604686 0.3954288425797775 0.3645139520849205 0.3954288425797775 0.3645139520849205 0.4354852707891576 0.13215446071604686 0.4354852707891576
6 0.1307022138949914 0.4426748861087899 0.35434822433753227 0.4426748861087899 0.35434822433753227 0.4868396659293885 0.1307022138949914 0.4868396659293885
6 0.13360670753710233 0.49300219334621614 0.34853923705331047 0.49300219334621614 0.34853923705331047 0.5351127973612054 0.13360670753710233 0.5351127973612054
9 0.3993678757902515 0.39748301838538674 0.438578539958749 0.39748301838538674 0.438578539958749 0.4098080732190422 0.3993678757902515 0.4098080732190422
9 0.3964633821481406 0.4457561498172037 0.4472920208850817 0.4457561498172037 0.4472920208850817 0.46013538045646846 0.3964633821481406 0.46013538045646846
9 0.3979156289691961 0.49402928124902074 0.4414830336008599 0.49402928124902074 0.4414830336008599 0.5084085118882853 0.3979156289691961 0.5084085118882853
10 0.46471898273774725 0.3944017546769729 0.5039296469062446 0.3944017546769729 0.5039296469062446 0.4098080732190421 0.46471898273774725 0.4098080732190421
10 0.4618144890956364 0.44781032562281303 0.5039296469062446 0.44781032562281303 0.5039296469062446 0.4601353804564685 0.4618144890956364 0.4601353804564685
10 0.46471898273774725 0.49300219334621614 0.5053818937273001 0.49300219334621614 0.5053818937273001 0.5104626876938947 0.46471898273774725 0.5104626876938947
7 0.5678285070326848 0.3944017546769729 0.6215616394117368 0.3944017546769729 0.6215616394117368 0.4098080732190421 0.5678285070326848 0.4098080732190421
7 0.564924013390574 0.4457561498172037 0.6215616394117369 0.4457561498172037 0.6215616394117369 0.46013538045646846 0.564924013390574 0.46013538045646846
7 0.5707330006747958 0.49300219334621614 0.6172048989485706 0.49300219334621614 0.6172048989485706 0.50943559979109 0.5707330006747958 0.50943559979109
8 0.6694857845065669 0.3985101062881914 0.7217666700645637 0.3985101062881914 0.7217666700645637 0.4108351611218468 0.6694857845065669 0.4108351611218468
8 0.6636767972223452 0.4426748861087899 0.7188621764224526 0.4426748861087899 0.7188621764224526 0.46321664416488223 0.6636767972223452 0.46321664416488223
8 0.6694857845065669 0.49300219334621614 0.7217666700645637 0.49300219334621614 0.7217666700645637 0.5114897755966993 0.6694857845065669 0.5114897755966993
11 0.7682385683383385 0.3954288425797775 0.8132582197910577 0.3954288425797775 0.8132582197910577 0.4139164248302606 0.7682385683383385 0.4139164248302606
11 0.7653340746962275 0.4467832377200084 0.814710466612113 0.4467832377200084 0.814710466612113 0.4601353804564685 0.7653340746962275 0.4601353804564685
11 0.766786321517283 0.49197510544341155 0.8132582197910577 0.49197510544341155 0.8132582197910577 0.50943559979109 0.766786321517283 0.50943559979109
5 0.8611823648858878 0.3933746667741683 0.9105587568017736 0.3933746667741683 0.9105587568017736 0.4139164248302606 0.8611823648858878 0.4139164248302606
5 0.8495643903174442 0.44781032562281303 0.9134632504438845 0.44781032562281303 0.9134632504438845 0.461162468359273 0.8495643903174442 0.461162468359273
5 0.8626346117069432 0.49300219334621614 0.9120110036228289 0.49300219334621614 0.9120110036228289 0.5104626876938947 0.8626346117069432 0.5104626876938947
19 0.39501113532708515 0.6203610932939887 0.4371262931376936 0.6203610932939887 0.4371262931376936 0.6347403239332533 0.39501113532708515 0.6347403239332533
17 0.564924013390574 0.6378215876416672 0.6549633162960127 0.6378215876416672 0.6549633162960127 0.6665800489201964 0.564924013390574 0.6665800489201964
18 0.6883649931802881 0.6439841150584948 0.7551683469488393 0.6439841150584948 0.7551683469488393 0.6614446094061733 0.6883649931802881 0.6614446094061733
16 0.8408509093911114 0.6429570271556903 0.9149154972649399 0.6429570271556903 0.9149154972649399 0.6604175215033689 0.8408509093911114 0.6604175215033689
