4 0.2090797600468237 0.028676463674912337 0.3408120944115854 0.028676463674912337 0.3408120944115854 0.05004491648781271 0.2090797600468237 0.05004491648781271
3 0.4773786428814761 0.05688282138794084 0.59944254903598 0.05688282138794084 0.59944254903598 0.07910601231335725 0.4773786428814761 0.07910601231335725
14 0.07976453273462637 0.21415463409088772 0.22358240236221028 0.21415463409088772 0.22358240236221028 0.23039465822869198 0.07976453273462637 0.23039465822869198
1 0.4942983922494271 0.21073568164082362 0.743260418663564 0.21073568164082362 0.743260418663564 0.231249396341208 0.4942983922494271 0.231249396341208
13 0.07613887215577972 0.23210413445372402 0.35652329025325424 0.23210413445372402 0.35652329025325424 0.26714839706688065 0.07613887215577972 0.26714839706688065
15 0.14502642315386613 0.2748410400795248 0.271924543413499 0.2748410400795248 0.271924543413499 0.2919358023298452 0.14502642315386613 0.2919358023298452
12 0.13173233436476173 0.2927905404423612 0.40244832425197846 0.2927905404423612 0.40244832425197846 0.3090305645801655 0.13173233436476173 0.3090305645801655
0 0.49067273167058045 0.23210413445372402 0.7758913638731837 0.23210413445372402 0.7758913638731837 0.26800313517939667 0.49067273167058045 0.26800313517939667
2 0.5595602826686669 0.27227682574197676 0.6973353846648396 0.27227682574197676 0.6973353846648396 0.29620949289242515 0.5595602826686669 0.29620949289242515
6 0.13190394896549384 0.39362912400455063 0.3828431689486285 0.39362912400455063 0.3828431689486285 0.441410693970421 0.13190394896549384 0.441410693970421
6 0.1302953642220122 0.44596131968145625 0.3812345842051469 0.44596131968145625 0.3812345842051469 0.48805460750853247 0.1302953642220122 0.48805460750853247
6 0.13190394896549384 0.49374288964732654 0.3651487367703305 0.49374288964732654 0.3651487367703305 0.5358361774744028 0.13190394896549384 0.5358361774744028
6 0.1351211184524571 0.5415244596131968 0.3748002452312203 0.5415244596131968 0.3748002452312203 0.5813424345847554 0.1351211184524571 0.5813424345847554
9 0.39892901638344486 0.39590443686006827 0.4520123129183387 0.39590443686006827 0.4520123129183387 0.4209328782707623 0.39892901638344486 0.4209328782707623
9 0.39732043163996317 0.44254835039817986 0.45362089766182034 0.44254835039817986 0.45362089766182034 0.4653014789533562 0.39732043163996317 0.4653014789533562
9 0.39732043163996317 0.48919226393629134 0.45362089766182034 0.48919226393629134 0.45362089766182034 0.5176336746302618 0.39732043163996317 0.5176336746302618
9 0.3941032621529999 0.5392491467576792 0.45362089766182045 0.5392491467576792 0.45362089766182045 0.565415244596132 0.3941032621529999 0.565415244596132
10 0.45844665189226524 0.39362912400455063 0.511529948427159 0.39362912400455063 0.511529948427159 0.41751990898748575 0.45844665189226524 0.41751990898748575
10 0.4616638213792285 0.44254835039817986 0.5050956094532325 0.44254835039817986 0.5050956094532325 0.46416382252559735 0.4616638213792285 0.46416382252559735
10 0.4648809908661918 0.4926052332195677 0.5050956094532325 0.4926052332195677 0.5050956094532325 0.5119453924914675 0.4648809908661918 0.5119453924914675
10 0.4600552366357469 0.5403868031854381 0.5083127789401958 0.5403868031854381 0.5083127789401958 0.5654152445961319 0.4600552366357469 0.5654152445961319
7 0.5388758890663469 0.39135381114903306 0.6305652194447998 0.39135381114903306 0.6305652194447998 0.4220705346985212 0.5388758890663469 0.4220705346985212
7 0.5437016432967917 0.44141069397042104 0.6289566347013182 0.44141069397042104 0.6289566347013182 0.4698521046643915 0.5437016432967917 0.4698521046643915
7 0.5485273975272367 0.48919226393629134 0.6289566347013184 0.48919226393629134 0.6289566347013184 0.5176336746302618 0.5485273975272367 0.5176336746302618
7 0.5726561686794611 0.5403868031854381 0.6273480499578367 0.5403868031854381 0.6273480499578367 0.5620022753128555 0.5726561686794611 0.5620022753128555
8 0.6418253126491713 0.39135381114903306 0.7335146430276244 0.39135381114903306 0.7335146430276244 0.4152445961319682 0.6418253126491713 0.4152445961319682
8 0.6434338973926529 0.4402730375426621 0.735123227771106 0.4402730375426621 0.735123227771106 0.47098976109215024 0.6434338973926529 0.47098976109215024
8 0.638608143162208 0.48805460750853247 0.735123227771106 0.48805460750853247 0.735123227771106 0.5199089874857794 0.638608143162208 0.5199089874857794
8 0.6595197448274692 0.5381114903299204 0.7286888887971794 0.5381114903299204 0.7286888887971794 0.5665529010238909 0.6595197448274692 0.5665529010238909
11 0.7576434141798488 0.39362912400455063 0.8139438802017059 0.39362912400455063 0.8139438802017059 0.4152445961319681 0.7576434141798488 0.4152445961319681
11 0.7672949226407385 0.44254835039817986 0.8107267107147426 0.44254835039817986 0.8107267107147426 0.466439135381115 0.7672949226407385 0.466439135381115
11 0.765686337897257 0.49032992036405015 0.8075095412277793 0.49032992036405015 0.8075095412277793 0.5153583617747441 0.765686337897257 0.5153583617747441
11 0.7672949226407385 0.5415244596131968 0.8075095412277794 0.5415244596131968 0.8075095412277794 0.5642775881683733 0.7672949226407385 0.5642775881683733
5 0.8380726513539304 0.39362912400455063 0.9120675495540855 0.39362912400455063 0.9120675495540855 0.41751990898748575 0.8380726513539304 0.41751990898748575
5 0.8364640666104488 0.44254835039817986 0.9136761342975672 0.44254835039817986 0.9136761342975672 0.4675767918088738 0.8364640666104488 0.4675767918088738
5 0.8348554818669672 0.4869169510807737 0.9152847190410489 0.4869169510807737 0.9152847190410489 0.5176336746302618 0.8348554818669672 0.5176336746302618
5 0.8638100072496365 0.5381114903299204 0.9168933037845305 0.5381114903299204 0.9168933037845305 0.5654152445961319 0.8638100072496365 0.5654152445961319
19 0.3941032621529999 0.6621160409556315 0.4423608044574489 0.6621160409556315 0.4423608044574489 0.6882821387940842 0.3941032621529999 0.6882821387940842
17 0.5324415500924203 0.6916951080773608 0.6563025753405061 0.6916951080773608 0.6563025753405061 0.7144482366325372 0.5324415500924203 0.7144482366325372
18 0.6627369143144325 0.6939704209328784 0.765686337897257 0.6939704209328784 0.765686337897257 0.7110352673492607 0.6627369143144325 0.7110352673492607
16 0.804292371740816 0.6894197952218432 0.9152847190410487 0.6894197952218432 0.9152847190410487 0.7121729237770195 0.804292371740816 0.7121729237770195
