4 0.20754772320401874 0.029738568971273933 0.33553790990306315 0.029738568971273933 0.33553790990306315 0.05031126340998087 0.20754772320401874 0.05031126340998087
3 0.4780724359997264 0.05648307174159295 0.6031537548192472 0.05648307174159295 0.6031537548192472 0.07808440090223526 0.4780724359997264 0.07808440090223526
14 0.07935319454649534 0.21380637676275346 0.19114026594968028 0.21380637676275346 0.19114026594968028 0.22995849223115972 0.07935319454649534 0.22995849223115972
13 0.08055520606695936 0.22910838089071728 0.3738460170602603 0.22910838089071728 0.3738460170602603 0.2673633912106259 0.08055520606695936 0.2673633912106259
15 0.14426181665157045 0.27756472729593606 0.2668669917389346 0.27756472729593606 0.2668669917389346 0.2920166200834574 0.14426181665157045 0.2920166200834574
12 0.13224170144692693 0.2911665087430151 0.4014922820309423 0.2911665087430151 0.4014922820309423 0.3132694035945183 0.13224170144692693 0.3132694035945183
1 0.5000572267090193 0.21295626542231103 0.6815609662991368 0.21295626542231103 0.6815609662991368 0.2308086035716022 0.5000572267090193 0.2308086035716022
0 0.49885521518855497 0.23250882625248703 0.7753178648953564 0.23250882625248703 0.7753178648953564 0.26991372523195417 0.49885521518855497 0.26991372523195417
2 0.5625618257731657 0.27416428193416637 0.6851670008605297 0.27416428193416637 0.6851670008605297 0.29626717678566966 0.5625618257731657 0.29626717678566966
6 0.13676519457963054 0.393323599037062 0.3642533253121405 0.393323599037062 0.3642533253121405 0.4361804517370525 0.13676519457963054 0.4361804517370525
6 0.13676519457963054 0.4460164507173781 0.36922031506612546 0.4460164507173781 0.36922031506612546 0.4860630179944185 0.13676519457963054 0.4860630179944185
6 0.1377585925304275 0.491683588840319 0.3652467232629375 0.491683588840319 0.3652467232629375 0.5352430128960469 0.1377585925304275 0.5352430128960469
6 0.1377585925304275 0.5436738691648976 0.3751807027709073 0.5436738691648976 0.3751807027709073 0.5837204364419379 0.1377585925304275 0.5837204364419379
6 0.1377585925304275 0.591448721355051 0.3781608966232983 0.591448721355051 0.3781608966232983 0.6336030026993039 0.1377585925304275 0.6336030026993039
6 0.1377585925304275 0.641331287612417 0.38412128432808024 0.641331287612417 0.38412128432808024 0.6829235124080993 0.1377585925304275 0.6829235124080993
9 0.4026738593555587 0.3941168021399011 0.44474426257181104 0.3941168021399011 0.44474426257181104 0.41366936297007706 0.4026738593555587 0.41366936297007706
9 0.4014718478350943 0.4442733712260047 0.44474426257181104 0.4442733712260047 0.44474426257181104 0.4621257093752959 0.4014718478350943 0.4621257093752959
9 0.40627989391695174 0.49442994031210835 0.4423402395308824 0.49442994031210835 0.4423402395308824 0.5114321671209572 0.40627989391695174 0.5114321671209572
9 0.4050778823964874 0.5420361753768848 0.4423402395308824 0.5420361753768848 0.4423402395308824 0.5615887362070608 0.4050778823964874 0.5615887362070608
9 0.40387587087602306 0.5938929671438734 0.441138228010418 0.5938929671438734 0.441138228010418 0.6083448599313949 0.40387587087602306 0.6083448599313949
9 0.4014718478350943 0.6389488681873224 0.4495523086536685 0.6389488681873224 0.4495523086536685 0.6585014290174985 0.4014718478350943 0.6585014290174985
10 0.4618758009126118 0.39666990169237176 0.5063502271697929 0.39666990169237176 0.5063502271697929 0.4111217944798932 0.4618758009126118 0.4111217944798932
10 0.4618758009126118 0.4468264707784753 0.5087542502107215 0.4468264707784753 0.5087542502107215 0.4595781408851119 0.4618758009126118 0.4595781408851119
10 0.4618758009126118 0.49273248316236695 0.5075522386902572 0.49273248316236695 0.5075522386902572 0.5114349326521005 0.4618758009126118 0.5114349326521005
10 0.4582697663512188 0.5428890522484706 0.5087542502107215 0.5428890522484706 0.5087542502107215 0.5581910563764343 0.4582697663512188 0.5581910563764343
10 0.46067378939214754 0.5930456213345743 0.509956261731186 0.5930456213345743 0.509956261731186 0.6117480708243078 0.46067378939214754 0.6117480708243078
10 0.4618758009126118 0.6423520790802355 0.509956261731186 0.6423520790802355 0.509956261731186 0.6585041945486417 0.4618758009126118 0.6585041945486417
7 0.5484206303860454 0.3949696790114869 0.6193393100934422 0.3949696790114869 0.6193393100934422 0.4119719058203356 0.5484206303860454 0.4119719058203356
7 0.547218618865581 0.4425759140762633 0.6205413216139065 0.4425759140762633 0.6205413216139065 0.4612783635659968 0.547218618865581 0.4612783635659968
7 0.5460166073451167 0.49273248316236695 0.6253493676957639 0.49273248316236695 0.6253493676957639 0.5131351553329854 0.5460166073451167 0.5131351553329854
7 0.5568347110292958 0.5428890522484706 0.6205413216139066 0.5428890522484706 0.6205413216139066 0.5615915017382042 0.5568347110292958 0.5615915017382042
7 0.567652814713475 0.590495287313247 0.6241473561752997 0.590495287313247 0.6241473561752997 0.6091977368029806 0.567652814713475 0.6091977368029806
7 0.5736628723157968 0.6415019677397931 0.6265513792162286 0.6415019677397931 0.6265513792162286 0.6568039718677569 0.5736628723157968 0.6568039718677569
8 0.6410155681739411 0.3937108806434522 0.7237843152344552 0.3937108806434522 0.7237843152344552 0.415214421856705 0.6410155681739411 0.415214421856705
8 0.641860147225579 0.44448313073029894 0.7229397361828173 0.44448313073029894 0.7229397361828173 0.46419471017578057 0.641860147225579 0.46419471017578057
8 0.6486167796386821 0.4928660984601176 0.7237843152344551 0.4928660984601176 0.7237843152344551 0.5143696396733703 0.6486167796386821 0.5143696396733703
8 0.64946135869032 0.5418463867791933 0.7212505780795414 0.5418463867791933 0.7212505780795414 0.5603633250461608 0.64946135869032 0.5603633250461608
8 0.657907149206699 0.5920213162767829 0.724628894286093 0.5920213162767829 0.724628894286093 0.6111355751330076 0.657907149206699 0.6111355751330076
8 0.6697312559296296 0.6404042840066017 0.7220951571311793 0.6404042840066017 0.7220951571311793 0.6583239016843122 0.6697312559296296 0.6583239016843122
11 0.7727699002294532 0.3937108806434522 0.809086799449883 0.3937108806434522 0.809086799449883 0.41342246008893396 0.7727699002294532 0.41342246008893396
11 0.7719253211778152 0.44328848955178485 0.8065530622949691 0.44328848955178485 0.8065530622949691 0.46598667194355164 0.7719253211778152 0.46598667194355164
11 0.7710807421261774 0.49346341904937463 0.8107759575531589 0.49346341904937463 0.8107759575531589 0.5131749984948563 0.7710807421261774 0.5131749984948563
11 0.7693915840229016 0.5424437073684503 0.8107759575531589 0.5424437073684503 0.8107759575531589 0.5627526074031889 0.7693915840229016 0.5627526074031889
11 0.7685470049712637 0.590826675098269 0.8107759575531589 0.590826675098269 0.8107759575531589 0.6111355751330076 0.7685470049712637 0.6111355751330076
11 0.7685470049712637 0.6404042840066017 0.8090867994498832 0.6404042840066017 0.8090867994498832 0.6607131840413404 0.7685470049712637 0.6607131840413404
5 0.832735012895744 0.3955028424112232 0.9095917065947928 0.3955028424112232 0.9095917065947928 0.4140197806781908 0.832735012895744 0.4140197806781908
5 0.832735012895744 0.4450804513195559 0.9138146018529825 0.4450804513195559 0.9138146018529825 0.46180542781875256 0.832735012895744 0.46180542781875256
5 0.8403362243604854 0.49346341904937463 0.9129700228013445 0.49346341904937463 0.9129700228013445 0.5095910749593142 0.8403362243604854 0.5095910749593142
5 0.8420253824637611 0.5436383485469644 0.9129700228013445 0.5436383485469644 0.9129700228013445 0.5609606456354178 0.8420253824637611 0.5609606456354178
5 0.851315752031778 0.5944105986338111 0.9121254437497067 0.5944105986338111 0.9121254437497067 0.6069543310082084 0.851315752031778 0.6069543310082084
5 0.8631398587547084 0.6410016045958588 0.9112808646980686 0.6410016045958588 0.9112808646980686 0.6601158634520833 0.8631398587547084 0.6601158634520833
19 0.39349913372648904 0.7638842136075324 0.4473832772209871 0.7638842136075324 0.4473832772209871 0.7829387404048314 0.39349913372648904 0.7829387404048314
17 0.537499862030751 0.790823372183024 0.6489842968469536 0.790823372183024 0.6489842968469536 0.809877898980323 0.537499862030751 0.809877898980323
18 0.6638488881557805 0.7921374774793896 0.7651139164471645 0.7921374774793896 0.7651139164471645 0.8085637936839577 0.6638488881557805 0.8085637936839577
16 0.8087786534168441 0.7895092668866588 0.9174759773626416 0.7895092668866588 0.9174759773626416 0.809877898980323 0.8087786534168441 0.809877898980323
