4 0.20199228421719354 0.027027027027027025 0.35758093557368054 0.027027027027027025 0.35758093557368054 0.05212355212355212 0.20199228421719354 0.05212355212355212
3 0.47495483045664433 0.0444015444015444 0.6305434818131314 0.0444015444015444 0.6305434818131314 0.08687258687258688 0.47495483045664433 0.08687258687258688
14 0.07563939115087731 0.2107294005340421 0.1947013957402212 0.2107294005340421 0.1947013957402212 0.22955180255408733 0.07563939115087731 0.22955180255408733
13 0.07423866168512032 0.23252376076777867 0.34878163697348985 0.23252376076777867 0.34878163697348985 0.26818725933207477 0.07423866168512032 0.26818725933207477
15 0.1414736760414557 0.2731405230215604 0.2731422458226125 0.2731405230215604 0.2731422458226125 0.2909722723037085 0.1414736760414557 0.2909722723037085
12 0.1316685697811568 0.28998161956581137 0.39780716827498436 0.28998161956581137 0.39780716827498436 0.32069185444062204 0.1316685697811568 0.32069185444062204
1 0.5000604192752445 0.21271070600983635 0.74378734631696 0.21271070600983635 0.74378734631696 0.23054245529198442 0.5000604192752445 0.23054245529198442
0 0.49585823087797354 0.23153310802988156 0.7521917231115021 0.23153310802988156 0.7521917231115021 0.2652153011183835 0.49585823087797354 0.2652153011183835
2 0.5672954336315797 0.2731405230215604 0.6877581676866806 0.2731405230215604 0.6877581676866806 0.29295357777950276 0.5672954336315797 0.29295357777950276
6 0.1386722171099417 0.39499080978290574 0.3809984146859004 0.39499080978290574 0.3809984146859004 0.43659822477458476 0.1386722171099417 0.43659822477458476
6 0.13447002871267075 0.4445234466777616 0.3753954968228725 0.4445234466777616 0.3753954968228725 0.48414955619364625 0.13447002871267075 0.48414955619364625
6 0.13587075817842775 0.49405608357261743 0.3669911200283306 0.49405608357261743 0.3669911200283306 0.5475513314190618 0.13587075817842775 0.5475513314190618
6 0.1386722171099417 0.5564672060601357 0.3403772601789478 0.5564672060601357 0.3403772601789478 0.6069904956928888 0.1386722171099417 0.6069904956928888
6 0.13587075817842775 0.6099624539065801 0.28434808154866836 0.6099624539065801 0.28434808154866836 0.634728772354008 0.13587075817842775 0.634728772354008
6 0.14287440550721267 0.6386913833055963 0.3431787191104618 0.6386913833055963 0.3431787191104618 0.670392270918304 0.14287440550721267 0.670392270918304
6 0.1386722171099417 0.6783174928214809 0.35718601376803166 0.6783174928214809 0.35718601376803166 0.7219062132889542 0.1386722171099417 0.7219062132889542
9 0.3964064388092273 0.39598146252080285 0.44683269957647886 0.39598146252080285 0.44683269957647886 0.41282255906505394 0.3964064388092273 0.41282255906505394
9 0.3992078977407413 0.44254214120196733 0.4496341585079928 0.44254214120196733 0.4496341585079928 0.4663178069114981 0.3992078977407413 0.4663178069114981
9 0.4006086272064982 0.490093472621029 0.44543197011072183 0.490093472621029 0.44543197011072183 0.5118878328547656 0.4006086272064982 0.5118878328547656
9 0.3978071682749843 0.5515139423706502 0.44683269957647886 0.5515139423706502 0.44683269957647886 0.575289608080181 0.3978071682749843 0.575289608080181
9 0.40200935667225524 0.6109531066444771 0.44263051117920793 0.6109531066444771 0.44263051117920793 0.6307661614024194 0.40200935667225524 0.6307661614024194
9 0.4006086272064982 0.6396820360434936 0.44543197011072183 0.6396820360434936 0.44543197011072183 0.6575137853256418 0.4006086272064982 0.6575137853256418
9 0.4006086272064982 0.6802987982972752 0.44403124064496485 0.6802987982972752 0.44403124064496485 0.6981305475794235 0.4006086272064982 0.6981305475794235
10 0.4580385353025348 0.39598146252080285 0.5126669844670573 0.39598146252080285 0.5126669844670573 0.4148038645408481 0.4580385353025348 0.4148038645408481
10 0.4608399942340487 0.4455140994156587 0.5056633371382724 0.4455140994156587 0.5056633371382724 0.4692897651251896 0.4608399942340487 0.4692897651251896
10 0.45523707637102084 0.4910841253589261 0.5056633371382725 0.4910841253589261 0.5056633371382725 0.5118878328547656 0.45523707637102084 0.5118878328547656
10 0.4664429120970766 0.5554765533222387 0.5084647960697862 0.5554765533222387 0.5084647960697862 0.5762802608180781 0.4664429120970766 0.5762802608180781
10 0.4594392647682917 0.6109531066444771 0.5056633371382724 0.6109531066444771 0.5056633371382724 0.635719425091905 0.4594392647682917 0.635719425091905
10 0.4580385353025348 0.6396820360434936 0.5028618782067584 0.6396820360434936 0.5028618782067584 0.6604857435393331 0.4580385353025348 0.6604857435393331
10 0.4608399942340487 0.6783174928214809 0.5126669844670572 0.6783174928214809 0.5126669844670572 0.6971398948415263 0.4608399942340487 0.6971398948415263
7 0.5588910568370379 0.39499080978290574 0.6233246122618592 0.39499080978290574 0.6233246122618592 0.4187664754924366 0.5588910568370379 0.4187664754924366
7 0.5546888684397668 0.4455140994156587 0.6247253417276162 0.4455140994156587 0.6247253417276162 0.46235519595990976 0.5546888684397668 0.46235519595990976
7 0.5616925157685518 0.4970280417863087 0.6289275301248873 0.4970280417863087 0.6289275301248873 0.5168410965442509 0.5616925157685518 0.5168410965442509
7 0.5588910568370379 0.5544859005843414 0.6261260711933733 0.5544859005843414 0.6261260711933733 0.5713269971285926 0.5588910568370379 0.5713269971285926
7 0.5630932452343088 0.6149157175960657 0.6219238827961022 0.6149157175960657 0.6219238827961022 0.6327474668782138 0.5630932452343088 0.6327474668782138
7 0.5616925157685518 0.6386913833055963 0.6289275301248873 0.6386913833055963 0.6289275301248873 0.660485743539333 0.5616925157685518 0.660485743539333
7 0.5588910568370379 0.677326840083584 0.6345304479879152 0.677326840083584 0.6345304479879152 0.7030838112689091 0.5588910568370379 0.7030838112689091
8 0.6625450373030549 0.3930095043071116 0.7297800516593903 0.3930095043071116 0.7297800516593903 0.4187664754924366 0.6625450373030549 0.4187664754924366
8 0.6457362837139711 0.4455140994156587 0.7213756748648483 0.4455140994156587 0.7213756748648483 0.46235519595990976 0.6457362837139711 0.46235519595990976
8 0.6653464962345689 0.490093472621029 0.7297800516593903 0.490093472621029 0.7297800516593903 0.5118878328547656 0.6653464962345689 0.5118878328547656
8 0.6625450373030549 0.5544859005843414 0.7339822400566612 0.5544859005843414 0.7339822400566612 0.5792522190317695 0.6625450373030549 0.5792522190317695
8 0.6625450373030549 0.6139250648581686 0.7213756748648483 0.6139250648581686 0.7213756748648483 0.6327474668782137 0.6625450373030549 0.6327474668782137
8 0.6639457667688119 0.6406726887813907 0.7241771337963623 0.6406726887813907 0.7241771337963623 0.6624670490151272 0.6639457667688119 0.6624670490151272
8 0.648537742645485 0.677326840083584 0.7297800516593903 0.677326840083584 0.7297800516593903 0.6981305475794234 0.648537742645485 0.6981305475794234
11 0.7647982883033149 0.39102819883131734 0.8152245490705666 0.39102819883131734 0.8152245490705666 0.41084125358925966 0.7647982883033149 0.41084125358925966
11 0.7675997472348288 0.4445234466777616 0.8138238196048095 0.4445234466777616 0.8138238196048095 0.45938323774621836 0.7675997472348288 0.45938323774621836
11 0.7675997472348288 0.4910841253589261 0.8180260080020804 0.4910841253589261 0.8180260080020804 0.5099065273789714 0.7675997472348288 0.5099065273789714
11 0.7647982883033149 0.5554765533222387 0.8180260080020804 0.5554765533222387 0.8180260080020804 0.5742989553422839 0.7647982883033149 0.5742989553422839
11 0.7718019356320999 0.6159063703339628 0.8152245490705666 0.6159063703339628 0.8152245490705666 0.6347287723540079 0.7718019356320999 0.6347287723540079
11 0.7675997472348288 0.6377007305676994 0.8194267374678376 0.6377007305676994 0.8194267374678376 0.6604857435393331 0.7675997472348288 0.6604857435393331
11 0.769000476700586 0.6763361873456869 0.8110223606732957 0.6763361873456869 0.8110223606732957 0.6971398948415264 0.769000476700586 0.6971398948415264
5 0.8558457035775191 0.3920188515692144 0.9132756116735556 0.3920188515692144 0.9132756116735556 0.4157945172787452 0.8558457035775191 0.4157945172787452
5 0.8376362205226784 0.4445234466777616 0.9118748822077986 0.4445234466777616 0.9118748822077986 0.4663178069114981 0.8376362205226784 0.4663178069114981
5 0.8530442446460051 0.4910841253589261 0.9090734232762846 0.4910841253589261 0.9090734232762846 0.5148597910684568 0.8530442446460051 0.5148597910684568
5 0.8558457035775191 0.5515139423706502 0.9202792590023405 0.5515139423706502 0.9202792590023405 0.5742989553422839 0.8558457035775191 0.5742989553422839
5 0.8474413267829771 0.6149157175960657 0.9132756116735554 0.6149157175960657 0.9132756116735554 0.6337381196161108 0.8474413267829771 0.6337381196161108
5 0.858647162509033 0.6396820360434936 0.9118748822077986 0.6396820360434936 0.9118748822077986 0.6585044380635388 0.858647162509033 0.6585044380635388
5 0.8446398678514634 0.6763361873456869 0.9174778000708266 0.6763361873456869 0.9174778000708266 0.6961492421036293 0.8446398678514634 0.6961492421036293
19 0.3908035209461993 0.7981864741070323 0.4510348879737499 0.7981864741070323 0.4510348879737499 0.82295279255446 0.3908035209461993 0.82295279255446
17 0.5490859505767389 0.8239434452923572 0.651339201576999 0.8239434452923572 0.651339201576999 0.8477191110018878 0.5490859505767389 0.8477191110018878
18 0.6751516024948678 0.8239434452923572 0.764798288303315 0.8239434452923572 0.764798288303315 0.8477191110018878 0.6751516024948678 0.8477191110018878
16 0.8138238196048095 0.8199808343407686 0.9146763411393125 0.8199808343407686 0.9146763411393125 0.8506910692155794 0.8138238196048095 0.8506910692155794
