4 0.2074022798100425 0.02815868890185344 0.33975576832837256 0.02815868890185344 0.33975576832837256 0.05284592222830177 0.2074022798100425 0.05284592222830177
3 0.4735636907864646 0.05387455695023711 0.6175526508228896 0.05387455695023711 0.6175526508228896 0.08473359860829752 0.4735636907864646 0.08473359860829752
14 0.07795765917123616 0.21022703468440984 0.22485548708718492 0.21022703468440984 0.22485548708718492 0.23079972912311675 0.07795765917123616 0.23079972912311675
13 0.07650322523147429 0.23079972912311675 0.37466218288265746 0.23079972912311675 0.37466218288265746 0.26783057911278935 0.07650322523147429 0.26783057911278935
15 0.1419527525207584 0.276059656888272 0.28012397679813594 0.276059656888272 0.28012397679813594 0.2925178124392376 0.1419527525207584 0.2925178124392376
12 0.12886284706290158 0.29148917771730226 0.4139318992562278 0.29148917771730226 0.4139318992562278 0.3100046027121385 0.12886284706290158 0.3100046027121385
1 0.4982890677624162 0.21228430412828053 0.6044627453650327 0.21228430412828053 0.6044627453650327 0.23079972912311675 0.4982890677624162 0.23079972912311675
0 0.499743501702178 0.23182836384505212 0.7600871769195526 0.23182836384505212 0.7600871769195526 0.26783057911278935 0.499743501702178 0.26783057911278935
2 0.5637385950517004 0.2750310221663367 0.6830021781121736 0.2750310221663367 0.6830021781121736 0.29663235132697896 0.5637385950517004 0.29663235132697896
6 0.1404983185809965 0.39538128463277233 0.35866340954527676 0.39538128463277233 0.35866340954527676 0.4365266735101862 0.1404983185809965 0.4365266735101862
6 0.1404983185809965 0.44475575128566885 0.3470279380271818 0.44475575128566885 0.3470279380271818 0.4838438707192121 0.1404983185809965 0.4838438707192121
9 0.4022964277381329 0.3964099193547076 0.4430205780514652 0.3964099193547076 0.4430205780514652 0.41389670962760855 0.4022964277381329 0.41389670962760855
9 0.4022964277381329 0.44475575128566885 0.444475011991227 0.44475575128566885 0.444475011991227 0.46121390683663444 0.4022964277381329 0.46121390683663444
10 0.4648370871478932 0.39538128463277233 0.5011979356419398 0.39538128463277233 0.5011979356419398 0.41286807490567323 0.4648370871478932 0.41286807490567323
10 0.4619282192683695 0.44475575128566885 0.5070156714009875 0.44475575128566885 0.5070156714009875 0.46121390683663444 0.4619282192683695 0.46121390683663444
7 0.5666474629312241 0.39538128463277233 0.6262792544614608 0.39538128463277233 0.6262792544614608 0.41286807490567323 0.5666474629312241 0.41286807490567323
7 0.5651930289914623 0.4457843860076043 0.623370386581937 0.4457843860076043 0.623370386581937 0.4632711762805052 0.5651930289914623 0.4632711762805052
8 0.6699122726543169 0.394352649910837 0.7280896302447916 0.394352649910837 0.7280896302447916 0.4128680749056732 0.6699122726543169 0.4128680749056732
8 0.65682236719646 0.44475575128566885 0.7368162338833628 0.44475575128566885 0.7368162338833628 0.46121390683663444 0.65682236719646 0.46121390683663444
11 0.7688137805581239 0.39538128463277233 0.8095379308714562 0.39538128463277233 0.8095379308714562 0.4108108054618026 0.7688137805581239 0.4108108054618026
11 0.7659049126786002 0.4457843860076043 0.8124467987509799 0.4457843860076043 0.8124467987509799 0.4612139068366345 0.7659049126786002 0.4612139068366345
5 0.8618975527028837 0.39743855407664297 0.912802740594549 0.39743855407664297 0.912802740594549 0.4138967096276085 0.8618975527028837 0.4138967096276085
5 0.8531709490643123 0.44475575128566885 0.9128027405945488 0.44475575128566885 0.9128027405945488 0.4642998110024405 0.8531709490643123 0.4642998110024405
19 0.39356982409956165 0.5681919179179106 0.4488383138105127 0.5681919179179106 0.4488383138105127 0.5918505165224235 0.39356982409956165 0.5918505165224235
17 0.5622841611119385 0.595965055410165 0.6466413296181269 0.595965055410165 0.6466413296181269 0.6124232109611306 0.5622841611119385 0.6124232109611306
18 0.6830021781121737 0.5969936901321004 0.7644504787388384 0.5969936901321004 0.7644504787388384 0.6103659415172599 0.6830021781121737 0.6103659415172599
16 0.8313544399678844 0.5969936901321004 0.9142571745343108 0.5969936901321004 0.9142571745343108 0.6103659415172599 0.8313544399678844 0.6103659415172599
