4 0.20765146951576285 0.024848478084605483 0.3394936723829138 0.024848478084605483 0.3394936723829138 0.050490621460085934 0.20765146951576285 0.050490621460085934
3 0.4735332452978506 0.056706898642020595 0.6141649283561451 0.056706898642020595 0.6141649283561451 0.07768683413105007 0.4735332452978506 0.07768683413105007
14 0.07690795167250475 0.2113367935426452 0.31092786176169773 0.2113367935426452 0.31092786176169773 0.22998562508844916 0.07690795167250475 0.22998562508844916
13 0.07690795167250475 0.2323167290316746 0.41200688395984686 0.2323167290316746 0.41200688395984686 0.2680603228277989 0.07690795167250475 0.2680603228277989
15 0.14282905310608024 0.2758306693052172 0.26698046080598076 0.2758306693052172 0.26698046080598076 0.2913713622600539 0.14282905310608024 0.2913713622600539
12 0.1329408878910439 0.2921483969077957 0.4076121438642751 0.2921483969077957 0.4076121438642751 0.3100201938058578 0.1329408878910439 0.3100201938058578
1 0.49880300084738793 0.21366789748587067 0.7493031862949747 0.21366789748587067 0.7493031862949747 0.23231672903167466 0.49880300084738793 0.23231672903167466
0 0.4966056307996021 0.23153969438393282 0.773474256820619 0.23153969438393282 0.773474256820619 0.2727225307142499 0.4966056307996021 0.2727225307142499
2 0.5625267322331776 0.2742766000097336 0.687776824956971 0.2742766000097336 0.687776824956971 0.29447950085102126 0.5625267322331776 0.29447950085102126
6 0.1373356279866156 0.3939399357619757 0.36805948300412994 0.3939399357619757 0.36805948300412994 0.41258876730777966 0.1373356279866156 0.41258876730777966
6 0.1373356279866156 0.4211361484329398 0.37355290812359454 0.4211361484329398 0.37355290812359454 0.46076491546777326 0.1373356279866156 0.46076491546777326
9 0.39882266367313174 0.3916088318187502 0.44936217477220636 0.3916088318187502 0.44936217477220636 0.41336580195552153 0.39882266367313174 0.41336580195552153
9 0.39992134869702467 0.4180280098419725 0.44936217477220625 0.4180280098419725 0.44936217477220625 0.4405620146264856 0.39992134869702467 0.4405620146264856
10 0.4592503399872426 0.3939399357619757 0.5097898510863171 0.3939399357619757 0.5097898510863171 0.41258876730777966 0.4592503399872426 0.41258876730777966
10 0.4592503399872426 0.41958207913745615 0.5064937960146384 0.41958207913745615 0.5064937960146384 0.43978497997874383 0.4592503399872426 0.43978497997874383
7 0.5735135824721068 0.39083179717100835 0.6207570384995026 0.39083179717100835 0.6207570384995026 0.41103469801229603 0.5735135824721068 0.41103469801229603
7 0.5658227873048564 0.41958207913745615 0.6240530935711813 0.41958207913745615 0.6240530935711813 0.4421160839219692 0.5658227873048564 0.4421160839219692
8 0.6745926046702561 0.39316290111423385 0.7284281708410094 0.39316290111423385 0.7284281708410094 0.41491987125100516 0.6745926046702561 0.41491987125100516
8 0.6690991795507913 0.4211361484329398 0.730625540888795 0.4211361484329398 0.730625540888795 0.4428931185697111 0.6690991795507913 0.4428931185697111
11 0.7668821466772616 0.3916088318187502 0.806434807537407 0.3916088318187502 0.806434807537407 0.4125887673077797 0.7668821466772616 0.4125887673077797
11 0.7613887215577971 0.41958207913745615 0.8152242877285503 0.41958207913745615 0.8152242877285503 0.43978497997874383 0.7613887215577971 0.43978497997874383
5 0.865763798827625 0.3939399357619757 0.9152046249028065 0.3939399357619757 0.9152046249028065 0.4118117326600378 0.865763798827625 0.4118117326600378
5 0.8569743186364813 0.420359113785198 0.9130072548550205 0.420359113785198 0.9130072548550205 0.44056201462648564 0.8569743186364813 0.44056201462648564
19 0.39442792357755996 0.5446846574238912 0.4416713796049558 0.5446846574238912 0.4416713796049558 0.5656645929129207 0.39442792357755996 0.5656645929129207
17 0.5658227873048564 0.568772731503888 0.6493228491207187 0.568772731503888 0.6493228491207187 0.5905297016406591 0.5658227873048564 0.5905297016406591
18 0.6877768249569711 0.5711038354471134 0.7646847766294759 0.5711038354471134 0.7646847766294759 0.5881985976974337 0.6877768249569711 0.5881985976974337
16 0.8382966732303017 0.5703268007993716 0.9141059398789135 0.5703268007993716 0.9141059398789135 0.587421563049692 0.8382966732303017 0.587421563049692
