4 0.2103543195569612 0.03011444179660872 0.3257174938322617 0.03011444179660872 0.3257174938322617 0.046518683868134986 0.2103543195569612 0.046518683868134986
3 0.4807558338636179 0.05860602013136487 0.5924566851460518 0.05860602013136487 0.5924566851460518 0.07457857162206152 0.4807558338636179 0.07457857162206152
14 0.0821730148066273 0.2144463198108645 0.18776999443428335 0.2144463198108645 0.18776999443428335 0.23041887130156116 0.0821730148066273 0.23041887130156116
13 0.0821730148066273 0.23085056188239078 0.35806801360258406 0.23085056188239078 0.35806801360258406 0.26063721195963585 0.0821730148066273 0.26063721195963585
15 0.1474844415127498 0.27833652577365103 0.2573541312987503 0.27833652577365103 0.2573541312987503 0.2895604808752217 0.1474844415127498 0.2895604808752217
12 0.1364974725341498 0.2921506243601995 0.38187311305621746 0.2921506243601995 0.38187311305621746 0.3059647229467479 0.1364974725341498 0.3059647229467479
1 0.503124671446751 0.2164586401167915 0.6361545160814948 0.2164586401167915 0.6361545160814948 0.2293248426736354 0.503124671446751 0.2293248426736354
0 0.5023666666340174 0.23093311799324096 0.6850458265028107 0.23093311799324096 0.6850458265028107 0.26149034906574514 0.5023666666340174 0.26149034906574514
2 0.5656600684972716 0.27703701048859825 0.6774657783754748 0.27703701048859825 0.6774657783754748 0.2912434424784467 0.5656600684972716 0.2912434424784467
6 0.14426835121301293 0.3969986113767423 0.3526716935942205 0.3969986113767423 0.3526716935942205 0.43245595324067143 0.14426835121301293 0.43245595324067143
9 0.40477252918952245 0.3969986113767423 0.44016177600897277 0.3969986113767423 0.44016177600897277 0.4102082093260492 0.40477252918952245 0.4102082093260492
10 0.4647376418558133 0.3983890953714063 0.5020929579430109 0.3983890953714063 0.5020929579430109 0.41020820932604923 0.4647376418558133 0.41020820932604923
7 0.5787696593851533 0.39630336937941046 0.6180910447400982 0.39630336937941046 0.6180910447400982 0.41090345132338124 0.5787696593851533 0.41090345132338124
8 0.6741240188708945 0.3969986113767423 0.7203266466629547 0.3969986113767423 0.7203266466629547 0.41090345132338124 0.6741240188708945 0.41090345132338124
11 0.771444447624383 0.3969986113767423 0.8078167290777069 0.3969986113767423 0.8078167290777069 0.41090345132338124 0.771444447624383 0.41090345132338124
5 0.8648327378423769 0.3969986113767423 0.9110353656344373 0.3969986113767423 0.9110353656344373 0.41090345132338124 0.8648327378423769 0.41090345132338124
6 0.14408321700737678 0.4473061455017133 0.3577187249245999 0.4473061455017133 0.3577187249245999 0.4822338379506569 0.14408321700737678 0.4822338379506569
9 0.4048850058933375 0.4473061455017133 0.4403984409756811 0.4473061455017133 0.4403984409756811 0.4590795249788854 0.4048850058933375 0.4590795249788854
10 0.46425903017163067 0.4476985914842857 0.5003273626771358 0.4476985914842857 0.5003273626771358 0.45829463301374057 0.46425903017163067 0.45829463301374057
6 0.13964403762208383 0.4959694473406909 0.3338581357286503 0.4959694473406909 0.3338581357286503 0.5328593697024964 0.13964403762208383 0.5328593697024964
9 0.4059948007396607 0.4967543393058357 0.4403984409756811 0.4967543393058357 0.4403984409756811 0.5085277187830077 0.4059948007396607 0.5085277187830077
10 0.4648139275947923 0.497146785288408 0.5008822601002973 0.497146785288408 0.5008822601002973 0.5073503808352904 0.4648139275947923 0.5073503808352904
6 0.14297342216105352 0.5458100871273854 0.34606587903820585 0.5458100871273854 0.34606587903820585 0.5811302255589014 0.14297342216105352 0.5811302255589014
9 0.40710459558598394 0.5462025331099579 0.4403984409756811 0.5462025331099579 0.4403984409756811 0.5575834666045575 0.40710459558598394 0.5575834666045575
10 0.4664786198642772 0.5465949790925303 0.5008822601002973 0.5465949790925303 0.5008822601002973 0.5571910206219851 0.4664786198642772 0.5571910206219851
6 0.1424185247378919 0.594473388966363 0.3593834171940848 0.594473388966363 0.3593834171940848 0.631755757310741 0.1424185247378919 0.631755757310741
9 0.4059948007396607 0.594473388966363 0.4398435435525194 0.594473388966363 0.4398435435525194 0.6062467684435349 0.4059948007396607 0.6062467684435349
10 0.46259433790214577 0.594473388966363 0.5019920549466207 0.594473388966363 0.5019920549466207 0.6054618764783901 0.46259433790214577 0.6054618764783901
7 0.5746339470192674 0.4471977715715706 0.6170079320607003 0.4471977715715706 0.6170079320607003 0.4589711510487426 0.5746339470192674 0.4589711510487426
8 0.6760288397969814 0.44648423342143895 0.7173939204326658 0.44648423342143895 0.7173939204326658 0.4589711510487426 0.6760288397969814 0.4589711510487426
11 0.7713703061402051 0.44648423342143895 0.8066819603413988 0.44648423342143895 0.8066819603413988 0.45861438197367677 0.7713703061402051 0.45861438197367677
5 0.8657028680776803 0.4461274643463731 0.9100946619306097 0.4461274643463731 0.9100946619306097 0.45932792012380835 0.8657028680776803 0.45932792012380835
7 0.5731205904106448 0.4960751348555876 0.6154945754520775 0.4960751348555876 0.6154945754520775 0.5085620524828912 0.5731205904106448 0.5085620524828912
8 0.6760288397969814 0.4960751348555876 0.7184028248384141 0.4960751348555876 0.7184028248384141 0.5078485143327597 0.6760288397969814 0.5078485143327597
11 0.7738925671545759 0.4964319039306534 0.8061775081385247 0.4964319039306534 0.8061775081385247 0.5085620524828912 0.7738925671545759 0.5085620524828912
5 0.8667117724834286 0.49571836578052175 0.9080768531191128 0.49571836578052175 0.9080768531191128 0.5085620524828912 0.8667117724834286 0.5085620524828912
7 0.5741294948163932 0.5456660362897362 0.6149901232492033 0.5456660362897362 0.6149901232492033 0.5574394157669083 0.5741294948163932 0.5574394157669083
8 0.6780466486084781 0.5449524981396044 0.7163850160269172 0.5449524981396044 0.7163850160269172 0.5574394157669083 0.6780466486084781 0.5574394157669083
11 0.7723792105459534 0.5456660362897362 0.8076908647471472 0.5456660362897362 0.8076908647471472 0.5567258776167765 0.7723792105459534 0.5567258776167765
5 0.8682251290920511 0.5453092672146703 0.9070679487133645 0.5453092672146703 0.9070679487133645 0.5570826466918423 0.8682251290920511 0.5570826466918423
7 0.5731205904106448 0.59311632327349 0.6175123842635744 0.59311632327349 0.6175123842635744 0.6052464718257277 0.5731205904106448 0.6052464718257277
8 0.6770377442027298 0.5941866304986874 0.7168894682297914 0.5941866304986874 0.7168894682297914 0.6059600099758593 0.6770377442027298 0.6059600099758593
11 0.7723792105459534 0.5945433995737531 0.8076908647471472 0.5945433995737531 0.8076908647471472 0.6056032409007935 0.7723792105459534 0.6056032409007935
5 0.8586405372374412 0.5941866304986874 0.9080768531191126 0.5941866304986874 0.9080768531191126 0.6056032409007934 0.8586405372374412 0.6056032409007934
19 0.4026675351925252 0.7193735476744664 0.4394330304993986 0.7193735476744664 0.4394330304993986 0.7308450406304433 0.4026675351925252 0.7308450406304433
17 0.571015852680411 0.7453041792812448 0.6393792152139224 0.7453041792812448 0.6393792152139224 0.7578232061253045 0.571015852680411 0.7578232061253045
18 0.6912621242795338 0.7435774169579265 0.751690453661834 0.7435774169579265 0.751690453661834 0.7578232061253045 0.6912621242795338 0.7578232061253045
16 0.8414173669870677 0.7444407981195854 0.9110015038515349 0.7444407981195854 0.9110015038515349 0.7573915155444749 0.8414173669870677 0.7573915155444749
