4 0.20689842640294503 0.030450269845331966 0.34497509083590605 0.030450269845331966 0.34497509083590605 0.047964198795185424 0.20689842640294503 0.047964198795185424
3 0.4725459221054895 0.055925075590573366 0.6016175866841268 0.055925075590573366 0.6016175866841268 0.07821553061765958 0.4725459221054895 0.07821553061765958
14 0.07857717847883458 0.21567333661802465 0.24066717585665828 0.21567333661802465 0.24066717585665828 0.22894146461033785 0.07857717847883458 0.22894146461033785
1 0.49430800508677136 0.2146118863786396 0.7344413345353992 0.2146118863786396 0.7344413345353992 0.23106436508910796 0.49430800508677136 0.23106436508910796
13 0.08157884509694241 0.23053363996941545 0.31345759134577356 0.23053363996941545 0.31345759134577356 0.2623771471509672 0.08157884509694241 0.2623771471509672
15 0.1468650940407881 0.27511455002358787 0.265430925456048 0.27511455002358787 0.265430925456048 0.2915670287340563 0.1468650940407881 0.2915670287340563
12 0.13110634429572188 0.2915670287340563 0.39450259003468546 0.2915670287340563 0.39450259003468546 0.3074887823248322 0.13110634429572188 0.3074887823248322
0 0.4913063384686636 0.2315950902088005 0.756953834171208 0.2315950902088005 0.756953834171208 0.26343859739035225 0.4913063384686636 0.26343859739035225
2 0.562595920648725 0.2756452751432804 0.6849138353366198 0.2756452751432804 0.6849138353366198 0.2926284789734414 0.562595920648725 0.2926284789734414
6 0.13635926087741063 0.3971813275528696 0.37274050705340356 0.3971813275528696 0.37274050705340356 0.4385778868888869 0.13635926087741063 0.4385778868888869
6 0.13543789930898242 0.4438297967664145 0.38513904110282904 0.4438297967664145 0.38513904110282904 0.48621350482505993 0.13543789930898242 0.48621350482505993
6 0.13244148560745628 0.4932774561681675 0.37614979999825054 0.4932774561681675 0.37614979999825054 0.535661164226813 0.13244148560745628 0.535661164226813
6 0.13144268104028087 0.5427251155699204 0.36216653605779514 0.5427251155699204 0.36216653605779514 0.5836960333599442 0.13144268104028087 0.5836960333599442
6 0.13044387647310549 0.5907599847030518 0.37714860456542587 0.5907599847030518 0.37714860456542587 0.633850087896008 0.13044387647310549 0.633850087896008
6 0.13244148560745628 0.6416204343734263 0.38414023653565366 0.6416204343734263 0.38414023653565366 0.6825913521634502 0.13244148560745628 0.6825913521634502
6 0.13244148560745628 0.6882425132379363 0.3511796858188658 0.6882425132379363 0.3511796858188658 0.7320390115652032 0.13244148560745628 0.7320390115652032
9 0.3991223050432844 0.39367574223035084 0.44207090143182604 0.39367574223035084 0.44207090143182604 0.41486759625967345 0.3991223050432844 0.41486759625967345
9 0.3971246959089337 0.44453619190072524 0.45006133796922915 0.44453619190072524 0.45006133796922915 0.4671408361986695 0.3971246959089337 0.4671408361986695
9 0.40211871874481064 0.4932774561681675 0.4450673151333523 0.4932774561681675 0.4450673151333523 0.5109373345259364 0.40211871874481064 0.5109373345259364
9 0.3991223050432844 0.5420187204356096 0.44706492426770295 0.5420187204356096 0.44706492426770295 0.5610913890620001 0.3991223050432844 0.5610913890620001
9 0.39512708677458286 0.5921727749716734 0.44406851056617697 0.5921727749716734 0.44406851056617697 0.6112454435980638 0.39512708677458286 0.6112454435980638
9 0.3971246959089337 0.6409140392391156 0.4510601425364046 0.6409140392391156 0.4510601425364046 0.657867522462574 0.3971246959089337 0.657867522462574
9 0.3971246959089337 0.6868297229693148 0.44706492426770306 0.6868297229693148 0.44706492426770306 0.7080215769986375 0.3971246959089337 0.7080215769986375
10 0.4590505790738077 0.39438213736466154 0.5089908074325771 0.39438213736466154 0.5089908074325771 0.41486759625967357 0.4590505790738077 0.41486759625967357
10 0.460049383640983 0.4459489821693468 0.5099896119997523 0.4459489821693468 0.5099896119997523 0.46219607025849424 0.460049383640983 0.46219607025849424
10 0.4610481882081585 0.494690246436789 0.5099896119997523 0.494690246436789 0.5099896119997523 0.5130565199288686 0.4610481882081585 0.5130565199288686
10 0.4590505790738077 0.5441379058385419 0.5109884165669277 0.5441379058385419 0.5109884165669277 0.5610913890620001 0.4590505790738077 0.5610913890620001
10 0.4570529699394569 0.5928791701059841 0.5099896119997523 0.5928791701059841 0.5099896119997523 0.6091262581951314 0.4570529699394569 0.6091262581951314
10 0.4610481882081585 0.6416204343734263 0.5069931982982263 0.6416204343734263 0.5069931982982263 0.6585739175968843 0.4610481882081585 0.6585739175968843
10 0.4610481882081585 0.6903616986408686 0.5079920028654016 0.6903616986408686 0.5079920028654016 0.7101407624015699 0.4610481882081585 0.7101407624015699
7 0.5619274494928724 0.39438213736466154 0.6188593098218695 0.39438213736466154 0.6188593098218695 0.41557399139398427 0.5619274494928724 0.41557399139398427
7 0.5619274494928724 0.4438297967664145 0.6228545280905711 0.4438297967664145 0.6228545280905711 0.46431525566142645 0.5619274494928724 0.46431525566142645
7 0.5559346220898201 0.494690246436789 0.6228545280905711 0.494690246436789 0.6228545280905711 0.5123501247945579 0.5559346220898201 0.5123501247945579
7 0.5409525535821893 0.5434315107042311 0.6198581143890448 0.5434315107042311 0.6198581143890448 0.5610913890620001 0.5409525535821893 0.5610913890620001
7 0.5449477718508908 0.5921727749716734 0.6248521372249218 0.5921727749716734 0.6248521372249218 0.6133646290009962 0.5449477718508908 0.6133646290009962
7 0.5469453809852416 0.6416204343734263 0.6278485509264479 0.6416204343734263 0.6278485509264479 0.6585739175968843 0.5469453809852416 0.6585739175968843
7 0.5449477718508908 0.6903616986408686 0.6288473554936233 0.6903616986408686 0.6288473554936233 0.7101407624015699 0.5449477718508908 0.7101407624015699
8 0.6428306194340788 0.3950885324989723 0.7217361802409342 0.3950885324989723 0.7217361802409342 0.41557399139398427 0.6428306194340788 0.41557399139398427
8 0.6568138833745342 0.4438297967664145 0.728727812211162 0.4438297967664145 0.728727812211162 0.46431525566142645 0.6568138833745342 0.46431525566142645
8 0.6458270331356049 0.4932774561681675 0.7247325939424605 0.4932774561681675 0.7247325939424605 0.5123501247945579 0.6458270331356049 0.5123501247945579
8 0.6398342057325526 0.5441379058385419 0.7207373756737587 0.5441379058385419 0.7207373756737587 0.5632105744649324 0.6398342057325526 0.5632105744649324
8 0.6378365965982018 0.5914663798373626 0.7247325939424604 0.5914663798373626 0.7247325939424604 0.6112454435980637 0.6378365965982018 0.6112454435980637
8 0.6448282285684296 0.6402076441048049 0.7197385711065836 0.6402076441048049 0.7197385711065836 0.662812288402749 0.6448282285684296 0.662812288402749
8 0.6408330102997281 0.6896553035065578 0.7237337893752852 0.6896553035065578 0.7237337893752852 0.7080215769986375 0.6408330102997281 0.7080215769986375
11 0.7606895583607743 0.39579492763328306 0.8146250049882452 0.39579492763328306 0.8146250049882452 0.4120420157224305 0.7606895583607743 0.4120420157224305
11 0.7656835811966513 0.44312340163210373 0.8126273958538944 0.44312340163210373 0.8126273958538944 0.46360886052711564 0.7656835811966513 0.46360886052711564
11 0.7616883629279498 0.49186466589954597 0.8106297867195438 0.49186466589954597 0.8106297867195438 0.5130565199288686 0.7616883629279498 0.5130565199288686
11 0.7646847766294759 0.5427251155699204 0.8146250049882452 0.5427251155699204 0.8146250049882452 0.5639169695992431 0.7646847766294759 0.5639169695992431
11 0.7646847766294759 0.5900535895687412 0.8146250049882452 0.5900535895687412 0.8146250049882452 0.6147774192696176 0.7646847766294759 0.6147774192696176
11 0.7616883629279498 0.6409140392391156 0.8116285912867192 0.6409140392391156 0.8116285912867192 0.6599867078655062 0.7616883629279498 0.6599867078655062
11 0.7676811903310022 0.6882425132379363 0.8186202232569466 0.6882425132379363 0.8186202232569466 0.7080215769986375 0.7676811903310022 0.7080215769986375
5 0.8385963146004545 0.39579492763328306 0.9135066571386086 0.39579492763328306 0.9135066571386086 0.41557399139398427 0.8385963146004545 0.41557399139398427
5 0.8365987054661037 0.4438297967664145 0.9115090480042576 0.4438297967664145 0.9115090480042576 0.46290246539280494 0.8365987054661037 0.46290246539280494
5 0.8385963146004545 0.4939838513024782 0.9105102434370823 0.4939838513024782 0.9105102434370823 0.5116437296602471 0.8385963146004545 0.5116437296602471
5 0.8306058780630515 0.5427251155699204 0.909511438869907 0.5427251155699204 0.909511438869907 0.5589722036590677 0.8306058780630515 0.5589722036590677
5 0.8326034871974025 0.5914663798373626 0.9115090480042578 0.5914663798373626 0.9115090480042578 0.6112454435980637 0.8326034871974025 0.6112454435980637
5 0.8306058780630514 0.6416204343734263 0.9125078525714332 0.6416204343734263 0.9125078525714332 0.6585739175968843 0.8306058780630514 0.6585739175968843
5 0.8336022917645775 0.6882425132379363 0.9095114388699069 0.6882425132379363 0.9095114388699069 0.709434367267259 0.8336022917645775 0.709434367267259
19 0.3899120102862343 0.8154570716969336 0.4462082677088469 0.8154570716969336 0.4462082677088469 0.8327958613572884 0.3899120102862343 0.8327958613572884
17 0.5342846704506765 0.839217635305568 0.6450611769919466 0.839217635305568 0.6450611769919466 0.8584829571504068 0.5342846704506765 0.8584829571504068
18 0.6614052517275439 0.8417863448848799 0.7631017167490377 0.8417863448848799 0.7631017167490377 0.8584829571504068 0.6614052517275439 0.8584829571504068
16 0.8030538994360531 0.8385754579107401 0.916554418433256 0.8385754579107401 0.916554418433256 0.8578407797555789 0.8030538994360531 0.8578407797555789
