4 0.2170766097771378 0.030842543772010383 0.3317819041912295 0.030842543772010383 0.3317819041912295 0.04828860904314881 0.2170766097771378 0.04828860904314881
3 0.4871889319549718 0.05701162862321764 0.5957272256563327 0.05701162862321764 0.5957272256563327 0.07358539063079916 0.4871889319549718 0.07358539063079916
14 0.08387049967832427 0.2140262160634637 0.21584319770156982 0.2140262160634637 0.21584319770156982 0.2305999780710452 0.08387049967832427 0.2305999780710452
13 0.07770355117256514 0.22972767480748824 0.31821454289717144 0.22972767480748824 0.31821454289717144 0.2611305922955375 0.07770355117256514 0.2611305922955375
15 0.14677337443706748 0.27508744451244826 0.2590118372418838 0.27508744451244826 0.2590118372418838 0.2881719934658021 0.14677337443706748 0.2881719934658021
12 0.13690625682785287 0.289044296729359 0.38605097646052206 0.289044296729359 0.38605097646052206 0.3082349685276113 0.13690625682785287 0.3082349685276113
1 0.5044563877710975 0.2148985193270206 0.6635636592196832 0.2148985193270206 0.6635636592196832 0.22972767480748826 0.5044563877710975 0.22972767480748826
0 0.49705601227349244 0.23496150744433017 0.6549298940209265 0.23496150744433017 0.6549298940209265 0.26200290861459474 0.49705601227349244 0.26200290861459474
2 0.5673592625298407 0.27508744451244826 0.6758975562312015 0.27508744451244826 0.6758975562312015 0.29166120652002975 0.5673592625298407 0.29166120652002975
6 0.13690625682785287 0.3928483850926327 0.3589164030351818 0.3928483850926327 0.3589164030351818 0.4347189417433651 0.13690625682785287 0.4347189417433651
9 0.4020850202010792 0.39720995363241907 0.43908671123563403 0.39720995363241907 0.43908671123563403 0.41029450258577294 0.4020850202010792 0.41029450258577294
10 0.46375450525867057 0.3980822699514766 0.5093899242012883 0.3980822699514766 0.5093899242012883 0.41029451564127356 0.46375450525867057 0.41029451564127356
7 0.5735262110355998 0.3954652948833036 0.620395019679369 0.3954652948833036 0.620395019679369 0.4172728764722266 0.5735262110355998 0.4172728764722266
8 0.6697306077254424 0.3937206883561898 0.7165994163692119 0.3937206883561898 0.7165994163692119 0.41116675362732824 0.6697306077254424 0.41116675362732824
11 0.772101952921044 0.3954652948833036 0.8128038130590542 0.3954652948833036 0.8128038130590542 0.4155282699451129 0.772101952921044 0.4155282699451129
5 0.8609060114039756 0.39197608182907584 0.907774820047745 0.39197608182907584 0.907774820047745 0.412911360154442 0.8609060114039756 0.412911360154442
19 0.39961826317319216 0.5202046615719436 0.43661995420774696 0.5202046615719436 0.43661995420774696 0.5359061203159681 0.39961826317319216 0.5359061203159681
17 0.5747596007367516 0.5446291529515374 0.6425960343001021 0.5446291529515374 0.6425960343001021 0.5612029149591188 0.5747596007367516 0.5612029149591188
18 0.6968651811507826 0.5446291529515374 0.7560678868060702 0.5446291529515374 0.7560678868060702 0.5620752182226758 0.6968651811507826 0.5620752182226758
16 0.84363855558785 0.5420122431608666 0.9114749891512006 0.5420122431608666 0.9114749891512006 0.5620752182226758 0.84363855558785 0.5620752182226758
