4 0.21009190587312374 0.025249827621369122 0.32680963135819247 0.025249827621369122 0.32680963135819247 0.046615066377912226 0.21009190587312374 0.046615066377912226
3 0.47785609963298736 0.056326538539977274 0.5986932742528231 0.056326538539977274 0.5986932742528231 0.07574948286410738 0.47785609963298736 0.07574948286410738
13 0.08376213240693164 0.23016189024094152 0.3158244336654801 0.23016189024094152 0.3158244336654801 0.26609433724058223 0.08376213240693164 0.26609433724058223
12 0.13456867173572631 0.2932864592943644 0.38036247011016516 0.2932864592943644 0.38036247011016516 0.3107671091860814 0.13456867173572631 0.3107671091860814
15 0.14555386942843865 0.2758058094026473 0.2636447446250964 0.2758058094026473 0.2636447446250964 0.2903730176457449 0.14555386942843865 0.2903730176457449
1 0.5025727944415901 0.215594681997844 0.6069321725223574 0.215594681997844 0.6069321725223574 0.23016189024094158 0.5025727944415901 0.23016189024094158
0 0.49708019559523386 0.23307533188956112 0.7579786407971522 0.23307533188956112 0.7579786407971522 0.26415204280816934 0.49708019559523386 0.26415204280816934
2 0.5657376811746861 0.2767769566188538 0.6783359575249878 0.2767769566188538 0.6783359575249878 0.28940187042953835 0.5657376811746861 0.28940187042953835
6 0.14418071971684962 0.39234347534742786 0.37075042212904197 0.39234347534742786 0.37075042212904197 0.4389585417253401 0.14418071971684962 0.4389585417253401
6 0.1400612705820825 0.4438142778063726 0.3762430209753981 0.4438142778063726 0.3762430209753981 0.4826601664546327 0.1400612705820825 0.4826601664546327
9 0.4009597157840009 0.3962280642122539 0.4531394048243846 0.3962280642122539 0.4531394048243846 0.4088529780229384 0.4009597157840009 0.4088529780229384
9 0.40370601520717897 0.43992968894154655 0.4572588539591516 0.43992968894154655 0.4572588539591516 0.4622660749142962 0.40370601520717897 0.4622660749142962
10 0.46275145280550783 0.3981703586446669 0.5066922435763572 0.3981703586446669 0.5066922435763572 0.40982412523914497 0.46275145280550783 0.40982412523914497
10 0.4627514528055078 0.44672771945499223 0.5080653932879462 0.44672771945499223 0.5080653932879462 0.4593526332656769 0.4627514528055078 0.4593526332656769
7 0.5712302800210424 0.3933146225636344 0.6165442205034808 0.3933146225636344 0.6165442205034808 0.40982412523914497 0.5712302800210424 0.40982412523914497
7 0.561618232039919 0.4447854250225791 0.6206636696382479 0.4447854250225791 0.6206636696382479 0.4593526332656767 0.561618232039919 0.4593526332656767
8 0.6659776101206863 0.3962280642122539 0.7167841494494811 0.3962280642122539 0.7167841494494811 0.41176641967155786 0.6659776101206863 0.41176641967155786
8 0.6494998135816178 0.4438142778063726 0.7222767482958371 0.4438142778063726 0.7222767482958371 0.46032378048188316 0.6494998135816178 0.46032378048188316
11 0.7607249402203302 0.39234347534742786 0.8087851801259469 0.39234347534742786 0.8087851801259469 0.41176641967155786 0.7607249402203302 0.41176641967155786
11 0.7689638384898646 0.4447854250225791 0.807412030414358 0.4447854250225791 0.807412030414358 0.46032378048188327 0.7689638384898646 0.46032378048188327
5 0.8527259708967964 0.39428576977984087 0.9131445582067143 0.39428576977984087 0.9131445582067143 0.4127375668877644 0.8527259708967964 0.4127375668877644
5 0.8403676234924949 0.44284313059016606 0.909025109071947 0.44284313059016606 0.909025109071947 0.4622660749142963 0.8403676234924949 0.4622660749142963
19 0.3968402666492337 0.5681211214808052 0.44078105742008317 0.5681211214808052 0.44078105742008317 0.5826883297239029 0.3968402666492337 0.5826883297239029
17 0.553379333770385 0.5953132435345875 0.6440072147352619 0.5953132435345875 0.6440072147352619 0.6089093045614785 0.553379333770385 0.6089093045614785
18 0.6769628078133987 0.5914286546697614 0.7524860419507964 0.5914286546697614 0.7524860419507964 0.607938157345272 0.6769628078133987 0.607938157345272
16 0.8197703778186594 0.5923998018859679 0.907651959360358 0.5923998018859679 0.907651959360358 0.6108515989938914 0.8197703778186594 0.6108515989938914
