4 0.21023001600040947 0.026061493513463027 0.3268419780006366 0.026061493513463027 0.3268419780006366 0.04813165618682414 0.21023001600040947 0.04813165618682414
3 0.479587224000934 0.05510118124156975 0.5978416080011645 0.05510118124156975 0.5978416080011645 0.07717134391493088 0.479587224000934 0.07717134391493088
1 0.08376352200016314 0.21307708248247031 0.34326619800066854 0.21307708248247031 0.34326619800066854 0.22933930761021012 0.08376352200016314 0.22933930761021012
13 0.08376352200016314 0.23282407013758297 0.36954495000071963 0.23282407013758297 0.36954495000071963 0.2607021703565654 0.08376352200016314 0.2607021703565654
15 0.14453313600028142 0.27347963295693223 0.26607236400051804 0.27347963295693223 0.26607236400051804 0.2874186830664235 0.14453313600028142 0.2874186830664235
12 0.13632102600026513 0.2909034455937961 0.37611463800073136 0.2909034455937961 0.37611463800073136 0.30484249570328686 0.13632102600026513 0.30484249570328686
1 0.5058659760009852 0.21307708248247031 0.6339748920012347 0.21307708248247031 0.6339748920012347 0.23050089511933441 0.5058659760009852 0.23050089511933441
0 0.5025811320009788 0.23282407013758297 0.7243081020014106 0.23282407013758297 0.7243081020014106 0.26534852039306245 0.5025811320009788 0.26534852039306245
2 0.5649931680011003 0.2746412204660566 0.6783202860013211 0.2746412204660566 0.6783202860013211 0.29438820812116917 0.5649931680011003 0.29438820812116917
6 0.1379634480002687 0.39544632141498065 0.2759268960005374 0.39544632141498065 0.2759268960005374 0.4105469590335961 0.1379634480002687 0.4105469590335961
6 0.14124829200027508 0.41867807159746595 0.30549049200059497 0.41867807159746595 0.30549049200059497 0.43610188423433005 0.14124829200027508 0.43610188423433005
6 0.14453313600028148 0.44539458430732426 0.36461768400071015 0.44539458430732426 0.36461768400071015 0.46281839694418825 0.14453313600028148 0.46281839694418825
9 0.4023933900007837 0.3966079089241049 0.45002362800087636 0.3966079089241049 0.45002362800087636 0.4117085465427204 0.4023933900007837 0.4117085465427204
9 0.4023933900007837 0.4233244216339631 0.4401690960008572 0.4233244216339631 0.4401690960008572 0.43726347174345437 0.4023933900007837 0.43726347174345437
9 0.4023933900007837 0.4430714092890756 0.45002362800087636 0.4430714092890756 0.45002362800087636 0.4651415719624368 0.4023933900007837 0.4651415719624368
10 0.46152058200089885 0.3977694964332292 0.5075083980009885 0.3977694964332292 0.5075083980009885 0.4082237840153476 0.46152058200089885 0.4082237840153476
10 0.463163004000902 0.4233244216339631 0.5058659760009852 0.4233244216339631 0.5058659760009852 0.43726347174345437 0.463163004000902 0.43726347174345437
10 0.463163004000902 0.44423299679819994 0.5075083980009885 0.44423299679819994 0.5075083980009885 0.4651415719624368 0.463163004000902 0.4651415719624368
7 0.5781325440011259 0.3966079089241049 0.6241203600012155 0.3966079089241049 0.6241203600012155 0.4082237840153476 0.5781325440011259 0.4082237840153476
7 0.5715628560011131 0.4210012466157146 0.6224779380012123 0.4210012466157146 0.6224779380012123 0.43726347174345437 0.5715628560011131 0.43726347174345437
7 0.5666355900011035 0.44423299679819994 0.6208355160012091 0.44423299679819994 0.6208355160012091 0.45933363441681546 0.5666355900011035 0.45933363441681546
8 0.6733930200013114 0.39196155888760786 0.7226656800014075 0.39196155888760786 0.7226656800014075 0.41170854654272043 0.6733930200013114 0.41170854654272043
8 0.6783202860013211 0.41867807159746595 0.7144535700013914 0.41867807159746595 0.7144535700013914 0.43610188423433005 0.6783202860013211 0.43610188423433005
8 0.6783202860013211 0.44423299679819994 0.7226656800014076 0.44423299679819994 0.7226656800014076 0.461656809435064 0.6783202860013211 0.461656809435064
11 0.7670110740014938 0.39428473390585633 0.8080716240015737 0.39428473390585633 0.8080716240015737 0.41403172156096896 0.7670110740014938 0.41403172156096896
11 0.7702959180015001 0.4210012466157146 0.8064292020015704 0.4210012466157146 0.8064292020015704 0.43610188423433005 0.7702959180015001 0.43610188423433005
11 0.7620838080014842 0.4407482342708272 0.809714046001577 0.4407482342708272 0.809714046001577 0.4581720469076912 0.7620838080014842 0.4581720469076912
5 0.8639139720016823 0.3966079089241049 0.9131866320017782 0.3966079089241049 0.9131866320017782 0.414031721560969 0.8639139720016823 0.414031721560969
5 0.8655563940016857 0.4210012466157146 0.9082593660017689 0.4210012466157146 0.9082593660017689 0.43610188423433005 0.8655563940016857 0.43610188423433005
5 0.8622715500016792 0.4465561718164485 0.9082593660017689 0.4465561718164485 0.9082593660017689 0.461656809435064 0.8622715500016792 0.461656809435064
19 0.3958237020007709 0.5476142851102599 0.44345394000086374 0.5476142851102599 0.44345394000086374 0.5627149227288755 0.3958237020007709 0.5627149227288755
17 0.5715628560011131 0.5708460352927454 0.6487566900012635 0.5708460352927454 0.6487566900012635 0.5894314354387338 0.5715628560011131 0.5894314354387338
18 0.6881748180013403 0.5731692103109939 0.7587989640014777 0.5731692103109939 0.7587989640014777 0.5894314354387336 0.6881748180013403 0.5894314354387336
16 0.8359927980016282 0.5743307978201181 0.9164714760017848 0.5743307978201181 0.9164714760017848 0.587108260420485 0.8359927980016282 0.587108260420485
