4 0.20750743190913057 0.025028441410693974 0.34423713510506926 0.025028441410693974 0.34423713510506926 0.05233219567690558 0.20750743190913057 0.05233219567690558
3 0.46809816035315505 0.054607508532423216 0.6080450330360572 0.054607508532423216 0.6080450330360572 0.08304891922639362 0.46809816035315505 0.08304891922639362
14 0.07560348294363672 0.21387940841865757 0.26702506741795096 0.21387940841865757 0.26702506741795096 0.22980659840728104 0.07560348294363672 0.22980659840728104
13 0.07399489820015509 0.23208191126279867 0.35549722830944075 0.23208191126279867 0.35549722830944075 0.267349260523322 0.07399489820015509 0.267349260523322
15 0.14638121165682855 0.27417519908987487 0.2782851606223224 0.27417519908987487 0.2782851606223224 0.292377701934016 0.14638121165682855 0.292377701934016
12 0.13672970319593872 0.29237770193401524 0.40536335535737156 0.29237770193401524 0.40536335535737156 0.3117178612059151 0.13672970319593872 0.3117178612059151
1 0.49705268573582445 0.21501706484641642 0.6144793720099837 0.21501706484641642 0.6144793720099837 0.22980659840728104 0.49705268573582445 0.22980659840728104
0 0.4922269315053795 0.23094425483503986 0.7109944566188815 0.23094425483503986 0.7109944566188815 0.2696245733788396 0.4922269315053795 0.2696245733788396
2 0.5630046602185713 0.27303754266211605 0.686865685466657 0.27303754266211605 0.686865685466657 0.2969283276450512 0.5630046602185713 0.2969283276450512
6 0.1351211184524571 0.3947667804323094 0.3731916604877387 0.3947667804323094 0.3731916604877387 0.43458475540386804 0.1351211184524571 0.43458475540386804
6 0.13190394896549384 0.44141069397042104 0.3490628893355142 0.44141069397042104 0.3490628893355142 0.4766780432309443 0.13190394896549384 0.4766780432309443
9 0.3989290163834445 0.3947667804323093 0.44557797394441195 0.3947667804323093 0.44557797394441195 0.4197952218430032 0.3989290163834445 0.4197952218430032
9 0.39732043163996317 0.44254835039817986 0.4471865586878938 0.44254835039817986 0.4471865586878938 0.4687144482366326 0.39732043163996317 0.4687144482366326
10 0.4616638213792285 0.398179749715586 0.5083127789401958 0.398179749715586 0.5083127789401958 0.41638225255972705 0.4616638213792285 0.41638225255972705
10 0.45683806714878356 0.4448236632536975 0.5147471179141223 0.4448236632536975 0.5147471179141223 0.46416382252559735 0.45683806714878356 0.46416382252559735
7 0.5662218297055346 0.3947667804323094 0.6241308804708734 0.3947667804323094 0.6241308804708734 0.41751990898748575 0.5662218297055346 0.41751990898748575
7 0.5710475839359794 0.44254835039817986 0.6353909736752448 0.44254835039817986 0.6353909736752448 0.466439135381115 0.5710475839359794 0.466439135381115
8 0.6595197448274692 0.39362912400455063 0.735123227771106 0.39362912400455063 0.735123227771106 0.41979522184300344 0.6595197448274692 0.41979522184300344
8 0.6643454990579142 0.44141069397042104 0.7351232277711061 0.44141069397042104 0.7351232277711061 0.4698521046643915 0.6643454990579142 0.4698521046643915
11 0.7640777531537754 0.39362912400455063 0.8187696344321509 0.39362912400455063 0.8187696344321509 0.41979522184300344 0.7640777531537754 0.41979522184300344
11 0.7640777531537754 0.44141069397042104 0.821986803919114 0.44141069397042104 0.821986803919114 0.4653014789533562 0.7640777531537754 0.4653014789533562
5 0.8605928377626733 0.3947667804323094 0.9168933037845305 0.3947667804323094 0.9168933037845305 0.41979522184300333 0.8605928377626733 0.41979522184300333
5 0.8525499140452653 0.4448236632536975 0.9185018885280122 0.4448236632536975 0.9185018885280122 0.466439135381115 0.8525499140452653 0.466439135381115
19 0.38766892317907337 0.5506257110352675 0.4471865586878939 0.5506257110352675 0.4471865586878939 0.5813424345847553 0.38766892317907337 0.5813424345847553
17 0.5630046602185713 0.5813424345847554 0.6627369143144325 0.5813424345847554 0.6627369143144325 0.5995449374288966 0.5630046602185713 0.5995449374288966
18 0.6884742702101385 0.584755403868032 0.7624691684102937 0.584755403868032 0.7624691684102937 0.6040955631399318 0.6884742702101385 0.6040955631399318
16 0.8348554818669672 0.5836177474402731 0.9152847190410489 0.5836177474402731 0.9152847190410489 0.5984072810011377 0.8348554818669672 0.5984072810011377
