4 0.20935040502886568 0.02350176263219742 0.33064071905352593 0.02350176263219742 0.33064071905352593 0.05052878965922444 0.20935040502886568 0.05052878965922444
3 0.47519218919250467 0.057579318448883664 0.5998055255192104 0.057579318448883664 0.5998055255192104 0.07755581668625147 0.47519218919250467 0.07755581668625147
14 0.0764295129470462 0.21386603995299647 0.2209809830860249 0.21386603995299647 0.2209809830860249 0.2279670975323149 0.0764295129470462 0.2279670975323149
13 0.08141404640011443 0.23149236192714454 0.28079538452284364 0.23149236192714454 0.28079538452284364 0.26321974148061106 0.08141404640011443 0.26321974148061106
1 0.49845334530682306 0.21269095182138656 0.6596199269560292 0.21269095182138656 0.6596199269560292 0.23031727379553465 0.49845334530682306 0.23031727379553465
0 0.49845334530682306 0.23031727379553465 0.731064906450007 0.23031727379553465 0.731064906450007 0.2655699177438307 0.49845334530682306 0.2655699177438307
15 0.14455147013897868 0.27262044653349 0.26916480646568436 0.27262044653349 0.26916480646568436 0.2890716803760282 0.14455147013897868 0.2890716803760282
12 0.1345824032328422 0.29259694477085785 0.39211663164136745 0.29259694477085785 0.39211663164136745 0.3078730904817861 0.1345824032328422 0.3078730904817861
2 0.5665753024987555 0.27379553466509987 0.699496194580575 0.27379553466509987 0.699496194580575 0.29259694477085785 0.5665753024987555 0.29259694477085785
6 0.14133847519736997 0.39598118872411475 0.3683053696748976 0.39598118872411475 0.3683053696748976 0.4397594253675335 0.14133847519736997 0.4397594253675335
6 0.1423701428995403 0.44705579814143653 0.347672015631486 0.44705579814143653 0.347672015631486 0.4704041910179264 0.1423701428995403 0.4704041910179264
6 0.14546514600605207 0.48499693656573273 0.3507670187379977 0.48499693656573273 0.3507670187379977 0.5200195258804676 0.14546514600605207 0.5200195258804676
6 0.14133847519736975 0.5338826341508836 0.34870368333365664 0.5338826341508836 0.34870368333365664 0.5681755861882283 0.14133847519736975 0.5681755861882283
6 0.14133847519736975 0.5805794199038635 0.3569570249510212 0.5805794199038635 0.3569570249510212 0.6185205583281597 0.14133847519736975 0.6185205583281597
6 0.14649681370822265 0.6309243920437949 0.34354534482280363 0.6309243920437949 0.34354534482280363 0.6674062559133106 0.14649681370822265 0.6674062559133106
9 0.40441373925086793 0.39160336505977283 0.44568044733769124 0.39160336505977283 0.44568044733769124 0.41057393427192096 0.40441373925086793 0.41057393427192096
9 0.4002870684421856 0.44413724903187535 0.4467121150398618 0.44413724903187535 0.4467121150398618 0.4601892691344622 0.4002870684421856 0.4601892691344622
9 0.40235040384652687 0.48353766201095205 0.43845877342249717 0.48353766201095205 0.43845877342249717 0.4959414957265874 0.40235040384652687 0.4959414957265874
9 0.40235040384652687 0.5331529968734933 0.44568044733769124 0.5331529968734933 0.44568044733769124 0.5462864678665189 0.40235040384652687 0.5462864678665189
9 0.3982237330378445 0.5776608707943023 0.4374271057203266 0.5776608707943023 0.4374271057203266 0.5951721654516697 0.3982237330378445 0.5951721654516697
9 0.4054454069530385 0.6272762056568434 0.44361711193335 0.6272762056568434 0.44361711193335 0.6469764121463817 0.4054454069530385 0.6469764121463817
10 0.4601237951680792 0.39889973783367616 0.5137705156809496 0.39889973783367616 0.5137705156809496 0.4091146597171404 0.4601237951680792 0.4091146597171404
10 0.4663138013811029 0.44924470997360744 0.5034538386592438 0.44924470997360744 0.5034538386592438 0.45872999457968144 0.4663138013811029 0.45872999457968144
10 0.4590921274659088 0.48061911290139087 0.5044855063614143 0.48061911290139087 0.5044855063614143 0.49594149572658747 0.4590921274659088 0.49594149572658747
10 0.46218713057242045 0.530234447763932 0.5055171740635848 0.530234447763932 0.5055171740635848 0.5455568305891286 0.46218713057242045 0.5455568305891286
10 0.46321879827459106 0.5805794199038635 0.5034538386592438 0.5805794199038635 0.5034538386592438 0.5951721654516697 0.46321879827459106 0.5951721654516697
10 0.46321879827459106 0.6323836665985756 0.5086121771700965 0.6323836665985756 0.5086121771700965 0.645517137591601 0.46321879827459106 0.645517137591601
7 0.5622588976829669 0.39671082600150503 0.6190006213023488 0.39671082600150503 0.6190006213023488 0.41349248338148215 0.5622588976829669 0.41349248338148215
7 0.5622588976829669 0.44413724903187535 0.6169372858980077 0.44413724903187535 0.6169372858980077 0.45872999457968144 0.5622588976829669 0.45872999457968144
7 0.5622588976829669 0.48061911290139087 0.6190006213023488 0.48061911290139087 0.6190006213023488 0.4966711330039778 0.5622588976829669 0.4966711330039778
7 0.5736072424068432 0.5331529968734933 0.6159056181958371 0.5331529968734933 0.6159056181958371 0.5484753796986898 0.5736072424068432 0.5484753796986898
7 0.5632905653851374 0.5827683317360344 0.62106395670669 0.5827683317360344 0.62106395670669 0.5929832536194989 0.5632905653851374 0.5929832536194989
7 0.5653539007894786 0.6301947547664047 0.6159056181958371 0.6301947547664047 0.6159056181958371 0.645517137591601 0.5653539007894786 0.645517137591601
8 0.6612989970913427 0.39379227689194385 0.7139140499020424 0.39379227689194385 0.7139140499020424 0.4083850224397501 0.6612989970913427 0.4083850224397501
8 0.6489189846652956 0.44413724903187535 0.7273257300302598 0.44413724903187535 0.7273257300302598 0.4572707200249009 0.6489189846652956 0.4572707200249009
8 0.645823981558784 0.4842672992883424 0.7273257300302598 0.4842672992883424 0.7273257300302598 0.4937525838944164 0.645823981558784 0.4937525838944164
8 0.6664573356021956 0.5309640850413223 0.7201040561150658 0.5309640850413223 0.7201040561150658 0.5462864678665189 0.6664573356021956 0.5462864678665189
8 0.6623306647935132 0.5798497826264732 0.7190723884128953 0.5798497826264732 0.7190723884128953 0.5944425281742794 0.6623306647935132 0.5944425281742794
8 0.670584006410878 0.6294651174890143 0.7159773853063836 0.6294651174890143 0.7159773853063836 0.6440578630368207 0.670584006410878 0.6440578630368207
11 0.7727191089257655 0.39671082600150503 0.8067641430973947 0.39671082600150503 0.8067641430973947 0.4142221206588725 0.7727191089257655 0.4142221206588725
11 0.7685924381170831 0.44267797447709467 0.8067641430973947 0.44267797447709467 0.8067641430973947 0.4580003573022912 0.7685924381170831 0.4580003573022912
11 0.7644657673084008 0.48134875017878115 0.8098591462039063 0.48134875017878115 0.8098591462039063 0.4966711330039777 0.7644657673084008 0.4966711330039777
11 0.7696241058192538 0.5309640850413223 0.8098591462039062 0.5309640850413223 0.8098591462039062 0.551393928808251 0.7696241058192538 0.551393928808251
11 0.7696241058192538 0.5827683317360344 0.8098591462039062 0.5827683317360344 0.8098591462039062 0.59590180272906 0.7696241058192538 0.59590180272906
11 0.7716874412235949 0.6309243920437949 0.8181124878212711 0.6309243920437949 0.8181124878212711 0.6469764121463817 0.7716874412235949 0.6469764121463817
5 0.8562841928015824 0.3945219141693342 0.9130259164209645 0.3945219141693342 0.9130259164209645 0.41349248338148215 0.8562841928015824 0.41349248338148215
5 0.8418408449711944 0.443407611754485 0.9058042425057704 0.443407611754485 0.9058042425057704 0.4645670927988041 0.8418408449711944 0.4645670927988041
5 0.8439041803755357 0.48061911290139087 0.9078675779101117 0.48061911290139087 0.9078675779101117 0.4966711330039778 0.8439041803755357 0.4966711330039778
5 0.858347528205924 0.5331529968734933 0.9109625810166238 0.5331529968734933 0.9109625810166238 0.5455568305891286 0.858347528205924 0.5455568305891286
5 0.8583475282059237 0.5813090571812539 0.9130259164209648 0.5813090571812539 0.9130259164209648 0.5951721654516697 0.8583475282059237 0.5951721654516697
5 0.8583475282059237 0.6272762056568434 0.9088992456122823 0.6272762056568434 0.9088992456122823 0.6440578630368206 0.8583475282059237 0.6440578630368206
19 0.3976610052002966 0.7539496899280392 0.433300434911644 0.7539496899280392 0.433300434911644 0.7692057420916546 0.3976610052002966 0.7692057420916546
17 0.5571005591721137 0.7798186479446048 0.6424476145334982 0.7798186479446048 0.6424476145334982 0.7957380067240296 0.5571005591721137 0.7957380067240296
18 0.6827764428910753 0.7798186479446048 0.7521795428552781 0.7798186479446048 0.7521795428552781 0.7930847802607921 0.6827764428910753 0.7930847802607921
16 0.8262720414657105 0.7778287280971764 0.9163084954733248 0.7778287280971764 0.9163084954733248 0.7944113934924111 0.8262720414657105 0.7944113934924111
