4 0.21337641829926607 0.02511212340885864 0.3268483080959282 0.02511212340885864 0.3268483080959282 0.0469197049977817 0.21337641829926607 0.0469197049977817
3 0.47978859374805866 0.05564273763335068 0.598194422714408 0.05564273763335068 0.598194422714408 0.07570581713916386 0.47978859374805866 0.07570581713916386
14 0.0851038893794761 0.21178502181004005 0.18377506547162226 0.21178502181004005 0.18377506547162226 0.23010339034473543 0.0851038893794761 0.23010339034473543
13 0.08017033057486879 0.2292310870811785 0.3317818296098416 0.2292310870811785 0.3317818296098416 0.2615063078327846 0.08017033057486879 0.2615063078327846
15 0.14924015383937111 0.2754631600496954 0.2590118372418838 0.2754631600496954 0.2590118372418838 0.29029231553016305 0.14924015383937111 0.29029231553016305
12 0.13690629411854677 0.2920369481682777 0.3860510137512159 0.2920369481682777 0.3860510137512159 0.30773840691230225 0.13690629411854677 0.30773840691230225
1 0.5032229980699456 0.21440193160071078 0.6203950196793692 0.21440193160071078 0.6203950196793692 0.2292310870811785 0.5032229980699456 0.2292310870811785
0 0.5044563877710975 0.23010339034473543 0.7622348353118293 0.23010339034473543 0.7622348353118293 0.2641232176234554 0.5044563877710975 0.2641232176234554
2 0.5673592625298407 0.2754631600496954 0.6771309459323533 0.2754631600496954 0.6771309459323533 0.29116461879372 0.5673592625298407 0.29116461879372
6 0.14677337443706748 0.3975856169476646 0.35274945452942263 0.3975856169476646 0.35274945452942263 0.4220101083272584 0.14677337443706748 0.4220101083272584
6 0.1406063886406144 0.43247776054544185 0.3626165348479434 0.43247776054544185 0.3626165348479434 0.47260371066906043 0.1406063886406144 0.47260371066906043
6 0.1455399847359156 0.4821990335126852 0.3354820882109626 0.4821990335126852 0.3354820882109626 0.5214526803727466 0.1455399847359156 0.5214526803727466
6 0.14183981563246018 0.528431106481203 0.32561488110408254 0.528431106481203 0.32561488110408254 0.5572171141785813 0.14183981563246018 0.5572171141785813
9 0.39961826317319216 0.3949687071569937 0.44278690271350607 0.3949687071569937 0.44278690271350607 0.4080532561103477 0.39961826317319216 0.4080532561103477
9 0.40085165287434393 0.42811623117215686 0.44772046151811334 0.42811623117215686 0.44772046151811334 0.4481792062339661 0.40085165287434393 0.4481792062339661
9 0.40085165287434393 0.47434830414067375 0.44402029241465796 0.47434830414067375 0.44402029241465796 0.5022620085744951 0.40085165287434393 0.5022620085744951
9 0.40578521167895126 0.5223249836363044 0.44402029241465796 0.5223249836363044 0.44402029241465796 0.549366384806569 0.40578521167895126 0.549366384806569
10 0.46622130703539083 0.3975856169476646 0.5056897774722492 0.3975856169476646 0.5056897774722492 0.40979786263746143 0.46622130703539083 0.40979786263746143
10 0.46252113793193533 0.4342223540170553 0.5056897774722492 0.4342223540170553 0.5056897774722492 0.4560299356059783 0.46252113793193533 0.4560299356059783
10 0.46252113793193533 0.48045442698557217 0.5056897774722492 0.48045442698557217 0.5056897774722492 0.49964509878382446 0.46252113793193533 0.49964509878382446
10 0.46252113793193533 0.5345372293261014 0.4995228289664902 0.5345372293261014 0.4995228289664902 0.550238688070126 0.46252113793193533 0.550238688070126
7 0.5772263801390553 0.392351797366323 0.620395019679369 0.392351797366323 0.620395019679369 0.40979786263746143 0.5772263801390553 0.40979786263746143
7 0.5735261737449057 0.43422241929455746 0.6166948132852197 0.43422241929455746 0.6166948132852197 0.451668484565696 0.5735261737449057 0.451668484565696
7 0.5735262110355998 0.4830713367762429 0.6166948505759138 0.4830713367762429 0.6166948505759138 0.4952835824660399 0.5735262110355998 0.4952835824660399
7 0.5809265492425107 0.527558803217646 0.6240951887828249 0.527558803217646 0.6240951887828249 0.5432602619616705 0.5809265492425107 0.5432602619616705
8 0.6709639974265942 0.392351797366323 0.7104324678634527 0.392351797366323 0.7104324678634527 0.41415937895524607 0.6709639974265942 0.41415937895524607
8 0.6734307768288978 0.42724392790859983 0.7202995854726673 0.42724392790859983 0.7202995854726673 0.45166841928819373 0.6734307768288978 0.45166841928819373
8 0.6721974244184399 0.4760930020562906 0.7227664021656648 0.4760930020562906 0.7227664021656648 0.5013897966994413 0.6721974244184399 0.5013897966994413
8 0.6758975562312015 0.5231972868998613 0.7227663648749708 0.5231972868998613 0.7227663648749708 0.5432602619616705 0.6758975562312015 0.5432602619616705
11 0.7708685632198923 0.3958410104205507 0.8177373718636616 0.3958410104205507 0.8177373718636616 0.4167762887459169 0.7708685632198923 0.4167762887459169
11 0.7696351735187403 0.4324777474899414 0.8091036439555989 0.4324777474899414 0.8091036439555989 0.45166841928819373 0.7696351735187403 0.45166841928819373
11 0.765935004415285 0.47609291066778753 0.8177373718636617 0.47609291066778753 0.8177373718636617 0.49964509878382446 0.765935004415285 0.49964509878382446
11 0.765935004415285 0.5310480162718737 0.8128038130590545 0.5310480162718737 0.8128038130590545 0.549366384806569 0.765935004415285 0.549366384806569
5 0.8621394011051272 0.3932241006298799 0.9102415994500486 0.3932241006298799 0.9102415994500486 0.4124147724281321 0.8621394011051272 0.4124147724281321
5 0.8621394011051272 0.42986083769927064 0.9127083788523522 0.42986083769927064 0.9127083788523522 0.44905150949752287 0.8621394011051272 0.44905150949752287
5 0.8584392320016718 0.47609291066778753 0.9114749891512004 0.47609291066778753 0.9114749891512004 0.5022620085744952 0.8584392320016718 0.5022620085744952
5 0.8670729599097348 0.5310480162718737 0.9164085479558077 0.5310480162718737 0.9164085479558077 0.5476217782794552 0.8670729599097348 0.5476217782794552
19 0.39961826317319216 0.6400859242164888 0.44772046151811334 0.6400859242164888 0.44772046151811334 0.6584042927511843 0.39961826317319216 0.6584042927511843
17 0.5673592625298407 0.662765809068969 0.6462962034035578 0.662765809068969 0.6462962034035578 0.6810841776036646 0.5673592625298407 0.6810841776036646
18 0.6857646738404162 0.6662550221231969 0.757301276507222 0.6662550221231969 0.757301276507222 0.6837010873943351 0.6857646738404162 0.6837010873943351
16 0.838704996783243 0.6653827188596398 0.9139417685535044 0.6653827188596398 0.9139417685535044 0.6871903004485629 0.838704996783243 0.6871903004485629
