4 0.21230853979519118 0.02655771195097038 0.32351777492600553 0.02655771195097038 0.32351777492600553 0.04902962206332992 0.21230853979519118 0.04902962206332992
3 0.4852766623890083 0.05515832482124616 0.5979301733007423 0.05515832482124616 0.5979301733007423 0.07354443309499488 0.4852766623890083 0.07354443309499488
14 0.08665654685518007 0.2165474974463738 0.3495147389825596 0.2165474974463738 0.3495147389825596 0.229826353421859 0.08665654685518007 0.229826353421859
13 0.07510234060782271 0.23084773867040587 0.3264063264878449 0.23084773867040587 0.3264063264878449 0.2614912524599871 0.07510234060782271 0.2614912524599871
15 0.14587185387288643 0.27783452502553624 0.2599696405655402 0.27783452502553624 0.2599696405655402 0.2911133810010214 0.14587185387288643 0.2911133810010214
12 0.13431764762552909 0.2941777323799795 0.37984453038187266 0.2941777323799795 0.37984453038187266 0.3084780388151175 0.13431764762552909 0.3084780388151175
1 0.5017530269953572 0.21678715011833422 0.7418829837848633 0.21678715011833422 0.7418829837848633 0.23146378679908985 0.5017530269953572 0.23146378679908985
0 0.49952960146952824 0.23251213472237653 0.7404007001009775 0.23251213472237653 0.7404007001009775 0.2671070640413005 0.49952960146952824 0.2671070640413005
2 0.5662323672443913 0.27811452482006316 0.6781447853777722 0.27811452482006316 0.6781447853777722 0.2927911615008188 0.5662323672443913 0.2927911615008188
6 0.14410912527875278 0.39701619678680183 0.31561302258785834 0.39701619678680183 0.31561302258785834 0.42103891293605195 0.14410912527875278 0.42103891293605195
6 0.1446659561141719 0.4360037581495362 0.33231794765043354 0.4360037581495362 0.33231794765043354 0.4726284015784907 0.1446659561141719 0.4726284015784907
6 0.14355229444333356 0.4852304294250127 0.34846604187758967 0.4852304294250127 0.34846604187758967 0.5183107525221329 0.14355229444333356 0.5183107525221329
6 0.1452227869495911 0.5336694739600814 0.3534775193963621 0.5336694739600814 0.3534775193963621 0.5695064906486281 0.1452227869495911 0.5695064906486281
6 0.14188180193707603 0.5821085184951502 0.3640573052693265 0.5821085184951502 0.3640573052693265 0.6081002009286016 0.14188180193707603 0.6081002009286016
6 0.14188180193707603 0.6210960421453275 0.3607163202568115 0.6210960421453275 0.3607163202568115 0.6329104432514417 0.14188180193707603 0.6329104432514417
9 0.40526278709034536 0.396622421129155 0.44368411473426833 0.396622421129155 0.44368411473426833 0.4096182623458808 0.40526278709034536 0.4096182623458808
9 0.40526278709034536 0.4332470645581095 0.44089996055717245 0.4332470645581095 0.44089996055717245 0.44781815925565044 0.40526278709034536 0.44781815925565044
9 0.404149125419507 0.4840489893144011 0.44201362222801077 0.4840489893144011 0.44201362222801077 0.4958633904205156 0.404149125419507 0.4958633904205156
9 0.404149125419507 0.5317004071090623 0.4392294680509149 0.5317004071090623 0.4392294680509149 0.5446962483257881 0.404149125419507 0.5446962483257881
9 0.40526278709034536 0.5809270783845388 0.44089996055717245 0.5809270783845388 0.44089996055717245 0.5927414794906531 0.40526278709034536 0.5927414794906531
9 0.40359229458408774 0.6167640950730855 0.44869559225304084 0.6167640950730855 0.44869559225304084 0.6309413764004228 0.40359229458408774 0.6309413764004228
10 0.46205953230310104 0.3989853013503779 0.5021513524532817 0.3989853013503779 0.5021513524532817 0.41198114256710366 0.46205953230310104 0.41198114256710366
10 0.4659573481510353 0.4360037581495362 0.4993671982761857 0.4360037581495362 0.4993671982761857 0.44781815925565055 0.4659573481510353 0.44781815925565055
10 0.4637300248093587 0.486018043594568 0.5004808599470241 0.486018043594568 0.5004808599470241 0.49507580139266416 0.4637300248093587 0.49507580139266416
10 0.46428685564477784 0.5352447274408967 0.4993671982761857 0.5352447274408967 0.4993671982761857 0.5470591285470109 0.46428685564477784 0.5470591285470109
10 0.46428685564477784 0.583683734263409 0.5027081832887008 0.583683734263409 0.5027081832887008 0.5927414794906531 0.46428685564477784 0.5927414794906531
10 0.4642868556447778 0.6191269752943086 0.5015945216178623 0.6191269752943086 0.5015945216178623 0.6329104432514419 0.4642868556447778 0.6329104432514419
7 0.5756530227286126 0.39780386123976647 0.6112901961954397 0.39780386123976647 0.6112901961954397 0.4088306356054731 0.5756530227286126 0.4088306356054731
7 0.5711983760452591 0.432065624447498 0.6179721662204698 0.432065624447498 0.6179721662204698 0.44781815925565055 0.5711983760452591 0.44781815925565055
7 0.5812213310828043 0.4852304294250127 0.6163016737142123 0.4852304294250127 0.6163016737142123 0.49704483053112697 0.5812213310828043 0.49704483053112697
7 0.5739825302223551 0.5336694739600814 0.6140743503725355 0.5336694739600814 0.6140743503725355 0.546665315176807 0.5739825302223551 0.546665315176807
7 0.5723120377160975 0.5844713987163731 0.6213131512329848 0.5844713987163731 0.6213131512329848 0.5962857998224875 0.5723120377160975 0.5962857998224875
7 0.5823349927536426 0.617945535183697 0.6224268129038231 0.617945535183697 0.6224268129038231 0.6329104432514417 0.5823349927536426 0.6329104432514417
8 0.6758825731040641 0.39701623449935874 0.7165312240896636 0.39701623449935874 0.7165312240896636 0.40843685994782575 0.6758825731040641 0.40843685994782575
8 0.6747689114332255 0.43560994477933235 0.724326855785532 0.43560994477933235 0.724326855785532 0.44545527903442755 0.6747689114332255 0.44545527903442755
8 0.6775530656103211 0.48562420508266 0.7243268557855326 0.48562420508266 0.7243268557855326 0.4982262706417382 0.6775530656103211 0.4982262706417382
8 0.673098418926968 0.5340632873302852 0.7232131941146936 0.5340632873302852 0.7232131941146936 0.5458776884363996 0.673098418926968 0.5458776884363996
8 0.669757433914453 0.5825023318653539 0.7198722091021786 0.5825023318653539 0.7198722091021786 0.595104359711876 0.669757433914453 0.595104359711876
8 0.6814508814582555 0.6187331619241045 0.7198722091021785 0.6187331619241045 0.7198722091021785 0.6333042566216458 0.6814508814582555 0.6333042566216458
11 0.7727711384670002 0.39701623449935886 0.80673781942757 0.39701623449935886 0.80673781942757 0.41355639604791894 0.7727711384670002 0.41355639604791894
11 0.7699869842899044 0.4360037581495362 0.8084083119338272 0.4360037581495362 0.8084083119338272 0.44978722610666966 0.7699869842899044 0.44978722610666966
11 0.7716574767961617 0.4832613625739936 0.8061809885921505 0.4832613625739936 0.8061809885921505 0.5009829642331651 0.7716574767961617 0.5009829642331651
11 0.7683164917836467 0.5328818472196737 0.8033968344150547 0.5328818472196737 0.8033968344150547 0.5466653151768072 0.7683164917836467 0.5466653151768072
11 0.7711006459607426 0.5832899586057616 0.80673781942757 0.5832899586057616 0.80673781942757 0.597467239933099 0.7711006459607426 0.597467239933099
11 0.7716574767961617 0.6199146020347162 0.8061809885921505 0.6199146020347162 0.8061809885921505 0.63684857695348 0.7716574767961617 0.63684857695348
5 0.8629777338049064 0.3958347943887474 0.9130925089926322 0.3958347943887474 0.9130925089926322 0.4107997024564922 0.8629777338049064 0.4107997024564922
5 0.8663187188174214 0.4336408779283133 0.9119788473217935 0.4336408779283133 0.9119788473217935 0.448999599366262 0.8663187188174214 0.448999599366262
5 0.8646482263111638 0.48168610909317827 0.9080810314738594 0.48168610909317827 0.9080810314738594 0.4958633904205156 0.8646482263111638 0.4958633904205156
5 0.8585230871215529 0.53248803384947 0.9114220164863744 0.53248803384947 0.9114220164863744 0.5458776884363996 0.8585230871215529 0.5458776884363996
5 0.8546252712736186 0.5825023318653539 0.9086378623092786 0.5825023318653539 0.9086378623092786 0.5939229196012646 0.8546252712736186 0.5939229196012646
5 0.8730006888424515 0.6187331619241045 0.9136493398280512 0.6187331619241045 0.9136493398280512 0.6340918833620534 0.8730006888424515 0.6340918833620534
19 0.3981340473247093 0.7197539498964612 0.4403975077330247 0.7197539498964612 0.4403975077330247 0.7340493752348596 0.3981340473247093 0.7340493752348596
17 0.5653503472010873 0.7444460482082402 0.6413020731522626 0.7444460482082402 0.6413020731522626 0.7583082788394143 0.5653503472010873 0.7583082788394143
18 0.6884656449122667 0.7444460482082402 0.7619673151875976 0.7444460482082402 0.7619673151875976 0.7583082788394143 0.6884656449122667 0.7583082788394143
16 0.8354689854629285 0.741846879964895 0.9150957949278706 0.741846879964895 0.9150957949278706 0.7609074470827596 0.8354689854629285 0.7609074470827596
