4 0.20817814922266703 0.02355712603062426 0.33308503875626727 0.02355712603062426 0.33308503875626727 0.04711425206124852 0.20817814922266703 0.04711425206124852
3 0.4796424558090248 0.05771495877502944 0.5995530697612811 0.05771495877502944 0.5995530697612811 0.0800942285041225 0.4796424558090248 0.0800942285041225
14 0.08160583449528547 0.21319199057714958 0.18319677131594697 0.21319199057714958 0.18319677131594697 0.2296819787985866 0.08160583449528547 0.2296819787985866
13 0.08065964515274315 0.2304566650184935 0.33091136472920224 0.2304566650184935 0.33091136472920224 0.2633676892089081 0.08065964515274315 0.2633676892089081
15 0.1468419180985836 0.2765320988850739 0.2533540136207955 0.2765320988850739 0.2533540136207955 0.2911592207474804 0.1468419180985836 0.2911592207474804
12 0.13339864390645975 0.29189057684060077 0.38985495157159133 0.29189057684060077 0.38985495157159133 0.3072490547961275 0.13339864390645975 0.3072490547961275
1 0.5025716351824759 0.2150981870629667 0.5759925942317676 0.2150981870629667 0.5759925942317676 0.22826259673913257 0.5025716351824759 0.22826259673913257
0 0.5015375371676971 0.23338208939097485 0.6835387877687583 0.23338208939097485 0.6835387877687583 0.26336768920890813 0.5015375371676971 0.26336768920890813
2 0.5646175160692013 0.27360667451259263 0.6783682976948645 0.27360667451259263 0.6783682976948645 0.29189057684060077 0.5646175160692013 0.29189057684060077
6 0.14063733000991105 0.39720585424992744 0.35986610914300743 0.39720585424992744 0.35986610914300743 0.42280331750913863 0.14063733000991105 0.42280331750913863
6 0.14477372206902608 0.4359677271853045 0.3640025012021225 0.4359677271853045 0.3640025012021225 0.4710728196550801 0.14477372206902608 0.4710728196550801
6 0.14580782008380483 0.48423722933124586 0.3453887369361049 0.48423722933124586 0.3453887369361049 0.5200736778941417 0.14580782008380483 0.5200736778941417
6 0.14477372206902608 0.5310440192909467 0.3609002071577863 0.5310440192909467 0.3609002071577863 0.5559101264570376 0.14477372206902608 0.5559101264570376
9 0.40226412774893644 0.40013127862240866 0.4498326364287592 0.40013127862240866 0.4498326364287592 0.4103702639260931 0.40226412774893644 0.4103702639260931
9 0.40329822576371527 0.43304230281282313 0.446730342384423 0.43304230281282313 0.446730342384423 0.4462067124889891 0.40329822576371527 0.4462067124889891
9 0.40226412774893644 0.48423722933124586 0.446730342384423 0.48423722933124586 0.446730342384423 0.49740163900741174 0.40226412774893644 0.49740163900741174
9 0.4012300297341577 0.5317753753840669 0.446730342384423 0.5317753753840669 0.446730342384423 0.5427457167808718 0.4012300297341577 0.5427457167808718
10 0.46120771459132553 0.396474498156807 0.5129126153302636 0.396474498156807 0.5129126153302636 0.4096389078329729 0.46120771459132553 0.4096389078329729
10 0.4632759106208832 0.4352363710921842 0.5098103212859272 0.4352363710921842 0.5098103212859272 0.4476694246752297 0.4632759106208832 0.4476694246752297
10 0.4653441066504407 0.48277451714500524 0.5149808113598209 0.48277451714500524 0.5149808113598209 0.4974016390074118 0.4653441066504407 0.4974016390074118
10 0.4653441066504407 0.5339694436634279 0.5087762232711485 0.5339694436634279 0.5087762232711485 0.5464024972464734 0.4653441066504407 0.5464024972464734
7 0.5811630843056614 0.396474498156807 0.6245952009263692 0.396474498156807 0.6245952009263692 0.4111016200192135 0.5811630843056614 0.4111016200192135
7 0.5780607902613251 0.43157959062658263 0.6245952009263691 0.43157959062658263 0.6245952009263691 0.4469380685821095 0.5780607902613251 0.4469380685821095
7 0.5749584962169889 0.4849685854243664 0.6256292989411479 0.4849685854243664 0.6256292989411479 0.4966702829142915 0.5749584962169889 0.4966702829142915
7 0.5718562021726527 0.5317753753840669 0.617356514822918 0.5317753753840669 0.617356514822918 0.5442084289671124 0.5718562021726527 0.5442084289671124
8 0.6804364937244223 0.3950117859705664 0.7176640222564574 0.3950117859705664 0.7176640222564574 0.4111016200192135 0.6804364937244223 0.4111016200192135
8 0.6866410818130947 0.432310946719703 0.7197322182860149 0.432310946719703 0.7197322182860149 0.4476694246752297 0.6866410818130947 0.4476694246752297
8 0.6794023957096433 0.48423722933124586 0.7197322182860149 0.48423722933124586 0.7197322182860149 0.49740163900741174 0.6794023957096433 0.49740163900741174
8 0.6752660036505282 0.5310440192909467 0.7207663163007936 0.5310440192909467 0.7207663163007936 0.5464024972464734 0.6752660036505282 0.5464024972464734
11 0.765279146924925 0.39622045574185905 0.8056796704174086 0.39622045574185905 0.8056796704174086 0.411056379494112 0.765279146924925 0.411056379494112
11 0.7769331440862185 0.43358500445123693 0.8157798012905294 0.43358500445123693 0.8157798012905294 0.44842092820348983 0.7769331440862185 0.44842092820348983
11 0.7707176789335286 0.48248860496792273 0.8142259350023568 0.48248860496792273 0.8142259350023568 0.49787400737766646 0.7707176789335286 0.49787400737766646
11 0.7676099463571837 0.5324911627995902 0.8118951355700982 0.5324911627995902 0.8118951355700982 0.5473270865518431 0.7676099463571837 0.5473270865518431
5 0.8616188567916161 0.39457201976938644 0.9136733774453927 0.39457201976938644 0.9136733774453927 0.4132542941240754 0.8616188567916161 0.4132542941240754
5 0.8709420545206509 0.43303552579374605 0.9152272437335655 0.43303552579374605 0.9152272437335655 0.4473219708885083 0.8709420545206509 0.4473219708885083
5 0.8647265893679611 0.48468651959788617 0.9105656448690479 0.48468651959788617 0.9105656448690479 0.4967750500626848 0.8647265893679611 0.4967750500626848
5 0.8639496562238748 0.5341395987720627 0.9113425780131342 0.5341395987720627 0.9113425780131342 0.5456786505793706 0.8639496562238748 0.5456786505793706
19 0.39976741777527225 0.6470171637151966 0.4407329835543637 0.6470171637151966 0.4407329835543637 0.6590057889695425 0.39976741777527225 0.6590057889695425
17 0.5657485894664188 0.6709944142238885 0.6427356010167805 0.6709944142238885 0.6427356010167805 0.6844816176350276 0.5657485894664188 0.6844816176350276
18 0.6893515896619536 0.6704948881716238 0.751506241188851 0.6704948881716238 0.751506241188851 0.6849811436872917 0.6893515896619536 0.6849811436872917
16 0.8369688870383349 0.6689963100148304 0.9139558985886967 0.6689963100148304 0.9139558985886967 0.6829830394782342 0.8369688870383349 0.6829830394782342
