4 0.21263073290191067 0.022884078245423385 0.33127251865152746 0.022884078245423385 0.33127251865152746 0.05339618257265459 0.21263073290191067 0.05339618257265459
3 0.4791895502354652 0.05121674654928092 0.617861767345407 0.05121674654928092 0.617861767345407 0.08826715894663308 0.4791895502354652 0.08826715894663308
14 0.08474413267829772 0.21140529426724464 0.1756514750059262 0.21140529426724464 0.1756514750059262 0.22993050046592073 0.08474413267829772 0.22993050046592073
13 0.08323438530213637 0.2308131496589622 0.33676440949829894 0.2308131496589622 0.33676440949829894 0.2639679779882831 0.08323438530213637 0.2639679779882831
15 0.1482911462279441 0.27411741523195277 0.2621404778481076 0.27411741523195277 0.2621404778481076 0.2896798856722463 0.1482911462279441 0.2896798856722463
12 0.1387239755035606 0.29035651482182423 0.39416743384459973 0.29035651482182423 0.39416743384459973 0.3113320184587414 0.1387239755035606 0.3113320184587414
1 0.5013197459576949 0.21254416262035689 0.6371735702439404 0.21254416262035689 0.6371735702439404 0.23013652050938427 0.5013197459576949 0.23013652050938427
0 0.5013197459576949 0.23284303710769613 0.7414557311397204 0.23284303710769613 0.7414557311397204 0.2632913488387051 0.5013197459576949 0.2632913488387051
2 0.5635063556661876 0.2754706735311087 0.6850094238658577 0.2754706735311087 0.6850094238658577 0.2937396605697141 0.5635063556661876 0.2937396605697141
6 0.14238820189099952 0.3943611814034551 0.35191880792572233 0.3943611814034551 0.35191880792572233 0.4361159662239121 0.14238820189099952 0.4361159662239121
6 0.14007294657569871 0.4434844576628162 0.3542340632410232 0.4434844576628162 0.3542340632410232 0.48769540629624114 0.14007294657569871 0.48769540629624114
6 0.13775769126039789 0.4926077339221773 0.3507611802680719 0.4926077339221773 0.3507611802680719 0.5343625187426343 0.13775769126039789 0.5343625187426343
6 0.13544243594509708 0.5425497314525278 0.35539169089867356 0.5425497314525278 0.35539169089867356 0.582667073731006 0.13544243594509708 0.582667073731006
6 0.13660006360274748 0.5892168438989207 0.36928322279047837 0.5892168438989207 0.36928322279047837 0.6293341861773991 0.13660006360274748 0.6293341861773991
6 0.14238820189099952 0.6416150052422396 0.3368696483762671 0.6416150052422396 0.3368696483762671 0.6694515284558775 0.14238820189099952 0.6694515284558775
9 0.4040120525199905 0.3927237388614763 0.44452902053775456 0.3927237388614763 0.44452902053775456 0.4172853769911569 0.4040120525199905 0.4172853769911569
9 0.4005391695470393 0.44512190020479486 0.44915953116835616 0.44512190020479486 0.44915953116835616 0.4639524894375499 0.4005391695470393 0.4639524894375499
9 0.3959086589164377 0.4934264551931667 0.4480019035107058 0.4934264551931667 0.4480019035107058 0.5106196018839431 0.3959086589164377 0.5106196018839431
9 0.39706628657408805 0.5425497314525278 0.4480019035107058 0.5425497314525278 0.4480019035107058 0.5605615994142936 0.39706628657408805 0.5605615994142936
9 0.4005391695470393 0.5892168438989207 0.44915953116835616 0.5892168438989207 0.44915953116835616 0.6129597607576119 0.4005391695470393 0.6129597607576119
9 0.40169679720468965 0.6399775627002607 0.4468442758530554 0.6399775627002607 0.4468442758530554 0.6588081519330158 0.40169679720468965 0.6588081519330158
10 0.4676815736907626 0.3943611814034551 0.5047256587355755 0.3943611814034551 0.5047256587355755 0.41401049190719946 0.4676815736907626 0.41401049190719946
10 0.46420869071781135 0.44184701512083746 0.505883286393226 0.44184701512083746 0.505883286393226 0.4647712107085394 0.46420869071781135 0.4647712107085394
10 0.4653663183754617 0.49097029138019865 0.5058832863932259 0.49097029138019865 0.5058832863932259 0.5114383231549324 0.4653663183754617 0.5114383231549324
10 0.45957818008720985 0.5425497314525278 0.5047256587355756 0.5425497314525278 0.5047256587355756 0.5638364844982511 0.45957818008720985 0.5638364844982511
10 0.4618934354025106 0.5908542864408997 0.5047256587355756 0.5908542864408997 0.5047256587355756 0.6121410394866228 0.4618934354025106 0.6121410394866228
10 0.46420869071781135 0.6399775627002607 0.5105137970238275 0.6399775627002607 0.5105137970238275 0.6579894306620264 0.46420869071781135 0.6579894306620264
7 0.5475578820686403 0.39190501759048696 0.6262765627888676 0.39190501759048696 0.6262765627888676 0.4156479344491782 0.5475578820686403 0.4156479344491782
7 0.5626070416180956 0.44512190020479486 0.6262765627888677 0.44512190020479486 0.6262765627888677 0.46640865325051806 0.5626070416180956 0.46640865325051806
7 0.5591341586451444 0.4926077339221773 0.6216460521582661 0.4926077339221773 0.6216460521582661 0.5138944869679005 0.5591341586451444 0.5138944869679005
7 0.563764669275746 0.5392748463685705 0.6239613074735669 0.5392748463685705 0.6239613074735669 0.5630177632272616 0.563764669275746 0.5630177632272616
7 0.5510307650415915 0.5892168438989207 0.6228036798159164 0.5892168438989207 0.6228036798159164 0.6121410394866228 0.5510307650415915 0.6121410394866228
7 0.5394544884650875 0.6407962839712501 0.621646052158266 0.6407962839712501 0.621646052158266 0.6596268732040053 0.5394544884650875 0.6596268732040053
8 0.6424833499959733 0.3943611814034551 0.7269901690044528 0.3943611814034551 0.7269901690044528 0.4148292131781888 0.6424833499959733 0.4148292131781888
8 0.656374881887778 0.44430317893380544 0.7269901690044528 0.44430317893380544 0.7269901690044528 0.461496325624582 0.656374881887778 0.461496325624582
8 0.6517443712571765 0.4934264551931667 0.7188867754008998 0.4934264551931667 0.7188867754008998 0.5122570444259218 0.6517443712571765 0.5122570444259218
8 0.6505867435995262 0.5417310101815385 0.7281477966621032 0.5417310101815385 0.7281477966621032 0.5597428781433043 0.6505867435995262 0.5597428781433043
8 0.6540596265724774 0.591673007711889 0.7258325413468023 0.591673007711889 0.7258325413468023 0.6121410394866228 0.6540596265724774 0.6121410394866228
8 0.6436409776536238 0.6407962839712501 0.7223596583738512 0.6407962839712501 0.7223596583738512 0.6588081519330159 0.6436409776536238 0.6588081519330159
11 0.7651918817069161 0.3943611814034551 0.8161274986435338 0.3943611814034551 0.8161274986435338 0.41401049190719946 0.7651918817069161 0.41401049190719946
11 0.7686647646798673 0.44512190020479486 0.8161274986435338 0.44512190020479486 0.8161274986435338 0.4631337681665607 0.7686647646798673 0.4631337681665607
11 0.7675071370222168 0.4926077339221773 0.8161274986435337 0.4926077339221773 0.8161274986435337 0.5138944869679005 0.7675071370222168 0.5138944869679005
11 0.7663495093645664 0.5417310101815385 0.8126546156705827 0.5417310101815385 0.8126546156705827 0.5630177632272616 0.7663495093645664 0.5630177632272616
11 0.7663495093645664 0.5892168438989207 0.8184427539588344 0.5892168438989207 0.8184427539588344 0.6121410394866228 0.7663495093645664 0.6121410394866228
11 0.7651918817069161 0.6399775627002607 0.8161274986435338 0.6399775627002607 0.8161274986435338 0.6620830370169732 0.7651918817069161 0.6620830370169732
5 0.8311766581929889 0.3951799026744444 0.9133682218861676 0.3951799026744444 0.9133682218861676 0.41646665572016756 0.8311766581929889 0.41646665572016756
5 0.839280051796542 0.44512190020479486 0.912210594228517 0.44512190020479486 0.912210594228517 0.4631337681665607 0.839280051796542 0.4631337681665607
5 0.8381224241388914 0.4950638977351454 0.9110529665708669 0.4950638977351454 0.9110529665708669 0.5138944869679006 0.8381224241388914 0.5138944869679006
5 0.8323342858506393 0.5400935676395598 0.9110529665708669 0.5400935676395598 0.9110529665708669 0.5597428781433041 0.8323342858506393 0.5597428781433041
5 0.8427529347694929 0.5908542864408997 0.9156834772014681 0.5908542864408997 0.9156834772014681 0.6121410394866228 0.8427529347694929 0.6121410394866228
5 0.83464954116594 0.6399775627002607 0.9110529665708667 0.6399775627002607 0.9110529665708667 0.6596268732040051 0.83464954116594 0.6596268732040051
19 0.3959086589164377 0.7505049342838234 0.4468442758530554 0.7505049342838234 0.4468442758530554 0.7717916873295465 0.3959086589164377 0.7717916873295465
17 0.529035839546234 0.775066572413504 0.6471138606265752 0.775066572413504 0.6471138606265752 0.7988094892721952 0.529035839546234 0.7988094892721952
18 0.6575325095454285 0.775066572413504 0.7570884881033633 0.775066572413504 0.7570884881033633 0.8004469318141738 0.6575325095454285 0.8004469318141738
16 0.8068664773823305 0.7742478511425145 0.9179987325167693 0.7742478511425145 0.9179987325167693 0.7988094892721952 0.8068664773823305 0.7988094892721952
