4 0.2098435744164484 0.028268551236749116 0.33308503875626727 0.028268551236749116 0.33308503875626727 0.048292108362779744 0.2098435744164484 0.048292108362779744
3 0.47631160542146217 0.05771495877502944 0.6028839201488437 0.05771495877502944 0.6028839201488437 0.08127208480565369 0.47631160542146217 0.08127208480565369
14 0.07994040930150415 0.20848056537102477 0.3264233379811419 0.20848056537102477 0.3264233379811419 0.23085983510011782 0.07994040930150415 0.23085983510011782
13 0.08160583449528548 0.2332155477031802 0.3297541883687046 0.2332155477031802 0.3297541883687046 0.2661955241460542 0.08160583449528548 0.2661955241460542
15 0.14822284224653892 0.270906949352179 0.2614717554236698 0.270906949352179 0.2614717554236698 0.2897526501766785 0.14822284224653892 0.2897526501766785
12 0.12990316511494424 0.29328621908127206 0.376386093794582 0.29328621908127206 0.376386093794582 0.3074204946996466 0.12990316511494424 0.3074204946996466
1 0.49709091570414826 0.21306753547340443 0.6290418223899176 0.21306753547340443 0.6290418223899176 0.22835287781961922 0.49709091570414826 0.22835287781961922
0 0.5005034391529183 0.23317982803421333 0.7564426978106605 0.23317982803421333 0.7564426978106605 0.26214152932177814 0.5005034391529183 0.26214152932177814
2 0.5653413846795463 0.2742089048582635 0.6779546584889529 0.2742089048582635 0.6779546584889529 0.2927122140142077 0.5653413846795463 0.2927122140142077
6 0.13877595358330913 0.39407816852068456 0.3503524074070427 0.39407816852068456 0.3503524074070427 0.4246488532131141 0.13877595358330913 0.4246488532131141
6 0.13877595358330902 0.43591173704716646 0.3628649933858656 0.43591173704716646 0.3628649933858656 0.46889589684689303 0.13877595358330902 0.46889589684689303
6 0.13877595358330913 0.48096327238337894 0.30712711038929075 0.48096327238337894 0.30712711038929075 0.4970531064320261 0.13877595358330913 0.4970531064320261
9 0.40267776695484786 0.39327367681825215 0.44704057178885653 0.39327367681825215 0.44704057178885653 0.41338596937906097 0.40267776695484786 0.41338596937906097
9 0.4049527825873611 0.43188927853500514 0.45272811087013964 0.43188927853500514 0.45272811087013964 0.45039258769094936 0.4049527825873611 0.45039258769094936
9 0.4015402591385912 0.4777453055736495 0.4459030639725999 0.4777453055736495 0.4459030639725999 0.49705310643202605 0.4015402591385912 0.49705310643202605
10 0.46182817340019283 0.399709610437711 0.5061909782342014 0.399709610437711 0.5061909782342014 0.4117769859741963 0.46182817340019283 0.4117769859741963
10 0.46410318903270603 0.4375207204520318 0.519841072029281 0.4375207204520318 0.519841072029281 0.4503925876909494 0.46410318903270603 0.4503925876909494
10 0.46524069684896263 0.4857902225979731 0.5061909782342013 0.4857902225979731 0.5061909782342013 0.49946658153932316 0.46524069684896263 0.49946658153932316
7 0.5801289862908825 0.3956871519255492 0.6210792676761212 0.3956871519255492 0.6210792676761212 0.4149949527839258 0.5801289862908825 0.4149949527839258
7 0.5687539081283162 0.42947580342770814 0.6244917911248911 0.42947580342770814 0.6244917911248911 0.4511970793933818 0.5687539081283162 0.4511970793933818
7 0.5744414472095993 0.48096327238337894 0.6290418223899177 0.48096327238337894 0.6290418223899177 0.49866208983689086 0.5744414472095993 0.49866208983689086
8 0.674542135040183 0.39327367681825215 0.7211799555067049 0.39327367681825215 0.7211799555067049 0.4182129195936552 0.674542135040183 0.4182129195936552
8 0.6756796428564397 0.43269377023743755 0.724592478955475 0.43269377023743755 0.724592478955475 0.44717462088121995 0.6756796428564397 0.44717462088121995
8 0.6711296115914128 0.4833767474906759 0.7177674320579347 0.4833767474906759 0.7177674320579347 0.49946658153932305 0.6711296115914128 0.49946658153932305
11 0.7689552837894834 0.3956871519255492 0.8064930417259523 0.3956871519255492 0.8064930417259523 0.4125814776766287 0.7689552837894834 0.4125814776766287
11 0.7689552837894834 0.43188927853500514 0.8144555964397487 0.43188927853500514 0.8144555964397487 0.44797911258365236 0.7689552837894834 0.44797911258365236
11 0.7666802681569702 0.48015878068094664 0.8053555339096957 0.48015878068094664 0.8053555339096957 0.4970531064320261 0.7666802681569702 0.4970531064320261
5 0.8701934794363226 0.39649164362798056 0.9156937920865891 0.39649164362798056 0.9156937920865891 0.41258147767662756 0.8701934794363226 0.41258147767662756
5 0.8656434481712971 0.43510724534473466 0.9111437608215625 0.43510724534473466 0.9111437608215625 0.4511970793933818 0.8656434481712971 0.4511970793933818
5 0.8667809559875538 0.48337674749067605 0.9145562842703324 0.48337674749067605 0.9145562842703324 0.4970531064320261 0.8667809559875538 0.4970531064320261
19 0.4015402591385912 0.5855471936995852 0.44249054052382997 0.5855471936995852 0.44249054052382997 0.5981034588436387 0.4015402591385912 0.5981034588436387
17 0.566478892495803 0.6088774530701235 0.6472419474500237 0.6088774530701235 0.6472419474500237 0.6249672871187709 0.566478892495803 0.6249672871187709
18 0.6870547210190058 0.6088774530701235 0.7553051899944039 0.6088774530701235 0.7553051899944039 0.6249672871187709 0.6870547210190058 0.6249672871187709
16 0.8394807683973946 0.6088774530701235 0.9145562842703324 0.6088774530701235 0.9145562842703324 0.6241627954163385 0.8394807683973946 0.6241627954163385
