4 0.20967624919581074 0.025049504152650795 0.32191471200062705 0.025049504152650795 0.32191471200062705 0.047729389005130775 0.20967624919581074 0.047729389005130775
3 0.48225537315036454 0.05732472490425694 0.5920270565528771 0.05732472490425694 0.5920270565528771 0.07913230649318 0.48225537315036454 0.07913230649318
14 0.08140372027602062 0.21433931234450296 0.24421116082806185 0.21433931234450296 0.24421116082806185 0.23004077108852758 0.08140372027602062 0.23004077108852758
13 0.0851038893794761 0.2309130743520845 0.2701123445522502 0.2309130743520845 0.2701123445522502 0.2675498114214752 0.0851038893794761 0.2675498114214752
15 0.14924015383937111 0.27627284405704444 0.2528448887361246 0.27627284405704444 0.2528448887361246 0.29110199953751215 0.14924015383937111 0.29110199953751215
12 0.1344394774255492 0.29110199953751215 0.38358419705821833 0.29110199953751215 0.38358419705821833 0.3085480648086506 0.1344394774255492 0.3085480648086506
1 0.4995228289664902 0.21259470581738912 0.6968651811507827 0.21259470581738912 0.6968651811507827 0.22829616456141372 0.4995228289664902 0.22829616456141372
0 0.49582263003047894 0.2326576547681974 0.6462961735710018 0.2326576547681974 0.6462961735710018 0.2579544233003471 0.49582263003047894 0.2579544233003471
2 0.5661258728286889 0.2754005407934875 0.6832978944381123 0.2754005407934875 0.6832978944381123 0.29633581911885365 0.5661258728286889 0.29633581911885365
6 0.1406063811824756 0.39490603567878396 0.3601497479875008 0.39490603567878396 0.3601497479875008 0.4341596825388454 0.1406063811824756 0.4341596825388454
6 0.1393730362301565 0.44201046413285977 0.3367153884144489 0.44201046413285977 0.3367153884144489 0.4725410783573521 0.1393730362301565 0.4725410783573521
6 0.14183981563246018 0.4830087175200351 0.32438149140293066 0.4830087175200351 0.32438149140293066 0.5013270860547305 0.14183981563246018 0.5013270860547305
6 0.14060642593130834 0.5091778154267428 0.3675501309432445 0.5091778154267428 0.3675501309432445 0.5336023068063366 0.14060642593130834 0.5336023068063366
6 0.14183981563246018 0.5466868557596904 0.32684827080523426 0.5466868557596904 0.32684827080523426 0.5554098883952597 0.14183981563246018 0.5554098883952597
6 0.14553998473591565 0.5684944373486135 0.34658250602366353 0.5684944373486135 0.34658250602366353 0.6068757809451183 0.14553998473591565 0.6068757809451183
6 0.13567286712670104 0.619088026634915 0.3564496236328782 0.619088026634915 0.3564496236328782 0.6557247637043057 0.13567286712670104 0.6557247637043057
9 0.40455182197779943 0.3931614813736721 0.44278690271350607 0.3931614813736721 0.44278690271350607 0.40973524338125356 0.40455182197779943 0.40973524338125356
9 0.40208504257549577 0.43939355434218896 0.44525368211580973 0.43939355434218896 0.44525368211580973 0.4594565294039982 0.40208504257549577 0.4594565294039982
9 0.40085165287434393 0.4830087175200351 0.4390867336100506 0.4830087175200351 0.4390867336100506 0.4943486599462751 0.40085165287434393 0.4943486599462751
9 0.40085165287434393 0.506560905636072 0.4390867336100506 0.506560905636072 0.4390867336100506 0.5240069709072105 0.40085165287434393 0.5240069709072105
9 0.3959180940697366 0.541453036178349 0.44402029241465785 0.541453036178349 0.44402029241465785 0.5597714047130442 0.3959180940697366 0.5597714047130442
9 0.4070186013801031 0.5702390438757273 0.4366199542077469 0.5702390438757273 0.4366199542077469 0.5876851091468658 0.4070186013801031 0.5876851091468658
9 0.4008516528743435 0.616471116844244 0.4415535503030482 0.616471116844244 0.4415535503030482 0.6321725886437692 0.4008516528743435 0.6321725886437692
10 0.45882092407964703 0.39577839116434277 0.5056897327234164 0.39577839116434277 0.5056897327234164 0.4097352433812535 0.45882092407964703 0.4097352433812535
10 0.46622130703539083 0.44549967718708744 0.5032229980699456 0.44549967718708744 0.5032229980699456 0.461201135931112 0.46622130703539083 0.461201135931112
10 0.46622130703539083 0.483881020783592 0.500756218667642 0.483881020783592 0.500756218667642 0.4969655697369458 0.46622130703539083 0.4969655697369458
10 0.46868808643769433 0.507433208899629 0.5044563877710975 0.507433208899629 0.5044563877710975 0.5231346676436535 0.46868808643769433 0.5231346676436535
10 0.46128774823078345 0.5449422492325766 0.5032229980699455 0.5449422492325766 0.5032229980699455 0.5554098883952597 0.46128774823078345 0.5554098883952597
10 0.46005435852963167 0.5711113471392842 0.5069231671734011 0.5711113471392842 0.5069231671734011 0.585940502619752 0.46005435852963167 0.585940502619752
10 0.46375452763308705 0.6182157233713581 0.500756218667642 0.6182157233713581 0.500756218667642 0.6330448788518258 0.46375452763308705 0.6330448788518258
7 0.5710594316332962 0.39403378463722905 0.6142280711736101 0.39403378463722905 0.6142280711736101 0.40973524338125356 0.5710594316332962 0.40973524338125356
7 0.5685926522309924 0.44201046413285977 0.6154614608747621 0.44201046413285977 0.6154614608747621 0.46120113593111206 0.5685926522309924 0.46120113593111206
7 0.5747596007367516 0.4795195044658074 0.6179282402770656 0.4795195044658074 0.6179282402770656 0.4987101762640597 0.5747596007367516 0.4987101762640597
7 0.5796931595413589 0.5109224219538566 0.6105279020701545 0.5109224219538566 0.6105279020701545 0.5248792741707674 0.5796931595413589 0.5248792741707674
7 0.5809265492425107 0.541453036178349 0.6154614608747621 0.541453036178349 0.6154614608747621 0.5554098883952597 0.5809265492425107 0.5554098883952597
7 0.5735262110355998 0.5667498308214997 0.61422807117361 0.5667498308214997 0.61422807117361 0.5833235928290812 0.5735262110355998 0.5833235928290812
7 0.5722928213344479 0.6112372972629027 0.6216284093805212 0.6112372972629027 0.6216284093805212 0.6365340919060534 0.5722928213344479 0.6365340919060534
8 0.6721973871277459 0.3914168748465583 0.7190661957715156 0.3914168748465583 0.7190661957715156 0.4088629401176968 0.6721973871277459 0.4088629401176968
8 0.6672637910324436 0.4446273739235304 0.7165994163692117 0.4446273739235304 0.7165994163692117 0.4620734391946689 0.6672637910324436 0.4620734391946689
8 0.6721973871277459 0.4786472012022505 0.7202995854726674 0.4786472012022505 0.7202995854726674 0.4943486599462751 0.6721973871277459 0.4943486599462751
8 0.6771309459323532 0.5056886023725151 0.7153660266680598 0.5056886023725151 0.7153660266680598 0.5222623643800967 0.6771309459323532 0.5222623643800967
8 0.6783643356335051 0.5458145524961335 0.7153660266680598 0.5458145524961335 0.7153660266680598 0.5580267981859305 0.6783643356335051 0.5580267981859305
8 0.6771309459323532 0.5658775275579427 0.7153660266680598 0.5658775275579427 0.7153660266680598 0.5841958960926381 0.6771309459323532 0.5841958960926381
8 0.6709639974265942 0.6182157233713581 0.7202995854726673 0.6182157233713581 0.7202995854726673 0.6374063951696103 0.6709639974265942 0.6374063951696103
11 0.7696351735187403 0.39403378463722905 0.8029366954498397 0.39403378463722905 0.8029366954498397 0.41584136622615203 0.7696351735187403 0.41584136622615203
11 0.7684017838175885 0.4795195044658074 0.807870254254447 0.4795195044658074 0.807870254254447 0.4943486599462751 0.7684017838175885 0.4943486599462751
11 0.7716583336213877 0.4461852655740163 0.803670360562013 0.4461852655740163 0.803670360562013 0.45988854749588576 0.7716583336213877 0.45988854749588576
11 0.7716583336213877 0.5099353162540181 0.8053552040852038 0.5099353162540181 0.8053552040852038 0.5236385981758876 0.7716583336213877 0.5236385981758876
11 0.7708159118597924 0.5403208544285983 0.8070400476083947 0.5403208544285983 0.8070400476083947 0.5599820850121504 0.7708159118597924 0.5599820850121504
11 0.7699734900981968 0.5695148028708422 0.8070400476083947 0.5695148028708422 0.8070400476083947 0.5873886488558895 0.7699734900981968 0.5873886488558895
5 0.8660095709200725 0.39554270194971575 0.9081306589998427 0.39554270194971575 0.9081306589998427 0.4104375736039218 0.8660095709200725 0.4104375736039218
5 0.8559005097809278 0.44439788097551153 0.9039185501918657 0.44439788097551153 0.9039185501918657 0.4616759320943906 0.8559005097809278 0.4616759320943906
5 0.8668519926816681 0.48252875241027904 0.9081306589998428 0.48252875241027904 0.9081306589998428 0.49563623946598034 0.8668519926816681 0.49563623946598034
5 0.8702216797280498 0.5087437265216815 0.9056033937150564 0.5087437265216815 0.9056033937150564 0.5242343930420558 0.8702216797280498 0.5242343930420558
5 0.8660095709200725 0.5432998287594396 0.9047609719534611 0.5432998287594396 0.9047609719534611 0.5570031106813091 0.8660095709200725 0.5570031106813091
5 0.8676944144432635 0.5718979823355151 0.9089730807614381 0.5718979823355151 0.9089730807614381 0.5850054693912164 0.8676944144432635 0.5850054693912164
19 0.3947588374836052 0.7421724435214301 0.4383120425580873 0.7421724435214301 0.4383120425580873 0.7565906792827015 0.3947588374836052 0.7565906792827015
17 0.570824985657044 0.7683874176328328 0.6440314367396843 0.7683874176328328 0.6440314367396843 0.7828056533941044 0.570824985657044 0.7828056533941044
18 0.684804650000902 0.7677320432800476 0.7533777813947674 0.7677320432800476 0.7533777813947674 0.7828056533941044 0.684804650000902 0.7828056533941044
16 0.838630830047761 0.7690428017944074 0.909984009288993 0.7690428017944074 0.909984009288993 0.7841164119084642 0.838630830047761 0.7841164119084642
