4 0.20715655624146578 0.02624317517720376 0.33046403019471915 0.02624317517720376 0.33046403019471915 0.04717310741515279 0.20715655624146578 0.04717310741515279
3 0.4794194587302493 0.05345208708653751 0.5977946337253727 0.05345208708653751 0.5977946337253727 0.08135866340380289 0.4794194587302493 0.08135866340380289
14 0.08286262249658631 0.21531022972667663 0.35019322602723973 0.21531022972667663 0.35019322602723973 0.22926351788530933 0.08286262249658631 0.22926351788530933
13 0.08286262249658631 0.23344950433289924 0.3492067662356138 0.23344950433289924 0.3492067662356138 0.2655420670977544 0.08286262249658631 0.2655420670977544
15 0.14500958936902603 0.27530936880879725 0.2633847643641493 0.27530936880879725 0.2633847643641493 0.2906579857832933 0.14500958936902603 0.2906579857832933
12 0.1302126924946356 0.29344863228000406 0.39261099706715896 0.29344863228000406 0.39261099706715896 0.3087972492545 0.1302126924946356 0.3087972492545
1 0.5030944937292741 0.2153102297266767 0.605686312058381 0.2153102297266767 0.605686312058381 0.22926351788530938 0.5030944937292741 0.22926351788530938
0 0.502108033937648 0.23414716874083086 0.7566146601771631 0.23414716874083086 0.7566146601771631 0.2634490738739595 0.502108033937648 0.2634490738739595
2 0.5682008399765918 0.2760070332167289 0.6767114170554549 0.2760070332167289 0.6767114170554549 0.29275097900708813 0.5682008399765918 0.29275097900708813
6 0.14500958936902603 0.39740064019683335 0.35413906519374383 0.39740064019683335 0.35413906519374383 0.4329815250013467 0.14500958936902603 0.4329815250013467
6 0.14500958936902603 0.44484178653113715 0.37485472081789045 0.44484178653113715 0.37485472081789045 0.48251566455944545 0.14500958936902603 0.48251566455944545
6 0.14402312957740002 0.4978643149389887 0.3393421683193535 0.4978643149389887 0.3393421683193535 0.543212501454545 0.14402312957740002 0.543212501454545
9 0.40444851456667125 0.39670297578890173 0.45771734331447683 0.39670297578890173 0.45771734331447683 0.41553991480305574 0.40444851456667125 0.41553991480305574
9 0.40444851456667125 0.4476324775679109 0.4468662856065905 0.4476324775679109 0.4468662856065905 0.46158576572654375 0.40444851456667125 0.46158576572654375
9 0.40444851456667125 0.491585335267604 0.44587982581496444 0.491585335267604 0.44587982581496444 0.5076316166500315 0.40444851456667125 0.5076316166500315
10 0.466595481439111 0.3994936334206283 0.500135114354396 0.3994936334206283 0.500135114354396 0.40995859953960273 0.466595481439111 0.40995859953960273
10 0.4616631824809808 0.4476324775679109 0.5080267926874041 0.4476324775679109 0.5080267926874041 0.45739977927895387 0.4616631824809808 0.45739977927895387
10 0.46067672268935483 0.4936783284913989 0.505067413312526 0.4936783284913989 0.505067413312526 0.5097246098738265 0.46067672268935483 0.5097246098738265
7 0.5612956214352096 0.3946099825651067 0.6155509099746411 0.3946099825651067 0.6155509099746411 0.4120515927633976 0.5612956214352096 0.4120515927633976
7 0.5672143801849658 0.4413534978965263 0.614564450183015 0.4413534978965263 0.614564450183015 0.4622834301344754 0.5672143801849658 0.4622834301344754
7 0.573133138934722 0.48949234204380915 0.6204832089327713 0.48949234204380915 0.6204832089327713 0.5104222742817581 0.573133138934722 0.5104222742817581
8 0.6688197387224466 0.39251698934131196 0.7250479468451302 0.39251698934131196 0.7250479468451302 0.4099585995396027 0.6688197387224466 0.4099585995396027
8 0.6619145201810644 0.4406558334885947 0.7211021076786259 0.4406558334885947 0.7211021076786259 0.4601904369106805 0.6619145201810644 0.4601904369106805
8 0.6648738995559426 0.4936783284913989 0.7240614870535041 0.4936783284913989 0.7240614870535041 0.5104222742817581 0.6648738995559426 0.5104222742817581
11 0.7714115570515534 0.39530764697303844 0.8138293280914727 0.39530764697303844 0.8138293280914727 0.41344692157926094 0.7714115570515534 0.41344692157926094
11 0.7664792580934232 0.4406558334885947 0.8138293280914727 0.4406558334885947 0.8138293280914727 0.4601904369106805 0.7664792580934232 0.4601904369106805
11 0.7625334189269194 0.491585335267604 0.8128428682998466 0.491585335267604 0.8128428682998466 0.5104222742817581 0.7625334189269194 0.5104222742817581
5 0.8572335589230177 0.39740064019683335 0.9144482268373274 0.39740064019683335 0.9144482268373274 0.4099585995396027 0.8572335589230177 0.4099585995396027
5 0.8513148001732619 0.4427488267123896 0.9105023876708233 0.4427488267123896 0.9105023876708233 0.46367875895033867 0.8513148001732619 0.46367875895033867
5 0.8572335589230177 0.4936783284913989 0.9105023876708233 0.4936783284913989 0.9105023876708233 0.5076316166500315 0.8572335589230177 0.5076316166500315
19 0.4014891351917932 0.6255369015904778 0.44094752685683436 0.6255369015904778 0.44094752685683436 0.6443738406046321 0.4014891351917932 0.6443738406046321
17 0.5445258049775672 0.6527458134998114 0.6441582439317959 0.6527458134998114 0.6441582439317959 0.6729780813298291 0.5445258049775672 0.6729780813298291
18 0.6767114170554549 0.6548388067236065 0.7546417405939111 0.6548388067236065 0.7546417405939111 0.6778617321853504 0.6767114170554549 0.6778617321853504
16 0.822707466216107 0.6548388067236065 0.9144482268373276 0.6548388067236065 0.9144482268373276 0.6715827525139656 0.822707466216107 0.6715827525139656
