4 0.21205354831825096 0.017550017550017546 0.32935976653685783 0.017550017550017546 0.32935976653685783 0.054245508790963334 0.21205354831825096 0.054245508790963334
3 0.4759925393101166 0.04786368422732059 0.6181135344595827 0.04786368422732059 0.6181135344595827 0.09094100003190912 0.4759925393101166 0.09094100003190912
14 0.08012172544129967 0.21053559032211763 0.31740529694053327 0.21053559032211763 0.31740529694053327 0.23015051453248053 0.08012172544129967 0.23015051453248053
13 0.08123576396373972 0.23236016881367444 0.2696133555268506 0.23236016881367444 0.2696133555268506 0.2680861879113917 0.08123576396373972 0.2680861879113917
15 0.14543147952435295 0.27552910855674945 0.26540380040812195 0.27552910855674945 0.26540380040812195 0.29115924191200077 0.14543147952435295 0.29115924191200077
12 0.1349075917275311 0.2926478260410723 0.38011417739347997 0.2926478260410723 0.38011417739347997 0.3090222514608593 0.1349075917275311 0.3090222514608593
1 0.49798172071788455 0.21375286720028014 0.5916443221095989 0.21375286720028014 0.5916443221095989 0.23012729262006718 0.49798172071788455 0.23012729262006718
0 0.4948245543788381 0.23087158468460298 0.7053023103152749 0.23087158468460298 0.7053023103152749 0.263620435524177 0.4948245543788381 0.263620435524177
2 0.5663869913972266 0.27329623236314216 0.6874117010606776 0.27329623236314216 0.6874117010606776 0.3008350387509658 0.5663869913972266 0.3008350387509658
6 0.1422743131853064 0.39536013094700917 0.35169968034206106 0.39536013094700917 0.35169968034206106 0.4377847786255484 0.1422743131853064 0.4377847786255484
6 0.13701236928689547 0.44448340720637025 0.3422281813249214 0.44448340720637025 0.3422281813249214 0.48318659456223056 0.13701236928689547 0.48318659456223056
9 0.40431911932617026 0.3961044230115449 0.44746705929313974 0.3961044230115449 0.44746705929313974 0.4147117246249394 0.40431911932617026 0.4147117246249394
9 0.4001095642074415 0.44597199133544196 0.4464146705134575 0.44597199133544196 0.4464146705134575 0.4630907088197647 0.4001095642074415 0.4630907088197647
10 0.46535766854773686 0.3946158388824735 0.5011388870569311 0.3946158388824735 0.5011388870569311 0.41471172462493944 0.46535766854773686 0.41471172462493944
10 0.4622005022086902 0.442250531012763 0.5095579972943886 0.442250531012763 0.5095579972943886 0.46681216914244367 0.4622005022086902 0.46681216914244367
7 0.5674393801769088 0.3961044230115449 0.6211112079407002 0.3961044230115449 0.6211112079407002 0.4147117246249394 0.5674393801769088 0.4147117246249394
7 0.5705965465159553 0.44448340720637025 0.626373151839111 0.44448340720637025 0.626373151839111 0.4638350008843005 0.5705965465159553 0.4638350008843005
8 0.6674163142467164 0.3938715468179377 0.7326644185870117 0.3938715468179377 0.7326644185870117 0.4154560166894751 0.6674163142467164 0.4154560166894751
8 0.6674163142467164 0.44597199133544196 0.7358215849260583 0.44597199133544196 0.7358215849260583 0.4683007532715152 0.6674163142467164 0.4683007532715152
11 0.7705504146555703 0.3961044230115449 0.8168555209615863 0.3961044230115449 0.8168555209615863 0.41620030875401093 0.7705504146555703 0.41620030875401093
11 0.7716028034352524 0.44299482307729887 0.8179079097412687 0.44299482307729887 0.8179079097412687 0.46532358501337207 0.7716028034352524 0.46532358501337207
5 0.8610558497082381 0.3961044230115449 0.9147276774720294 0.3961044230115449 0.9147276774720294 0.4132231404958678 0.8610558497082381 0.4132231404958678
5 0.8621082384879203 0.44597199133544196 0.9136752886923473 0.44597199133544196 0.9136752886923473 0.462346416755229 0.8621082384879203 0.462346416755229
19 0.3895856764106197 0.5672915978547732 0.45799094708996163 0.5672915978547732 0.45799094708996163 0.5888760677263107 0.3895856764106197 0.5888760677263107
17 0.5737537128550019 0.5918532359844538 0.6537352601108478 0.5918532359844538 0.6537352601108478 0.614181997920527 0.5737537128550019 0.614181997920527
18 0.6979355888574996 0.5896203597908465 0.7684456370962061 0.5896203597908465 0.7684456370962061 0.6134377058559913 0.6979355888574996 0.6134377058559913
16 0.8389556853349122 0.5896203597908465 0.9189372325907581 0.5896203597908465 0.9189372325907581 0.614181997920527 0.8389556853349122 0.614181997920527
