4 0.2045065020005201 0.023775665709530797 0.3417779896447048 0.023775665709530797 0.3417779896447048 0.04953263689485582 0.2045065020005201 0.04953263689485582
3 0.48605312461767447 0.05250459510854718 0.5981114818782335 0.05250459510854718 0.5981114818782335 0.07826156629387221 0.48605312461767447 0.07826156629387221
14 0.07704012061663429 0.21398099138577717 0.17789264215113737 0.21398099138577717 0.17789264215113737 0.23082208793002815 0.07704012061663429 0.23082208793002815
13 0.07590482558188553 0.23197436276706312 0.36766399891225804 0.23197436276706312 0.36766399891225804 0.2644078261352637 0.07590482558188553 0.2644078261352637
15 0.14390289849899132 0.27671017430940864 0.2617135132042095 0.27671017430940864 0.2617135132042095 0.2906901154163917 0.14390289849899132 0.2906901154163917
12 0.13678682110068957 0.29124931306067103 0.40087236010433297 0.29124931306067103 0.40087236010433297 0.3102620329661679 0.13678682110068957 0.3102620329661679
1 0.5028694694799917 0.21408003815012486 0.7139797656296107 0.21408003815012486 0.7139797656296107 0.23085596747850443 0.5028694694799917 0.23085596747850443
0 0.5028694694799917 0.23197436276706312 0.6815620797040138 0.23197436276706312 0.6815620797040138 0.2621710355581464 0.5028694694799917 0.2621710355581464
2 0.5661234907982295 0.27559177902085 0.6863061313028818 0.27559177902085 0.6863061313028818 0.2951636965706262 0.5661234907982295 0.2951636965706262
6 0.14134633699911414 0.3939351119982691 0.36036948982657036 0.3939351119982691 0.36036948982657036 0.43446181491224206 0.14134633699911414 0.43446181491224206
6 0.13879955615228326 0.4443683422912132 0.3603694898265704 0.4443683422912132 0.3603694898265704 0.48309385840900954 0.13879955615228326 0.48309385840900954
6 0.13625277530545238 0.49209979238989243 0.3552759281329085 0.49209979238989243 0.3552759281329085 0.5344276821000419 0.13625277530545238 0.5344276821000419
6 0.13497938488203695 0.5416324292847482 0.36164288024998575 0.5416324292847482 0.36164288024998575 0.5821591321987212 0.13497938488203695 0.5821591321987212
6 0.14134633699911414 0.5902644727815158 0.3590960994031548 0.5902644727815158 0.3590960994031548 0.6307911756954887 0.14134633699911414 0.6307911756954887
6 0.13559061228527636 0.6403644835171672 0.3667109741351792 0.6403644835171672 0.3667109741351792 0.6817737679612665 0.13559061228527636 0.6817737679612665
6 0.1309682050482783 0.6915812300664481 0.3605477644858486 0.6915812300664481 0.3605477644858486 0.7297213604754871 0.1309682050482783 0.7297213604754871
9 0.39906782479416564 0.39626764889931776 0.45145510681347684 0.39626764889931776 0.45145510681347684 0.4191517271447411 0.39906782479416564 0.4191517271447411
9 0.402149429618831 0.4420358053901645 0.4483735019888117 0.4420358053901645 0.4483735019888117 0.4638301656239011 0.402149429618831 0.4638301656239011
9 0.39752702238183296 0.48780396188101127 0.4499143044011443 0.48780396188101127 0.4499143044011443 0.5139571941614952 0.39752702238183296 0.5139571941614952
9 0.39906782479416564 0.5422898624653527 0.4529959092258097 0.5422898624653527 0.4529959092258097 0.5629945046874023 0.39906782479416564 0.5629945046874023
9 0.39444541755716755 0.5869683009445126 0.44221029233948084 0.5869683009445126 0.44221029233948084 0.6098523791899361 0.39444541755716755 0.6098523791899361
9 0.402149429618831 0.641454201528854 0.4483735019888117 0.641454201528854 0.4483735019888117 0.6632485617625905 0.402149429618831 0.6632485617625905
9 0.402149429618831 0.6861326400080139 0.4483735019888117 0.6861326400080139 0.4483735019888117 0.7079270002417506 0.402149429618831 0.7079270002417506
10 0.4637815261121385 0.3951779308876309 0.5115464008944517 0.3951779308876309 0.5115464008944517 0.4180620091330544 0.4637815261121385 0.4180620091330544
10 0.46069992128747306 0.4442152414135382 0.505383191245121 0.4442152414135382 0.505383191245121 0.46383016562390106 0.46069992128747306 0.46383016562390106
10 0.46686313093680387 0.4932525519394455 0.5115464008944517 0.4932525519394455 0.5115464008944517 0.515046912173182 0.46686313093680387 0.515046912173182
10 0.46532232852447103 0.5422898624653527 0.5130872033067844 0.5422898624653527 0.5130872033067844 0.5619047866757155 0.46532232852447103 0.5619047866757155
10 0.45915911887514044 0.590237454979573 0.5038423888327884 0.590237454979573 0.5038423888327884 0.6131215332249966 0.45915911887514044 0.6131215332249966
10 0.4637815261121385 0.6403644835171672 0.5130872033067844 0.6403644835171672 0.5130872033067844 0.6632485617625906 0.4637815261121385 0.6632485617625906
10 0.46069992128747306 0.6894017940430744 0.5130872033067844 0.6894017940430744 0.5130872033067844 0.7079270002417507 0.46069992128747306 0.7079270002417507
7 0.5423624491411054 0.3951779308876309 0.6240249769947378 0.3951779308876309 0.6240249769947378 0.4191517271447411 0.5423624491411054 0.4191517271447411
7 0.5485256587904361 0.4463946774369118 0.6209433721700724 0.4463946774369118 0.6209433721700724 0.4681890376706484 0.5485256587904361 0.4681890376706484
7 0.5577704732644323 0.4932525519394455 0.6240249769947378 0.4932525519394455 0.6240249769947378 0.515046912173182 0.5577704732644323 0.515046912173182
7 0.5577704732644323 0.5433795804770395 0.6271065818194032 0.5433795804770395 0.6271065818194032 0.5640842226990893 0.5577704732644323 0.5640842226990893
7 0.5577704732644323 0.59132717299126 0.6224841745824051 0.59132717299126 0.6224841745824051 0.6131215332249966 0.5577704732644323 0.6131215332249966
7 0.5516072636151016 0.6425439195405409 0.6255657794070706 0.6425439195405409 0.6255657794070706 0.6588896897158435 0.5516072636151016 0.6588896897158435
7 0.5469848563781035 0.6894017940430744 0.6240249769947379 0.6894017940430744 0.6240249769947379 0.7155550263235583 0.5469848563781035 0.7155550263235583
8 0.6455962107673954 0.3940882128759441 0.7226363313840297 0.3940882128759441 0.7226363313840297 0.4180620091330544 0.6455962107673954 0.4180620091330544
8 0.6548410252413916 0.4420358053901645 0.7318811458580259 0.4420358053901645 0.7318811458580259 0.46709931965896156 0.6548410252413916 0.46709931965896156
8 0.6579226300660568 0.48998339790438494 0.7272587386210277 0.48998339790438494 0.7272587386210277 0.5172263481965557 0.6579226300660568 0.5172263481965557
8 0.6579226300660568 0.5422898624653527 0.7272587386210277 0.5422898624653527 0.7272587386210277 0.5651739407107761 0.6579226300660568 0.5651739407107761
8 0.6517594204167261 0.5869683009445126 0.730340343445693 0.5869683009445126 0.730340343445693 0.6098523791899361 0.6517594204167261 0.6098523791899361
8 0.6440554083550627 0.6370953294821068 0.7257179362086952 0.6370953294821068 0.7257179362086952 0.6632485617625906 0.6440554083550627 0.6632485617625906
8 0.6486778155920606 0.6850429219963271 0.7318811458580258 0.6850429219963271 0.7318811458580258 0.7122858722884979 0.6486778155920606 0.7122858722884979
11 0.7611563916923467 0.3908190588408836 0.8104620688869928 0.3908190588408836 0.8104620688869928 0.41915172714474114 0.7611563916923467 0.41915172714474114
11 0.7657787989293449 0.44312552340185135 0.8150844761239907 0.44312552340185135 0.8150844761239907 0.4660096016472748 0.7657787989293449 0.4660096016472748
11 0.7719420085786756 0.48998339790438494 0.8181660809486561 0.48998339790438494 0.8181660809486561 0.5172263481965557 0.7719420085786756 0.5172263481965557
11 0.7642379965170122 0.5422898624653527 0.8197068833609888 0.5422898624653527 0.8197068833609888 0.5662636587224629 0.7642379965170122 0.5662636587224629
11 0.775023613403341 0.59132717299126 0.8073804640623273 0.59132717299126 0.8073804640623273 0.6076729431665624 0.775023613403341 0.6076729431665624
11 0.7688604037540103 0.6381850474937936 0.8104620688869927 0.6381850474937936 0.8104620688869927 0.65997940772753 0.7688604037540103 0.65997940772753
11 0.7642379965170122 0.6839532039846403 0.8120028712993254 0.6839532039846403 0.8120028712993254 0.7057475642183768 0.7642379965170122 0.7057475642183768
5 0.8381965123089812 0.3940882128759441 0.9167774353379482 0.3940882128759441 0.9167774353379482 0.4169722911213675 0.8381965123089812 0.4169722911213675
5 0.8443597219583119 0.44312552340185135 0.9183182377502809 0.44312552340185135 0.9183182377502809 0.4681890376706484 0.8443597219583119 0.4681890376706484
5 0.8489821291953098 0.48998339790438494 0.9152366329256153 0.48998339790438494 0.9152366329256153 0.5172263481965557 0.8489821291953098 0.5172263481965557
5 0.8381965123089812 0.5422898624653527 0.9136958305132825 0.5422898624653527 0.9136958305132825 0.5640842226990893 0.8381965123089812 0.5640842226990893
5 0.8381965123089812 0.59132717299126 0.9183182377502809 0.59132717299126 0.9183182377502809 0.6131215332249966 0.8381965123089812 0.6131215332249966
5 0.8351149074843157 0.641454201528854 0.9136958305132827 0.641454201528854 0.9136958305132827 0.6632485617625905 0.8351149074843157 0.6632485617625905
5 0.8381965123089812 0.6861326400080139 0.9152366329256154 0.6861326400080139 0.9152366329256154 0.7133755903001845 0.8381965123089812 0.7133755903001845
19 0.3882822079078368 0.8103890659664917 0.4499143044011442 0.8103890659664917 0.4499143044011442 0.8343628622236019 0.3882822079078368 0.8343628622236019
17 0.5300360298424439 0.8365422982469756 0.6563818276537243 0.8365422982469756 0.6563818276537243 0.8605160945040857 0.5300360298424439 0.8605160945040857
18 0.6687082469523857 0.8354525802352888 0.7673196013416775 0.8354525802352888 0.7673196013416775 0.8605160945040858 0.6687082469523857 0.8605160945040858
16 0.80892126647466 0.8332731442119151 0.9213998425749461 0.8332731442119151 0.9213998425749461 0.8605160945040857 0.80892126647466 0.8605160945040857
