4 0.20817814922266703 0.02591283863368669 0.32808876317492325 0.02591283863368669 0.32808876317492325 0.04711425206124852 0.20817814922266703 0.04711425206124852
3 0.47298075503389947 0.05182567726737338 0.6012184949550623 0.05182567726737338 0.6012184949550623 0.07538280329799762 0.47298075503389947 0.07538280329799762
14 0.07994040930150415 0.20965842167255594 0.20318187364132304 0.20965842167255594 0.20318187364132304 0.23085983510011776 0.07994040930150415 0.23085983510011776
13 0.08160583449528548 0.2332155477031802 0.33974673953139256 0.2332155477031802 0.33974673953139256 0.26383981154299174 0.08160583449528548 0.26383981154299174
15 0.1465574170527576 0.2767962308598353 0.2664680310050137 0.2767962308598353 0.2664680310050137 0.28975265017667856 0.1465574170527576 0.28975265017667856
12 0.13489944069628823 0.2921083627797409 0.39304034573239544 0.2921083627797409 0.39304034573239544 0.3074204946996466 0.13489944069628823 0.3074204946996466
1 0.5012929833281823 0.21672555948174324 0.7594338883642895 0.21672555948174324 0.7594338883642895 0.22850412249705537 0.5012929833281823 0.22850412249705537
0 0.5029584085219636 0.232037691401649 0.7694264395269773 0.232037691401649 0.7694264395269773 0.26501766784452296 0.5029584085219636 0.26501766784452296
2 0.5612482903043103 0.2744405182567727 0.6744972034814412 0.2744405182567727 0.6744972034814412 0.29328621908127206 0.5612482903043103 0.29328621908127206
6 0.14063733000991105 0.3974737499868373 0.37020708929079504 0.3974737499868373 0.37020708929079504 0.4325788424566128 0.14063733000991105 0.4325788424566128
6 0.14270552603946857 0.4457432521327789 0.36400250120212246 0.4457432521327789 0.36400250120212246 0.47280342757823074 0.14270552603946857 0.47280342757823074
6 0.13856913398035353 0.48377376897503566 0.36503659921690124 0.48377376897503566 0.36503659921690124 0.5101025883273673 0.13856913398035353 0.5101025883273673
9 0.4012300297341577 0.39674239389371707 0.44362804834008684 0.39674239389371707 0.44362804834008684 0.4091754474767626 0.4012300297341577 0.4091754474767626
9 0.40536642179327276 0.4442805399465381 0.44776444039920177 0.4442805399465381 0.44776444039920177 0.46037037399518527 0.40536642179327276 0.46037037399518527
9 0.39916183370460023 0.4845051250681559 0.442593950325308 0.4845051250681559 0.442593950325308 0.4954754664649607 0.39916183370460023 0.4954754664649607
10 0.4632759106208832 0.3960110378005968 0.5056739292268121 0.3960110378005968 0.5056739292268121 0.4091754474767627 0.4632759106208832 0.4091754474767627
10 0.4653441066504407 0.4486686765052601 0.5046398312120335 0.4486686765052601 0.5046398312120335 0.45817630571582424 0.4653441066504407 0.45817630571582424
10 0.46017361657654693 0.48523648116127627 0.5108444193007059 0.48523648116127627 0.5108444193007059 0.49693817865120143 0.46017361657654693 0.49693817865120143
7 0.5625493200396439 0.3974737499868373 0.621492906882033 0.3974737499868373 0.621492906882033 0.41356358403548454 0.5625493200396439 0.41356358403548454
7 0.5666857120987588 0.44793732041213985 0.6152883187933604 0.44793732041213985 0.6152883187933604 0.4581763057158244 0.5666857120987588 0.4581763057158244
7 0.5801289862908827 0.48377376897503566 0.621492906882033 0.48377376897503566 0.621492906882033 0.49913224693056246 0.5801289862908827 0.49913224693056246
8 0.650447651295838 0.39674239389371707 0.7259368063746874 0.39674239389371707 0.7259368063746874 0.4106381596630032 0.650447651295838 0.4106381596630032
8 0.6763001016653071 0.4486686765052601 0.7197322182860147 0.4486686765052601 0.7197322182860147 0.4603703739951852 0.6763001016653071 0.4603703739951852
8 0.6763001016653071 0.48157970069567463 0.7218004143155723 0.48157970069567463 0.7218004143155723 0.4954754664649607 0.6763001016653071 0.4954754664649607
11 0.7693689229953953 0.39454832561435604 0.8159033336604393 0.39454832561435604 0.8159033336604393 0.41429494012860485 0.7693689229953953 0.41429494012860485
11 0.7673007269658376 0.4406237594809365 0.812801039616103 0.4406237594809365 0.812801039616103 0.4618330861814258 0.7673007269658376 0.4618330861814258
11 0.7652325309362802 0.4786542763231934 0.8190056277047756 0.4786542763231934 0.8190056277047756 0.4954754664649607 0.7652325309362802 0.4954754664649607
5 0.8479603721185807 0.39601103780059677 0.9141426450644212 0.39601103780059677 0.9141426450644212 0.4121008718492439 0.8479603721185807 0.4121008718492439
5 0.8624377443254835 0.44354918385341774 0.9151767430791999 0.44354918385341774 0.9151767430791999 0.4603703739951852 0.8624377443254835 0.4603703739951852
5 0.8562331562368108 0.48084834460255427 0.919313135138315 0.48084834460255427 0.919313135138315 0.49547546646496066 0.8562331562368108 0.49547546646496066
19 0.3939913436307064 0.5949398951293248 0.44776444039920177 0.5949398951293248 0.44776444039920177 0.615417865736694 0.3939913436307064 0.615417865736694
17 0.5511742418770778 0.6212687144816565 0.6535499453401745 0.6212687144816565 0.6535499453401745 0.6358958363440631 0.5511742418770778 0.6358958363440631
18 0.680436493724422 0.6183432901091752 0.753857452773714 0.6183432901091752 0.753857452773714 0.6373585485303036 0.680436493724422 0.6373585485303036
16 0.8231420197638906 0.6198060022954158 0.9120744490348638 0.6198060022954158 0.9120744490348638 0.6366271924371834 0.8231420197638906 0.6366271924371834
