13 0.21241878893652197 0.028931169825571663 0.32645413878665475 0.028931169825571663 0.32645413878665475 0.04948912217379718 0.21241878893652197 0.04948912217379718
3 0.48297324642409173 0.0558146459732512 0.594772609022261 0.0558146459732512 0.594772609022261 0.07558190784654496 0.48297324642409173 0.07558190784654496
14 0.08049554107068208 0.2186968838091919 0.29626831088514893 0.2186968838091919 0.29626831088514893 0.23055724093316815 0.08049554107068208 0.23055724093316815
13 0.0749055729407736 0.23213862188303167 0.2996222917630941 0.23213862188303167 0.2996222917630941 0.26376624088030165 0.0749055729407736 0.26376624088030165
15 0.146457165003602 0.27720797895414145 0.25713853397578973 0.27720797895414145 0.25713853397578973 0.29144040750291295 0.146457165003602 0.29144040750291295
12 0.13639522236976676 0.29144040750291295 0.3756458583298492 0.29144040750291295 0.3756458583298492 0.3064635265266162 0.13639522236976676 0.3064635265266162
1 0.49862515718783557 0.21316205048466963 0.7758875764312957 0.21316205048466963 0.7758875764312957 0.23134793140809992 0.49862515718783557 0.23134793140809992
0 0.49862515718783557 0.23292931235796335 0.7546456975376434 0.23292931235796335 0.7546456975376434 0.2653476218301652 0.49862515718783557 0.2653476218301652
2 0.5634687874947738 0.2740452170544145 0.6819761118488332 0.2740452170544145 0.6819761118488332 0.29618455035250346 0.5634687874947738 0.29618455035250346
6 0.1401964006981044 0.39162976608246436 0.35786975967674023 0.39162976608246436 0.35786975967674023 0.4368572612485605 0.1401964006981044 0.4368572612485605
6 0.13773681472094468 0.4438153374279599 0.35663996668816034 0.4438153374279599 0.35663996668816034 0.4733871611904074 0.13773681472094468 0.4733871611904074
6 0.13773681472094468 0.4855637945043563 0.36647831059679925 0.4855637945043563 0.36647831059679925 0.5220936944462031 0.13773681472094468 0.5220936944462031
6 0.1426559866752641 0.5325308087153023 0.3369632788708825 0.5325308087153023 0.3369632788708825 0.5777583038813985 0.1426559866752641 0.5777583038813985
6 0.14142619368668427 0.5934139752850472 0.35418038071100055 0.5934139752850472 0.35418038071100055 0.6299438752268941 0.14142619368668427 0.6299438752268941
6 0.1401964006981043 0.6438600275856927 0.36278893163105935 0.6438600275856927 0.36278893163105935 0.6795201680051149 0.1401964006981043 0.6795201680051149
6 0.13527722874378495 0.690827041796639 0.3701676895625388 0.690827041796639 0.3701676895625388 0.7273569417384856 0.13527722874378495 0.7273569417384856
9 0.40460189324277496 0.3933692851273143 0.4390360969230112 0.3933692851273143 0.4390360969230112 0.4125039946206625 0.40460189324277496 0.4125039946206625
9 0.40460189324277496 0.44642461599523464 0.4378063039344314 0.44642461599523464 0.4378063039344314 0.4586012493091836 0.40460189324277496 0.4586012493091836
9 0.40091251427703534 0.48469403498193114 0.44149568290017094 0.48469403498193114 0.44149568290017094 0.4977404278183051 0.40091251427703534 0.4977404278183051
9 0.40337210025419507 0.5325308087153023 0.4414956829001709 0.5325308087153023 0.4414956829001709 0.5464469610741012 0.40337210025419507 0.5464469610741012
9 0.40337210025419507 0.5934139752850472 0.4427254758887508 0.5934139752850472 0.4427254758887508 0.607330127643846 0.40337210025419507 0.607330127643846
9 0.4070614792199347 0.6403809894959933 0.4439552688773306 0.6403809894959933 0.4439552688773306 0.6560366608996419 0.4070614792199347 0.6560366608996419
9 0.403372100254195 0.6925665608414888 0.4427254758887507 0.6925665608414888 0.4427254758887507 0.7056129536778626 0.403372100254195 0.7056129536778626
10 0.46240216370602855 0.39771808273943887 0.5079045042834834 0.39771808273943887 0.5079045042834834 0.4107644755758127 0.46240216370602855 0.4107644755758127
10 0.4648617496831883 0.44468509695038483 0.5017555393405841 0.44468509695038483 0.5017555393405841 0.46121052787645855 0.4648617496831883 0.46121052787645855
10 0.4648617496831883 0.4846940349819315 0.5054449183063238 0.4846940349819315 0.5054449183063238 0.4986101873407303 0.4648617496831883 0.4986101873407303
10 0.46240216370602855 0.5342703277601522 0.5017555393405841 0.5342703277601522 0.5017555393405841 0.5464469610741012 0.46240216370602855 0.5464469610741012
10 0.4648617496831883 0.5951534943298971 0.5017555393405841 0.5951534943298971 0.5017555393405841 0.606460368121421 0.4648617496831883 0.606460368121421
10 0.46363195669460844 0.6455995466305429 0.5017555393405841 0.6455995466305429 0.5017555393405841 0.655166901377217 0.46363195669460844 0.655166901377217
10 0.46363195669460844 0.6925665608414888 0.5054449183063238 0.6925665608414888 0.5054449183063238 0.7038734346330127 0.46363195669460844 0.7038734346330127
7 0.5632451887695773 0.39510880417216415 0.6173560802670912 0.39510880417216415 0.6173560802670912 0.4133737541430875 0.5632451887695773 0.4133737541430875
7 0.5595558098038377 0.44207581838311005 0.6161262872785115 0.44207581838311005 0.6161262872785115 0.4638198064437331 0.5595558098038377 0.4638198064437331
7 0.5632451887695773 0.4855637945043563 0.6173560802670912 0.4855637945043563 0.6173560802670912 0.5003497063855801 0.5632451887695773 0.5003497063855801
7 0.5669345677353169 0.5334005682377274 0.619815666244251 0.5334005682377274 0.619815666244251 0.5473167205965261 0.5669345677353169 0.5473167205965261
7 0.5718537396896364 0.596023253852322 0.6161262872785115 0.596023253852322 0.6161262872785115 0.607330127643846 0.5718537396896364 0.607330127643846
7 0.5718537396896364 0.6438600275856929 0.6148964942899315 0.6438600275856929 0.6148964942899315 0.6586459394669166 0.5718537396896364 0.6586459394669166
7 0.5730835326782162 0.6873480037069394 0.6148964942899315 0.6873480037069394 0.6148964942899315 0.7090919917675624 0.5730835326782162 0.7090919917675624
8 0.6702371787760254 0.39771808273943887 0.7181991053306401 0.39771808273943887 0.7181991053306401 0.4133737541430875 0.6702371787760254 0.4133737541430875
8 0.6628584208445462 0.44468509695038483 0.7194288983192201 0.44468509695038483 0.7194288983192201 0.4603407683540335 0.6628584208445462 0.4603407683540335
8 0.6653180068217059 0.4794754778473819 0.7169693123420603 0.4794754778473819 0.7169693123420603 0.49600090877345554 0.6653180068217059 0.49600090877345554
8 0.6517902839473274 0.5299215301480277 0.7218884842963796 0.5299215301480277 0.7218884842963796 0.5455772015516763 0.6517902839473274 0.5455772015516763
8 0.6665477998102858 0.5942837348074721 0.7157395193534803 0.5942837348074721 0.7157395193534803 0.607330127643846 0.6665477998102858 0.607330127643846
8 0.6751563507303449 0.6403809894959933 0.7169693123420603 0.6403809894959933 0.7169693123420603 0.6603854585117666 0.6751563507303449 0.6603854585117666
8 0.6726967647531851 0.6925665608414888 0.7206586913077998 0.6925665608414888 0.7206586913077998 0.7073524727227123 0.6726967647531851 0.7073524727227123
11 0.772309996828154 0.3968483232170139 0.80797399349697 0.3968483232170139 0.80797399349697 0.41511327318793734 0.772309996828154 0.41511327318793734
11 0.7673908248738346 0.44468509695038483 0.8092037864855499 0.44468509695038483 0.8092037864855499 0.465559325488583 0.7673908248738346 0.465559325488583
11 0.7686206178624145 0.4820847564146567 0.8116633724627097 0.4820847564146567 0.8116633724627097 0.4968706682958805 0.7686206178624145 0.4968706682958805
11 0.7710802038395742 0.525572732535903 0.8104335794741296 0.525572732535903 0.8104335794741296 0.5455772015516763 0.7710802038395742 0.5455772015516763
11 0.7698504108509944 0.5925442157626223 0.8092037864855498 0.5925442157626223 0.8092037864855498 0.6099394062111206 0.7698504108509944 0.6099394062111206
11 0.772309996828154 0.6351624323614438 0.8092037864855498 0.6351624323614438 0.8092037864855498 0.6612552180341915 0.772309996828154 0.6612552180341915
11 0.7698504108509944 0.690827041796639 0.8202719233827686 0.690827041796639 0.8202719233827686 0.7117012703348371 0.7698504108509944 0.7117012703348371
5 0.8559359200515848 0.3933692851273143 0.9075872255719392 0.3933692851273143 0.9075872255719392 0.4168527922327872 0.8559359200515848 0.4168527922327872
5 0.8583955060287445 0.4438153374279599 0.908817018560519 0.4438153374279599 0.908817018560519 0.4603407683540335 0.8583955060287445 0.4603407683540335
5 0.854706127063005 0.48121499689223174 0.9063574325833593 0.48121499689223174 0.9063574325833593 0.4994799468631553 0.854706127063005 0.4994799468631553
5 0.8424081971772063 0.5307912896704525 0.908817018560519 0.5307912896704525 0.908817018560519 0.5455772015516763 0.8424081971772063 0.5455772015516763
5 0.8571657130401646 0.5925442157626223 0.9063574325833593 0.5925442157626223 0.9063574325833593 0.6090696466886959 0.8571657130401646 0.6090696466886959
5 0.8657742639602236 0.6429902680632679 0.9112766045376787 0.6429902680632679 0.9112766045376787 0.6586459394669165 0.8657742639602236 0.6586459394669165
5 0.8645444709716438 0.6899572822742139 0.9112766045376789 0.6899572822742139 0.9112766045376789 0.7082222322451375 0.8645444709716438 0.7082222322451375
19 0.3996827212884552 0.8152261417941861 0.44395526887733056 0.8152261417941861 0.44395526887733056 0.8317515727202603 0.3996827212884552 0.8317515727202603
17 0.5509472588837787 0.8430584465117843 0.6517902839473274 0.8430584465117843 0.6517902839473274 0.8587141179154328 0.5509472588837787 0.8587141179154328
18 0.6813053156732441 0.8378398893772347 0.7501737230337167 0.8378398893772347 0.7501737230337167 0.8595838774378578 0.6813053156732441 0.8595838774378578
16 0.8227315093599284 0.8395794084220846 0.9125063975262585 0.8395794084220846 0.9125063975262585 0.8587141179154328 0.8227315093599284 0.8587141179154328
