4 0.20977591284789157 0.02969477150562565 0.32576965289319637 0.02969477150562565 0.32576965289319637 0.04714912926857484 0.20977591284789157 0.04714912926857484
3 0.4800166476342931 0.059367179702639286 0.5960103876795979 0.059367179702639286 0.5960103876795979 0.07420338380114609 0.4800166476342931 0.07420338380114609
14 0.08267638918122784 0.2147109637928871 0.1752245860258859 0.2147109637928871 0.1752245860258859 0.23129260366768886 0.08267638918122784 0.23129260366768886
13 0.08637831705501417 0.23216532155583636 0.349215196093843 0.23216532155583636 0.349215196093843 0.26358316552914485 0.08637831705501417 0.26358316552914485
15 0.1480771149514529 0.27580121596320933 0.256666999249185 0.27580121596320933 0.256666999249185 0.2897647021735687 0.1480771149514529 0.2897647021735687
12 0.13573735537216516 0.2932555737261585 0.3775966431262049 0.2932555737261585 0.3775966431262049 0.30634634204837036 0.13573735537216516 0.30634634204837036
1 0.4997602629611535 0.21383824590473963 0.6984303921876861 0.21383824590473963 0.6984303921876861 0.22867445000324646 0.4997602629611535 0.22867445000324646
0 0.5046961667928686 0.23129260366768886 0.763831117957911 0.23129260366768886 0.763831117957911 0.26358316552914485 0.5046961667928686 0.26358316552914485
2 0.5651609887313785 0.27580121596320933 0.677452800902897 0.27580121596320933 0.677452800902897 0.29238285583801105 0.5651609887313785 0.29238285583801105
6 0.141907235161809 0.3967241120963581 0.3393433884304128 0.3967241120963581 0.3393433884304128 0.43163282762225647 0.141907235161809 0.43163282762225647
6 0.141907235161809 0.44559631383261583 0.3627889316310596 0.44559631383261583 0.3627889316310596 0.4805050293585142 0.141907235161809 0.4805050293585142
6 0.14067325920388024 0.4944685155688735 0.3504491720517718 0.4944685155688735 0.3504491720517718 0.5319953847592144 0.14067325920388024 0.5319953847592144
6 0.1382053072880227 0.5433407173051313 0.36278893163105963 0.5433407173051313 0.36278893163105963 0.5791221507191772 0.1382053072880227 0.5791221507191772
6 0.1431412111197378 0.5957037905939789 0.3455132682200567 0.5957037905939789 0.3455132682200567 0.6314852240080246 0.1431412111197378 0.6314852240080246
6 0.13943928324595148 0.6437032744420893 0.3245356769352675 0.6437032744420893 0.3245356769352675 0.679484707856135 0.13943928324595148 0.679484707856135
9 0.4035101382427091 0.3949786763200633 0.44176339293850114 0.3949786763200633 0.44176339293850114 0.4106875983067176 0.4035101382427091 0.4106875983067176
9 0.4010421863268515 0.44559631383261583 0.43929544102264356 0.44559631383261583 0.43929544102264356 0.46043251793112266 0.4010421863268515 0.46043251793112266
9 0.3998082103689228 0.4909776440162837 0.43682748910678604 0.4909776440162837 0.43682748910678604 0.5066865660029379 0.3998082103689228 0.5066865660029379
9 0.3998082103689228 0.5398498457525416 0.43806146506471483 0.5398498457525416 0.43806146506471483 0.5581769214036382 0.3998082103689228 0.5581769214036382
9 0.3998082103689228 0.5904674832650942 0.44423134485435867 0.5904674832650942 0.44423134485435867 0.6122854304687806 0.3998082103689228 0.6122854304687806
9 0.4047441142006379 0.6419578386657944 0.44299736889643 0.6419578386657944 0.44299736889643 0.6576667606524486 0.4047441142006379 0.6576667606524486
10 0.46274098422329035 0.40021498364894803 0.5046961667928687 0.40021498364894803 0.5046961667928687 0.41156031619486505 0.46274098422329035 0.41156031619486505
10 0.46150700826536145 0.4447235959444684 0.5034621908349398 0.4447235959444684 0.5034621908349398 0.46130523581927013 0.46150700826536145 0.46130523581927013
10 0.4639749601812191 0.49359579768072626 0.5009942389190822 0.49359579768072626 0.5009942389190822 0.5101774375555278 0.4639749601812191 0.5101774375555278
10 0.4664429120970766 0.5468315888577212 0.49976026296115356 0.5468315888577212 0.49976026296115356 0.5599223571799331 0.4664429120970766 0.5599223571799331
10 0.4602730323074328 0.5922129190413892 0.4997602629611535 0.5922129190413892 0.4997602629611535 0.6087945589161908 0.4602730323074328 0.6087945589161908
10 0.4639749601812191 0.6402124028894992 0.5046961667928687 0.6402124028894992 0.5046961667928687 0.6594121964287434 0.4639749601812191 0.6594121964287434
7 0.5688629166051649 0.3923605226556208 0.6145200270485296 0.3923605226556208 0.6145200270485296 0.41330575197115993 0.5688629166051649 0.41330575197115993
7 0.5713308685210224 0.44559631383261583 0.6206899068381734 0.44559631383261583 0.6206899068381734 0.46217795370741754 0.5713308685210224 0.46217795370741754
7 0.562693036815521 0.497086669233316 0.6108180991747432 0.497086669233316 0.6108180991747432 0.5119228733318227 0.562693036815521 0.5119228733318227
7 0.5688629166051649 0.5442134351932788 0.6182219549223158 0.5442134351932788 0.6182219549223158 0.5581769214036383 0.5688629166051649 0.5581769214036383
7 0.5737988204368799 0.5887220474887994 0.6243918347119596 0.5887220474887994 0.6243918347119596 0.6105399946924858 0.5737988204368799 0.6105399946924858
7 0.5787347242685951 0.6419578386657944 0.6157540030064584 0.6419578386657944 0.6157540030064584 0.6585394785405959 0.5787347242685951 0.6585394785405959
8 0.666347017281538 0.39323324054376824 0.7144720796407603 0.39323324054376824 0.7144720796407603 0.4133057519711599 0.666347017281538 0.4133057519711599
8 0.676218824944968 0.44821446749705823 0.720641959430404 0.44821446749705823 0.720641959430404 0.46217795370741765 0.676218824944968 0.46217795370741765
8 0.6663470172815377 0.49359579768072626 0.71447207964076 0.49359579768072626 0.71447207964076 0.5119228733318227 0.6663470172815377 0.5119228733318227
8 0.6749848489870394 0.540722563640689 0.720641959430404 0.540722563640689 0.720641959430404 0.5607950750680806 0.6749848489870394 0.5607950750680806
8 0.6737508730291107 0.592212919041389 0.7157060555986893 0.592212919041389 0.7157060555986893 0.6061764052517483 0.6737508730291107 0.6061764052517483
8 0.6725168970711819 0.6375942492250571 0.720641959430404 0.6375942492250571 0.720641959430404 0.6567940427643011 0.6725168970711819 0.6567940427643011
11 0.7700009977475549 0.39585139420821064 0.808254252443347 0.39585139420821064 0.808254252443347 0.41766934141189727 0.7700009977475549 0.41766934141189727
11 0.7712349737054838 0.44559631383261583 0.808254252443347 0.44559631383261583 0.808254252443347 0.46566882526000736 0.7712349737054838 0.46566882526000736
11 0.7675330458316975 0.49534123345702114 0.8070202764854181 0.49534123345702114 0.8070202764854181 0.5145410269962652 0.7675330458316975 0.5145410269962652
11 0.7675330458316975 0.5381044099762466 0.8070202764854181 0.5381044099762466 0.8070202764854181 0.5607950750680806 0.7675330458316975 0.5607950750680806
11 0.7700009977475549 0.5930856369295366 0.8045523245695606 0.5930856369295366 0.8045523245695606 0.6087945589161908 0.7700009977475549 0.6087945589161908
11 0.7687670217896263 0.6419578386657944 0.8107222043592046 0.6419578386657944 0.8107222043592046 0.6611576322050383 0.7687670217896263 0.6611576322050383
5 0.856379314802569 0.3975968299845056 0.9094402809935065 0.3975968299845056 0.9094402809935065 0.411560316194865 0.856379314802569 0.411560316194865
5 0.8637831705501418 0.44385087805632095 0.9057383531197202 0.44385087805632095 0.9057383531197202 0.45781436426668026 0.8637831705501418 0.45781436426668026
5 0.8539113628867117 0.4909776440162837 0.9131422088672927 0.4909776440162837 0.9131422088672927 0.5075592838910855 0.8539113628867117 0.5075592838910855
5 0.862549194592213 0.5381044099762466 0.906972329077649 0.5381044099762466 0.906972329077649 0.5573042035154907 0.862549194592213 0.5573042035154907
5 0.8625491945922111 0.5930856369295366 0.906972329077647 0.5930856369295366 0.906972329077647 0.6096672768043382 0.8625491945922111 0.6096672768043382
5 0.8674850984239281 0.6410851207776469 0.9032704012038627 0.6410851207776469 0.9032704012038627 0.6594121964287435 0.8674850984239281 0.6594121964287435
19 0.39935949183876684 0.7649910451574246 0.44759673383052806 0.7649910451574246 0.44759673383052806 0.7856189225136374 0.39935949183876684 0.7856189225136374
17 0.5653853479964565 0.7919659617001642 0.65512905402764 0.7919659617001642 0.65512905402764 0.8070401797681658 0.5653853479964565 0.8070401797681658
18 0.6899047401147237 0.7919659617001642 0.7572125196381113 0.7919659617001642 0.7572125196381113 0.8054534199715342 0.6899047401147237 0.8054534199715342
16 0.8334946697646175 0.7895858220052167 0.9131422088672927 0.7895858220052167 0.9131422088672927 0.8078335596664816 0.8334946697646175 0.8078335596664816
