4 0.20984357441644835 0.02591283863368669 0.34141216472517394 0.02591283863368669 0.34141216472517394 0.04946996466431095 0.20984357441644835 0.04946996466431095
3 0.47631160542146217 0.05771495877502944 0.6078801957301878 0.05771495877502944 0.6078801957301878 0.07773851590106007 0.47631160542146217 0.07773851590106007
14 0.08160583449528548 0.20965842167255594 0.19985102325376036 0.20965842167255594 0.19985102325376036 0.23085983510011776 0.08160583449528548 0.23085983510011776
13 0.08084766297361201 0.2334629977219231 0.2745060184685429 0.2334629977219231 0.2745060184685429 0.26537671814899166 0.08084766297361201 0.26537671814899166
15 0.1438336329646818 0.27601462495801543 0.260404681903378 0.27601462495801543 0.260404681903378 0.29130661599598584 0.1438336329646818 0.29130661599598584
12 0.13537283102558287 0.29130661599598584 0.38731671098986176 0.29130661599598584 0.38731671098986176 0.3072634762095202 0.13537283102558287 0.3072634762095202
1 0.4963670470938033 0.2161763991572617 0.6392605909541407 0.2161763991572617 0.6392605909541407 0.23013865184410426 0.4963670470938033 0.23013865184410426
0 0.49730713619814765 0.232133259370796 0.7567717289971811 0.232133259370796 0.7567717289971811 0.2620523722711729 0.49730713619814765 0.2620523722711729
2 0.5659336408152833 0.27534975578245147 0.6740438878148806 0.27534975578245147 0.6740438878148806 0.29064174682042193 0.5659336408152833 0.29064174682042193
6 0.14101336565164882 0.3970208149106508 0.35347350323346605 0.3970208149106508 0.35347350323346605 0.4342534887422309 0.14101336565164882 0.4342534887422309
9 0.4023581366593709 0.3923667306817033 0.44466214635486545 0.3923667306817033 0.44466214635486545 0.4109830675974933 0.4023581366593709 0.4109830675974933
10 0.4597035720243746 0.3996802916129065 0.5123485618676568 0.3996802916129065 0.5123485618676568 0.4116479367730573 0.4597035720243746 0.4116479367730573
7 0.5800349773804481 0.3970208149106508 0.62609934349332 0.3970208149106508 0.62609934349332 0.4103181984219294 0.5800349773804481 0.4103181984219294
8 0.6787443333366021 0.3970208149106508 0.7266888776581627 0.3970208149106508 0.7266888776581627 0.41164793677305733 0.6787443333366021 0.41164793677305733
11 0.7718131546666902 0.395026207383959 0.8094167188404632 0.395026207383959 0.8094167188404632 0.41164793677305733 0.7718131546666902 0.41164793677305733
5 0.861121619579401 0.3970208149106508 0.9156467876313719 0.3970208149106508 0.9156467876313719 0.4109830675974933 0.861121619579401 0.4109830675974933
19 0.3957775129289607 0.5206864815655419 0.44466214635486545 0.5206864815655419 0.44466214635486545 0.5333189959012565 0.3957775129289607 0.5333189959012565
17 0.5800349773804481 0.5439569027102794 0.6430209473715178 0.5439569027102794 0.6430209473715178 0.557919155397122 0.5800349773804481 0.557919155397122
18 0.6966060263191443 0.5472812485880991 0.7633523527275913 0.5472812485880991 0.7633523527275913 0.5599137629238138 0.6966060263191443 0.5599137629238138
16 0.8479603721185804 0.5486109869392269 0.9137666094226832 0.5486109869392269 0.9137666094226832 0.5592488937482499 0.8479603721185804 0.5592488937482499
