4 0.21302419104442405 0.029790419243999874 0.3226385806109723 0.029790419243999874 0.3226385806109723 0.048074321572007965 0.21302419104442405 0.048074321572007965
3 0.4798214788573433 0.06123873124817379 0.5966745545273427 0.06123873124817379 0.5966745545273427 0.0765972092037006 0.4798214788573433 0.0765972092037006
14 0.0837619391970794 0.21482351080344178 0.1995809168523002 0.21482351080344178 0.1995809168523002 0.22871927657272795 0.0837619391970794 0.22871927657272795
13 0.07652325309362815 0.23310741313144984 0.20578550494097275 0.23310741313144984 0.20578550494097275 0.26528708122874406 0.07652325309362815 0.26528708122874406
15 0.1468419180985836 0.27772013481178964 0.26059269972424676 0.27772013481178964 0.26059269972424676 0.29015318839483517 0.1468419180985836 0.29015318839483517
12 0.1375350359655748 0.2901531883948353 0.3898549515715914 0.2901531883948353 0.3898549515715914 0.3062430224434824 0.1375350359655748 0.3062430224434824
1 0.5015375371676971 0.21409215471032148 0.7621302368919438 0.21409215471032148 0.7621302368919438 0.22945063266584825 0.5015375371676971 0.22945063266584825
0 0.5005034391529184 0.23164470094520925 0.7031866500495548 0.23164470094520925 0.7031866500495548 0.26163030076314253 0.5005034391529184 0.26163030076314253
2 0.5677198101135377 0.276257422625549 0.6825046897539796 0.276257422625549 0.6825046897539796 0.2908845444879555 0.5677198101135377 0.2908845444879555
6 0.1375350359655748 0.39619982189728215 0.35986610914300743 0.39619982189728215 0.35986610914300743 0.43349898264641873 0.1375350359655748 0.43349898264641873
6 0.1416714280246898 0.4459320362294641 0.35572971708389245 0.4459320362294641 0.35572971708389245 0.4832311969786006 0.1416714280246898 0.4832311969786006
6 0.14477372206902608 0.49273882618916487 0.35366152105433496 0.49273882618916487 0.35366152105433496 0.533694767403903 0.14477372206902608 0.533694767403903
6 0.14580782008380483 0.5446651088007078 0.35572971708389245 0.5446651088007078 0.35572971708389245 0.5702625720599191 0.14580782008380483 0.5702625720599191
9 0.40536642179327276 0.39619982189728215 0.442593950325308 0.39619982189728215 0.442593950325308 0.4108269437596886 0.40536642179327276 0.4108269437596886
9 0.40640051980805153 0.4459320362294641 0.446730342384423 0.4459320362294641 0.446730342384423 0.45909644590562987 0.40640051980805153 0.45909644590562987
9 0.40329822576371527 0.4956642505616461 0.44466214635486556 0.4956642505616461 0.44466214635486556 0.5095600163309323 0.40329822576371527 0.5095600163309323
9 0.40640051980805153 0.5417396844282265 0.446730342384423 0.5417396844282265 0.446730342384423 0.5563668062906332 0.40640051980805153 0.5563668062906332
10 0.46741230267999817 0.39766253408352276 0.5087762232711486 0.39766253408352276 0.5087762232711486 0.41082694375968853 0.46741230267999817 0.41082694375968853
10 0.46120771459132553 0.4444693240432234 0.5087762232711485 0.4444693240432234 0.5087762232711485 0.4605591580918706 0.46120771459132553 0.4605591580918706
10 0.46120771459132553 0.49493289446852584 0.5087762232711485 0.49493289446852584 0.5087762232711485 0.5073659480515713 0.46120771459132553 0.5073659480515713
10 0.46431000863566185 0.5424710405213469 0.5067080272415908 0.5424710405213469 0.5067080272415908 0.5563668062906331 0.46431000863566185 0.5563668062906331
7 0.5666857120987588 0.3954684658041618 0.616322416808139 0.3954684658041618 0.616322416808139 0.4108269437596886 0.5666857120987588 0.4108269437596886
7 0.5708221041578738 0.4473947484157048 0.6204588088672541 0.4473947484157048 0.6204588088672541 0.4627532263712315 0.5708221041578738 0.4627532263712315
7 0.5542765359214138 0.4956642505616461 0.617356514822918 0.4956642505616461 0.617356514822918 0.5073659480515713 0.5542765359214138 0.5073659480515713
7 0.5646175160692013 0.5424710405213469 0.6173565148229181 0.5424710405213469 0.6173565148229181 0.5600235867562346 0.5646175160692013 0.5600235867562346
8 0.6721637096061922 0.3925430414316805 0.7207663163007936 0.3925430414316805 0.7207663163007936 0.41375236813216987 0.6721637096061922 0.41375236813216987
8 0.6763001016653071 0.4422752557638625 0.7207663163007936 0.4422752557638625 0.7207663163007936 0.4590964459056299 0.6763001016653071 0.4590964459056299
8 0.6545840433549531 0.49712696274788676 0.7197322182860147 0.49712696274788676 0.7197322182860147 0.5073659480515713 0.6545840433549531 0.5073659480515713
8 0.6514817493106169 0.5395456161488655 0.7249027083599086 0.5395456161488655 0.7249027083599086 0.5570981623837533 0.6514817493106169 0.5570981623837533
11 0.7704030210101739 0.39766253408352276 0.8107328435865454 0.39766253408352276 0.8107328435865454 0.41521508031841053 0.7704030210101739 0.41521508031841053
11 0.7662666289510589 0.4430066118569828 0.8076305495422091 0.4430066118569828 0.8076305495422091 0.4620218702781112 0.7662666289510589 0.4620218702781112
11 0.7714371190249527 0.49273882618916487 0.8107328435865455 0.49273882618916487 0.8107328435865455 0.5117540846102933 0.7714371190249527 0.5117540846102933
11 0.7704030210101739 0.5424710405213469 0.8076305495422091 0.5424710405213469 0.8076305495422091 0.5570981623837533 0.7704030210101739 0.5570981623837533
5 0.8665741363845986 0.39619982189728215 0.9120744490348638 0.39619982189728215 0.9120744490348638 0.41302101203904956 0.8665741363845986 0.41302101203904956
5 0.8624377443254835 0.4422752557638625 0.9100062530053062 0.4422752557638625 0.9100062530053062 0.4605591580918706 0.8624377443254835 0.4605591580918706
5 0.8396875880003506 0.4942015383754055 0.9151767430791999 0.4942015383754055 0.9151767430791999 0.508828660237812 0.8396875880003506 0.508828660237812
5 0.8396875880003506 0.5446651088007078 0.9120744490348637 0.5446651088007078 0.9120744490348637 0.5570981623837533 0.8396875880003506 0.5570981623837533
19 0.40081980903408015 0.6562769439820496 0.4341502409153789 0.6562769439820496 0.4341502409153789 0.670783180539808 0.40081980903408015 0.670783180539808
17 0.5537979451046565 0.6804540049116471 0.6409698438711302 0.6804540049116471 0.6409698438711302 0.6967735210391254 0.5537979451046565 0.6967735210391254
18 0.6811372874203877 0.6792451518651673 0.7520712834754593 0.6792451518651673 0.7520712834754593 0.6973779475623654 0.6811372874203877 0.6973779475623654
16 0.8221506530720363 0.6774318722954474 0.9135956841309844 0.6774318722954474 0.9135956841309844 0.6967735210391254 0.8221506530720363 0.6967735210391254
