4 0.21123590124443048 0.029709154213356688 0.3252552797570492 0.029709154213356688 0.3252552797570492 0.04753464674137069 0.21123590124443048 0.04753464674137069
3 0.4836822056903721 0.05856947544918888 0.5929007682656174 0.05856947544918888 0.5929007682656174 0.0763949679772029 0.4836822056903721 0.0763949679772029
14 0.07921346296666144 0.21305707735864363 0.20283447335402705 0.21305707735864363 0.20283447335402705 0.2317314028641821 0.07921346296666144 0.2317314028641821
13 0.07801325898231809 0.23342906881923106 0.3096526279605856 0.23342906881923106 0.3096526279605856 0.26144055707753877 0.07801325898231809 0.26144055707753877
15 0.14282427413685925 0.2758707176954549 0.2604442646025081 0.2758707176954549 0.2604442646025081 0.29114971129089556 0.14282427413685925 0.29114971129089556
12 0.13442284624645578 0.2911497112908955 0.37446364311512675 0.2911497112908955 0.37446364311512675 0.30812637084138506 0.13442284624645578 0.30812637084138506
1 0.5004850614711791 0.21220824438111915 0.5929007682656174 0.21220824438111915 0.5929007682656174 0.23003373690913317 0.5004850614711791 0.23003373690913317
0 0.49808465350249237 0.23003373690913317 0.7417260623241935 0.23003373690913317 0.7417260623241935 0.2622893900550633 0.49808465350249237 0.2622893900550633
2 0.5664962806100637 0.2758707176954549 0.6769150471696522 0.2758707176954549 0.6769150471696522 0.2953938761785179 0.5664962806100637 0.2953938761785179
6 0.14042386616817257 0.3964050005039306 0.35045956342825973 0.3964050005039306 0.35045956342825973 0.43545131747005655 0.14042386616817257 0.43545131747005655
6 0.14042386616817257 0.4447884802228257 0.35406017538128975 0.4447884802228257 0.35406017538128975 0.471951135503609 0.14042386616817257 0.471951135503609
6 0.1392236621838292 0.4838347971889517 0.35045956342825973 0.4838347971889517 0.35045956342825973 0.5211834482000287 0.1392236621838292 0.5211834482000287
9 0.4032685387393673 0.39725383348145515 0.4392746582696681 0.39725383348145515 0.4392746582696681 0.41253282707689576 0.4032685387393673 0.41253282707689576
9 0.4008681307706807 0.4439396472453014 0.44167506623835473 0.4439396472453014 0.44167506623835473 0.46431163870588876 0.4008681307706807 0.46431163870588876
9 0.402068334755024 0.4821371312339028 0.44047486225401133 0.4821371312339028 0.44047486225401133 0.49826495780686775 0.402068334755024 0.49826495780686775
10 0.46207853397219184 0.3964050005039306 0.5028854694398659 0.3964050005039306 0.5028854694398659 0.4116839940993712 0.46207853397219184 0.4116839940993712
10 0.4656791459252218 0.4439396472453014 0.5016852654555225 0.4439396472453014 0.5016852654555225 0.4626139727508398 0.4656791459252218 0.4626139727508398
10 0.4608783299878484 0.4838347971889517 0.5028854694398658 0.4838347971889517 0.5028854694398658 0.4974161248293433 0.4608783299878484 0.4974161248293433
7 0.5628956686570337 0.3955561675264061 0.6193052559211714 0.3955561675264061 0.6193052559211714 0.4133816600544201 0.5628956686570337 0.4133816600544201
7 0.5748977085004672 0.44648614617787474 0.6157046439681413 0.44648614617787474 0.6157046439681413 0.4609163067957908 0.5748977085004672 0.4609163067957908
7 0.5700968925630937 0.48128829825637814 0.6157046439681413 0.48128829825637814 0.6157046439681413 0.4982649578068677 0.5700968925630937 0.4982649578068677
8 0.6733144352166223 0.39725383348145515 0.7189221866216698 0.39725383348145515 0.7189221866216698 0.41168399409937123 0.6733144352166223 0.41168399409937123
8 0.6829160670913691 0.44733497915539927 0.7213225945903563 0.44733497915539927 0.7213225945903563 0.4617651397733154 0.6829160670913691 0.4617651397733154
8 0.6709140272479356 0.4821371312339028 0.7177219826373266 0.4821371312339028 0.7177219826373266 0.4957184588742944 0.6709140272479356 0.4957184588742944
11 0.7717311619327775 0.3955561675264061 0.8053368734943915 0.3955561675264061 0.8053368734943915 0.4099863281443222 0.7717311619327775 0.4099863281443222
11 0.766930345995404 0.44648614617787474 0.8077372814630781 0.44648614617787474 0.8077372814630781 0.45921864084074193 0.766930345995404 0.45921864084074193
11 0.770530957948434 0.4838347971889517 0.8065370774787345 0.4838347971889517 0.8065370774787345 0.49826495780686775 0.770530957948434 0.49826495780686775
5 0.8629466647428723 0.3964050005039306 0.909754620132263 0.3964050005039306 0.909754620132263 0.4125328270768957 0.8629466647428723 0.4125328270768957
5 0.8701478886489327 0.4481838121329237 0.9061540081792333 0.4481838121329237 0.9061540081792333 0.4583698078632174 0.8701478886489327 0.4583698078632174
5 0.8629466647428723 0.4821371312339028 0.9073542121635764 0.4821371312339028 0.9073542121635764 0.49826495780686775 0.8629466647428723 0.49826495780686775
19 0.39846772280199394 0.6094620778625741 0.435674046316638 0.6094620778625741 0.435674046316638 0.6221945725254413 0.39846772280199394 0.6221945725254413
17 0.5724973005317804 0.6306829023006861 0.6421091316236949 0.6306829023006861 0.6421091316236949 0.650206060783749 0.5724973005317804 0.650206060783749
18 0.6997189228721762 0.6332294012332597 0.750127490214597 0.6332294012332597 0.750127490214597 0.6476595618511759 0.6997189228721762 0.6476595618511759
16 0.8473440129464087 0.6315317352782107 0.9109548241166066 0.6315317352782107 0.9109548241166066 0.6476595618511757 0.8473440129464087 0.6476595618511757
