4 0.2101654490421784 0.023973796257110228 0.3321970000989272 0.023973796257110228 0.3321970000989272 0.05633842120420903 0.2101654490421784 0.05633842120420903
3 0.4847364389198631 0.052742351765642494 0.6016833420159142 0.052742351765642494 0.6016833420159142 0.08750435633845233 0.4847364389198631 0.08750435633845233
14 0.08124230901390525 0.2123860404777629 0.18769774841143627 0.2123860404777629 0.18769774841143627 0.23021778975991097 0.08124230901390525 0.23021778975991097
13 0.07984157954814826 0.23219909523570523 0.2983553762062382 0.23219909523570523 0.2983553762062382 0.26489063558631004 0.07984157954814826 0.26489063558631004
15 0.14287440550721267 0.27281585748948706 0.2619364100965566 0.27281585748948706 0.2619364100965566 0.28965695403373803 0.14287440550721267 0.28965695403373803
12 0.13727148764418473 0.29064760677163515 0.3894027914804424 0.29064760677163515 0.3894027914804424 0.31541392521906303 0.13727148764418473 0.31541392521906303
1 0.5032436646162955 0.213565268239115 0.6029059325283413 0.213565268239115 0.6029059325283413 0.2298845020725765 0.5032436646162955 0.2298845020725765
0 0.5017708232185806 0.23196780851940135 0.753626702227839 0.23196780851940135 0.753626702227839 0.2649534939274618 0.5017708232185806 0.2649534939274618
2 0.5683951799063478 0.2751292792567857 0.6806850626984369 0.2751292792567857 0.6806850626984369 0.29641603230250874 0.5683951799063478 0.29641603230250874
6 0.14238820189099954 0.39220642100826303 0.35307643558337287 0.39220642100826303 0.35307643558337287 0.4396922547256455 0.14238820189099954 0.4396922547256455
9 0.40632730783529136 0.39220642100826303 0.44568664819540504 0.39220642100826303 0.44568664819540504 0.4126744527829969 0.40632730783529136 0.4126744527829969
10 0.4653663183754619 0.39138769973727366 0.5081985417085267 0.39138769973727366 0.5081985417085267 0.41431189532497553 0.4653663183754619 0.41431189532497553
7 0.5695528075639982 0.39138769973727366 0.6285918181041686 0.39138769973727366 0.6285918181041686 0.4151306165959649 0.5695528075639982 0.4151306165959649
8 0.6656359031489817 0.3905689784662843 0.7339359349503554 0.3905689784662843 0.7339359349503554 0.41922422295091166 0.6656359031489817 0.41922422295091166
11 0.7605613710763146 0.3905689784662843 0.8172851263011843 0.3905689784662843 0.8172851263011843 0.4167680591379437 0.7605613710763146 0.4167680591379437
5 0.8624326049495501 0.39220642100826303 0.9156834772014684 0.39220642100826303 0.9156834772014684 0.42249910803486906 0.8624326049495501 0.42249910803486906
19 0.3924357759434865 0.517470775469634 0.45263241414130756 0.517470775469634 0.45263241414130756 0.5420324135993145 0.3924357759434865 0.5420324135993145
17 0.5707104352216485 0.5403949710573359 0.655217254230128 0.5403949710573359 0.655217254230128 0.5682314942709739 0.5707104352216485 0.5682314942709739
18 0.6957342222478922 0.5395762497863466 0.7663495093645669 0.5395762497863466 0.7663495093645669 0.5665940517289951 0.6957342222478922 0.5665940517289951
16 0.8439105624271437 0.5395762497863466 0.9191563601744198 0.5395762497863466 0.9191563601744198 0.5674127729999846 0.8439105624271437 0.5674127729999846
