4 0.2109444674822089 0.02908002129064814 0.33906136240004003 0.02908002129064814 0.33906136240004003 0.047654962379497484 0.2109444674822089 0.047654962379497484
3 0.47742760891129765 0.058075051282998315 0.5965763211848805 0.058075051282998315 0.5965763211848805 0.07529085034095624 0.47742760891129765 0.07529085034095624
14 0.08282757256437784 0.21256419546098917 0.2993451249755124 0.21256419546098917 0.2993451249755124 0.23023304186257754 0.08282757256437784 0.23023304186257754
13 0.08282757256437785 0.23295132592436044 0.3710905861294978 0.23295132592436044 0.3710905861294978 0.25922807185492774 0.08282757256437785 0.25922807185492774
15 0.14752660449788252 0.2778030129437771 0.25834771860180644 0.2778030129437771 0.25834771860180644 0.28822310184727795 0.14752660449788252 0.28822310184727795
12 0.13471491500609942 0.2891291965345389 0.39415162721470737 0.2891291965345389 0.39415162721470737 0.3049858535616054 0.13471491500609942 0.3049858535616054
1 0.49536397419979394 0.21437638483551105 0.6061850883037179 0.21437638483551105 0.6061850883037179 0.22932694717531668 0.49536397419979394 0.22932694717531668
0 0.49920748104732887 0.23023304186257754 0.6913828234240755 0.23023304186257754 0.6913828234240755 0.26738292404027625 0.49920748104732887 0.26738292404027625
2 0.5645470974554228 0.2759908235692552 0.6804928873560598 0.2759908235692552 0.6804928873560598 0.2923005279399521 0.5645470974554228 0.2923005279399521
6 0.13529144103322963 0.39616936748368486 0.34950288933584317 0.39616936748368486 0.34950288933584317 0.4345424774891858 0.13529144103322963 0.4345424774891858
6 0.14163322733166225 0.44700127943902374 0.3438657459594586 0.44700127943902374 0.3438657459594586 0.48288262905455714 0.14163322733166225 0.48288262905455714
6 0.13881465564346998 0.49434472684840797 0.3438657459594587 0.49434472684840797 0.3438657459594587 0.5322194847759155 0.13881465564346998 0.5322194847759155
6 0.13529144103322963 0.54417993464776 0.35584467563427585 0.54417993464776 0.35584467563427585 0.582553044653261 0.13529144103322963 0.582553044653261
6 0.13951929856551804 0.5915233820571443 0.34950288933584317 0.5915233820571443 0.34950288933584317 0.6303948441406387 0.13951929856551804 0.6303948441406387
9 0.40446503725559274 0.3971660716396719 0.4495621842666694 0.3971660716396719 0.4495621842666694 0.412614986057471 0.40446503725559274 0.412614986057471
9 0.4058743230996889 0.4440111669710627 0.4467436125784771 0.4440111669710627 0.4467436125784771 0.4599584334668554 0.4058743230996889 0.4599584334668554
9 0.4030557514114966 0.49434472684840797 0.4425157550461886 0.49434472684840797 0.4425157550461886 0.5082985850322266 0.4030557514114966 0.5082985850322266
9 0.40164646556740047 0.5416881742577924 0.4425157550461886 0.5416881742577924 0.4425157550461886 0.5556420324416109 0.40164646556740047 0.5556420324416109
9 0.40164646556740047 0.5880349175111896 0.44322039796823665 0.5880349175111896 0.44322039796823665 0.6064739443969498 0.40164646556740047 0.6064739443969498
10 0.4636550427076307 0.3981627757956589 0.5136846901730437 0.3981627757956589 0.5136846901730437 0.41111992982349044 0.4636550427076307 0.41111992982349044
10 0.4629503997855827 0.4460045752830368 0.49959183173208244 0.4460045752830368 0.49959183173208244 0.45846337723287467 0.4629503997855827 0.45846337723287467
10 0.46576897147377494 0.4963381351603821 0.5002964746541304 0.4963381351603821 0.5002964746541304 0.5078002329542332 0.46576897147377494 0.5078002329542332
10 0.4636550427076307 0.5456749908817404 0.504524332186419 0.5456749908817404 0.504524332186419 0.5556420324416108 0.4636550427076307 0.5556420324416108
10 0.46224575686353453 0.5920217341351378 0.4988871888100343 0.5920217341351378 0.4988871888100343 0.6044805360849758 0.46224575686353453 0.6044805360849758
7 0.5700561239368894 0.3946743112497043 0.615153270947966 0.3946743112497043 0.615153270947966 0.41211663397947756 0.5700561239368894 0.41211663397947756
7 0.5637143376384568 0.44650292736103026 0.6200857714023025 0.44650292736103026 0.6200857714023025 0.4569683209988942 0.5637143376384568 0.4569683209988942
7 0.5707607668589375 0.4888628539904794 0.6172671997141101 0.4888628539904794 0.6172671997141101 0.5087969371102202 0.5707607668589375 0.5087969371102202
7 0.5728746956250818 0.5401931180238119 0.6200857714023024 0.5401931180238119 0.6200857714023024 0.557635440753585 0.5728746956250818 0.557635440753585
7 0.5693514810148413 0.587536565433196 0.6186764855582064 0.587536565433196 0.6186764855582064 0.6094640568649111 0.5693514810148413 0.6094640568649111
8 0.6630689896472348 0.39517266332769785 0.7194404234110804 0.39517266332769785 0.7194404234110804 0.41261498605747104 0.6630689896472348 0.41261498605747104
8 0.665182918413379 0.44301446281507567 0.7222589950992727 0.44301446281507567 0.7222589950992727 0.4599584334668554 0.665182918413379 0.4599584334668554
8 0.6715247047118118 0.4928496706144276 0.7215543521772247 0.4928496706144276 0.7215543521772247 0.5082985850322266 0.6715247047118118 0.5082985850322266
8 0.675047919322052 0.5436815825697665 0.7201450663331287 0.5436815825697665 0.7201450663331287 0.558632144909572 0.675047919322052 0.558632144909572
8 0.6694107759456674 0.5925200862131312 0.7215543521772246 0.5925200862131312 0.7215543521772246 0.6084673527089239 0.6694107759456674 0.6084673527089239
11 0.7708793567205897 0.3966677195616784 0.8061115028229932 0.3966677195616784 0.8061115028229932 0.412614986057471 0.7708793567205897 0.412614986057471
11 0.7701747137985415 0.44301446281507567 0.8075207886670892 0.44301446281507567 0.8075207886670892 0.46195184177882936 0.7701747137985415 0.46195184177882936
11 0.7680607850323973 0.49484307892640156 0.804702216978897 0.49484307892640156 0.804702216978897 0.5087969371102202 0.7680607850323973 0.5087969371102202
11 0.7708793567205897 0.54417993464776 0.8096347174332335 0.54417993464776 0.8096347174332335 0.5581337928315785 0.7708793567205897 0.5581337928315785
11 0.7708793567205897 0.5915233820571443 0.8103393603552816 0.5915233820571443 0.8103393603552816 0.6119558172548786 0.7708793567205897 0.6119558172548786
5 0.8575504361325025 0.3971660716396719 0.9111032982081559 0.3971660716396719 0.9111032982081559 0.412614986057471 0.8575504361325025 0.412614986057471
5 0.8575504361325025 0.44849633567300434 0.9103986552861081 0.44849633567300434 0.9103986552861081 0.4604567855448488 0.8575504361325025 0.4604567855448488
5 0.8638922224309351 0.4963381351603821 0.9061707977538193 0.4963381351603821 0.9061707977538193 0.5107903454221943 0.8638922224309351 0.5107903454221943
5 0.8653015082750312 0.5416881742577924 0.914626512818396 0.5416881742577924 0.914626512818396 0.5636156656895072 0.8653015082750312 0.5636156656895072
5 0.8660061511970792 0.5915233820571443 0.9132172269743001 0.5915233820571443 0.9132172269743001 0.6074706485529368 0.8660061511970792 0.6074706485529368
19 0.40094182264535244 0.7156912071402644 0.4404018262800444 0.7156912071402644 0.4404018262800444 0.735625290260005 0.40094182264535244 0.735625290260005
17 0.565123623482553 0.7455923318198753 0.6581364891928981 0.7455923318198753 0.6581364891928981 0.7595461900036938 0.565123623482553 0.7595461900036938
18 0.6863222060748213 0.7431005714299077 0.7610143558119167 0.7431005714299077 0.7610143558119167 0.7565560775357328 0.6863222060748213 0.7565560775357328
16 0.8357065055490123 0.7396121068839531 0.911807941130204 0.7396121068839531 0.911807941130204 0.7585494858477069 0.8357065055490123 0.7585494858477069
