4 0.20849891855985236 0.0306576583889966 0.324806097627763 0.0306576583889966 0.324806097627763 0.045038280466978504 0.20849891855985236 0.045038280466978504
3 0.48178012252361435 0.058843677661841134 0.5923939431756131 0.058843677661841134 0.5923939431756131 0.07610042415541944 0.48178012252361435 0.07610042415541944
14 0.08243169649323594 0.2141543961040457 0.29227262096541035 0.2141543961040457 0.29227262096541035 0.23083591771450473 0.08243169649323594 0.23083591771450473
13 0.07755167499388306 0.22853501818202762 0.28657926254949867 0.22853501818202762 0.28657926254949867 0.2601723867535878 0.07755167499388306 0.2601723867535878
1 0.5021135454375848 0.21530484587028426 0.7331012297402884 0.21530484587028426 0.7331012297402884 0.22968546794826616 0.5021135454375848 0.22968546794826616
0 0.501300208521026 0.23083591771450468 0.6745409717480537 0.23083591771450468 0.6745409717480537 0.2601723867535878 0.501300208521026 0.2601723867535878
15 0.14505863906826474 0.27570345859780826 0.2572991335533813 0.27570345859780826 0.2572991335533813 0.2900840806757901 0.14505863906826474 0.2900840806757901
12 0.13448525915300014 0.29065930555890945 0.37685966028752715 0.29065930555890945 0.37685966028752715 0.30619037740312993 0.13448525915300014 0.30619037740312993
2 0.5647404880126136 0.27742913324716606 0.6753543086646124 0.27742913324716606 0.6753543086646124 0.2900840806757901 0.5647404880126136 0.2900840806757901
6 0.14237545398199136 0.3977582522824622 0.35922662841302133 0.3977582522824622 0.35922662841302133 0.43410089521664813 0.14237545398199136 0.43410089521664813
6 0.1413477232974841 0.4464573938142714 0.34278293746090527 0.4464573938142714 0.34278293746090527 0.4835268896071411 0.1413477232974841 0.4835268896071411
6 0.14237545398199136 0.4951565353460807 0.35306024430597777 0.4951565353460807 0.35306024430597777 0.5329528839976341 0.14237545398199136 0.5329528839976341
6 0.14031999261297684 0.5453093825952573 0.34072747609189075 0.5453093825952573 0.34072747609189075 0.582378878388127 0.14031999261297684 0.582378878388127
6 0.1413477232974841 0.5932816712683828 0.35614343635949963 0.5932816712683828 0.35614343635949963 0.6303511670612527 0.1413477232974841 0.6303511670612527
9 0.4044467785313403 0.3977582522824622 0.4393896218045869 0.3977582522824622 0.4393896218045869 0.4108416037387691 0.4044467785313403 0.4108416037387691
9 0.40547450921584755 0.4464573938142714 0.4393896218045869 0.4464573938142714 0.4393896218045869 0.45954074527057837 0.40547450921584755 0.45954074527057837
9 0.40239131716232585 0.4951565353460807 0.4424728138581086 0.4951565353460807 0.4424728138581086 0.5075130339437041 0.40239131716232585 0.5075130339437041
9 0.40650223990035483 0.5438556768778898 0.4404173524890941 0.5438556768778898 0.4404173524890941 0.5583927340515643 0.40650223990035483 0.5583927340515643
9 0.40547450921584755 0.5940085241270665 0.4404173524890941 0.5940085241270665 0.4404173524890941 0.6063650227246898 0.40547450921584755 0.6063650227246898
10 0.4619996968637459 0.39703139942377846 0.5010534628750215 0.39703139942377846 0.5010534628750215 0.4101147508800855 0.4619996968637459 0.4101147508800855
10 0.4650828889172681 0.4457305409555877 0.501053462875022 0.4457305409555877 0.501053462875022 0.4580870395532109 0.4650828889172681 0.4580870395532109
10 0.45994423549473185 0.49588338820476435 0.5020811935595291 0.49588338820476435 0.5020811935595291 0.5082398868023874 0.45994423549473185 0.5082398868023874
10 0.46302742754825266 0.5453093825952572 0.5020811935595275 0.5453093825952572 0.5020811935595275 0.5562121754755129 0.46302742754825266 0.5562121754755129
10 0.4640551582327609 0.5932816712683828 0.501053462875022 0.5932816712683828 0.501053462875022 0.6056381698660063 0.4640551582327609 0.6056381698660063
7 0.5514122664158773 0.39703139942377835 0.6161592995398341 0.39703139942377835 0.6161592995398341 0.40938789802140174 0.5514122664158773 0.40938789802140174
7 0.55038453573137 0.4457305409555877 0.6151315688553267 0.4457305409555877 0.6151315688553267 0.4588138924118946 0.55038453573137 0.4588138924118946
7 0.5514122664158773 0.49442968248739694 0.6151315688553267 0.49442968248739694 0.6151315688553267 0.5089667396610713 0.5514122664158773 0.5089667396610713
7 0.5801887255820802 0.5445825297365736 0.6161592995398341 0.5445825297365736 0.6161592995398341 0.5569390283341968 0.5801887255820802 0.5569390283341968
7 0.5493568050468628 0.5940085241270665 0.6161592995398341 0.5940085241270665 0.6161592995398341 0.6070918755833736 0.5493568050468628 0.6070918755833736
8 0.6521298734975879 0.39703139942377835 0.718932367990559 0.39703139942377835 0.718932367990559 0.40938789802140174 0.6521298734975879 0.40938789802140174
8 0.6439080280215298 0.4464573938142714 0.7189323679905592 0.4464573938142714 0.7189323679905592 0.45954074527057837 0.6439080280215298 0.45954074527057837
8 0.6500744121285734 0.4951565353460807 0.7209878293595735 0.4951565353460807 0.7209878293595735 0.5089667396610713 0.6500744121285734 0.5089667396610713
8 0.6829617940328053 0.5424019711605225 0.718932367990559 0.5424019711605225 0.718932367990559 0.556939028334197 0.6829617940328053 0.556939028334197
8 0.6511021428130807 0.5925548184096991 0.7199600986750665 0.5925548184096991 0.7199600986750665 0.6063650227246898 0.6511021428130807 0.6063650227246898
11 0.7692911715314144 0.39630454656509484 0.8083449375426901 0.39630454656509484 0.8083449375426901 0.4108416037387692 0.7692911715314144 0.4108416037387692
11 0.7703189022159216 0.44500368809690394 0.8073172068581826 0.44500368809690394 0.8073172068581826 0.46244815670531314 0.7703189022159216 0.46244815670531314
11 0.7692911715314144 0.49588338820476435 0.8093726682271972 0.49588338820476435 0.8093726682271972 0.509693592519755 0.7692911715314144 0.509693592519755
11 0.7692911715314144 0.5431288240192061 0.8062894761736756 0.5431288240192061 0.8062894761736756 0.5583927340515642 0.7692911715314144 0.5583927340515642
11 0.7703189022159216 0.5932816712683828 0.80834493754269 0.5932816712683828 0.80834493754269 0.6070918755833736 0.7703189022159216 0.6070918755833736
5 0.843899326946321 0.39742768228286407 0.9110763138374787 0.39742768228286407 0.9110763138374787 0.41053396974222495 0.843899326946321 0.41053396974222495
5 0.8354056849256 0.4465762602554671 0.9079877167390347 0.4465762602554671 0.9079877167390347 0.459682547714828 0.8354056849256 0.459682547714828
5 0.844671476220932 0.49572483822807034 0.9087598660136457 0.49572483822807034 0.9087598660136457 0.5088311256874312 0.844671476220932 0.5088311256874312
5 0.8747852979307614 0.5448734162006735 0.9072155674644238 0.5448734162006735 0.9072155674644238 0.5574336083492276 0.8747852979307614 0.5574336083492276
5 0.843899326946321 0.5934758988624699 0.9110763138374787 0.5934758988624699 0.9110763138374787 0.6065821863218307 0.843899326946321 0.6065821863218307
19 0.40056996283889085 0.719179081259881 0.43794198773006354 0.719179081259881 0.43794198773006354 0.7305924732557411 0.40056996283889085 0.7305924732557411
17 0.5441125129890771 0.743207274935376 0.6392413036211532 0.743207274935376 0.6392413036211532 0.7588256008244475 0.5441125129890771 0.7588256008244475
18 0.6672703222895328 0.7444086846191507 0.7530561066988156 0.7444086846191507 0.7530561066988156 0.7570234862987854 0.6672703222895328 0.7570234862987854
16 0.8150596934500796 0.7438079797772632 0.9101884840821559 0.7438079797772632 0.9101884840821559 0.7570234862987855 0.8150596934500796 0.7570234862987855
6 1.0361367609858145 0.5904126635416221 1.0722735219716288 0.5904126635416221 1.0722735219716288 0.6032893053134483 1.0361367609858145 0.6032893053134483
