4 0.20712537066281642 0.028879815002491874 0.3361156258220592 0.028879815002491874 0.3361156258220592 0.04788547011521526 0.20712537066281642 0.04788547011521526
3 0.4758550689112389 0.057659807030330135 0.6033097257947765 0.057659807030330135 0.6033097257947765 0.07720848086055991 0.4758550689112389 0.07720848086055991
14 0.07659951722786837 0.21567825382468742 0.2278559473848376 0.21567825382468742 0.2278559473848376 0.22979674047985338 0.07659951722786837 0.22979674047985338
13 0.07659951722786837 0.22979674047985335 0.2731560965181431 0.22979674047985335 0.2731560965181431 0.26563597583527454 0.07659951722786837 0.26563597583527454
15 0.14570143963460558 0.2754103127503894 0.27008489996673246 0.2754103127503894 0.27008489996673246 0.2917008742755809 0.14570143963460558 0.2917008742755809
12 0.13418445256681605 0.29007181413396227 0.3929327620231542 0.29007181413396227 0.3929327620231542 0.30907746924668567 0.13418445256681605 0.30907746924668567
1 0.49246645315005433 0.21361585485699955 0.6859518358889186 0.21361585485699955 0.6859518358889186 0.22990641638219098 0.49246645315005433 0.22990641638219098
0 0.4963054488393175 0.23153547253471016 0.6583110669262235 0.23153547253471016 0.6583110669262235 0.26574565173761217 0.4963054488393175 0.26574565173761217
2 0.5646395721082019 0.2782350942075576 0.6874874341646237 0.2782350942075576 0.6874874341646237 0.2918105621452171 0.5646395721082019 0.2918105621452171
6 0.14057410384942504 0.39367612781275857 0.3547900633103104 0.39367612781275857 0.3547900633103104 0.43603158777825646 0.14057410384942504 0.43603158777825646
6 0.13827070643586717 0.4447198872583586 0.3724494434809211 0.4447198872583586 0.3724494434809211 0.47349987928619686 0.13827070643586717 0.47349987928619686
6 0.13750290729801454 0.48273119748380533 0.3686104477916578 0.48273119748380533 0.3686104477916578 0.5229145825792777 0.13750290729801454 0.5229145825792777
6 0.13750290729801454 0.5321459007768862 0.33713068313969974 0.5321459007768862 0.33713068313969974 0.5717862671548519 0.13750290729801454 0.5717862671548519
6 0.13596730902230925 0.578845510482435 0.35325446503460506 0.578845510482435 0.35325446503460506 0.6212009704479329 0.13596730902230925 0.6212009704479329
9 0.40009021244361587 0.3947621652477714 0.44308696416336346 0.3947621652477714 0.44308696416336346 0.41159574549046923 0.40009021244361587 0.41159574549046923
9 0.4023936098571738 0.44417686854085225 0.44308696416336346 0.44417686854085225 0.44308696416336346 0.4615534675010564 0.4023936098571738 0.4615534675010564
9 0.3985546141679106 0.4816451600487926 0.44462256243906867 0.4816451600487926 0.44462256243906867 0.5022798713140352 0.3985546141679106 0.5022798713140352
9 0.40009021244361587 0.5294308071893542 0.4446225624390688 0.5294308071893542 0.4446225624390688 0.5495224997370904 0.40009021244361587 0.5495224997370904
9 0.403929208132879 0.5804745666349542 0.44692595985262673 0.5804745666349542 0.44692595985262673 0.5983941843126648 0.403929208132879 0.5983941843126648
10 0.45767514778256346 0.3963912214002906 0.5098854891565427 0.3963912214002906 0.5098854891565427 0.4121387642079757 0.45767514778256346 0.4121387642079757
10 0.4599785451961214 0.44689196212838417 0.5098854891565427 0.44689196212838417 0.5098854891565427 0.46318252365357554 0.4599785451961214 0.46318252365357554
10 0.46074634433397404 0.4816451600487926 0.5068142926051321 0.4816451600487926 0.5068142926051321 0.49956477772650326 0.46074634433397404 0.49956477772650326
10 0.4599785451961214 0.5294308071893542 0.5098854891565427 0.5294308071893542 0.5098854891565427 0.5489794810195839 0.4599785451961214 0.5489794810195839
10 0.4584429469204161 0.5815606040699669 0.511421087432248 0.5815606040699669 0.511421087432248 0.5978511655951584 0.4584429469204161 0.5978511655951584
7 0.5735889927910642 0.3951438279207238 0.622728137613633 0.3951438279207238 0.622728137613633 0.4136064643159407 0.5735889927910642 0.4136064643159407
7 0.5682143988260958 0.4451015499313109 0.6242637358893384 0.4451015499313109 0.6242637358893384 0.4619351301740087 0.5682143988260958 0.4619351301740087
7 0.5666788005503905 0.48256984143925125 0.622728137613633 0.48256984143925125 0.622728137613633 0.5004894591169619 0.5666788005503905 0.5004894591169619
7 0.5758923902046222 0.5314415260148256 0.6211925393379276 0.5314415260148256 0.6211925393379276 0.5482751062575235 0.5758923902046222 0.5482751062575235
7 0.5720533945153591 0.5792271731553873 0.6227281376136331 0.5792271731553873 0.6227281376136331 0.5960607533980851 0.5720533945153591 0.5960607533980851
8 0.6718672824362016 0.39622986535573645 0.7271488203615913 0.39622986535573645 0.7271488203615913 0.4130634455984343 0.6718672824362016 0.4130634455984343
8 0.6680282867469384 0.4451015499313109 0.7256132220858861 0.4451015499313109 0.7256132220858861 0.4624781488915152 0.6680282867469384 0.4624781488915152
8 0.6680282867469384 0.48148380400423846 0.7263810212237388 0.48148380400423846 0.7263810212237388 0.5010324778344682 0.6680282867469384 0.5010324778344682
8 0.6718672824362016 0.5303554885798129 0.7256132220858861 0.5303554885798129 0.7256132220858861 0.5499041624100427 0.6718672824362016 0.5499041624100427
8 0.6757062781254648 0.5786841544378808 0.7263810212237388 0.5786841544378808 0.7263810212237388 0.5976898095506042 0.6757062781254648 0.5976898095506042
11 0.7670743755299284 0.39568684663823006 0.8100711272496761 0.39568684663823006 0.8100711272496761 0.41360646431594067 0.7670743755299284 0.41360646431594067
11 0.7701455720813389 0.4434724937787917 0.8108389263875285 0.4434724937787917 0.8108389263875285 0.4635641863265278 0.7701455720813389 0.4635641863265278
11 0.767842174667781 0.4809407852867322 0.8077677298361181 0.4809407852867322 0.8077677298361181 0.49831738424693633 0.767842174667781 0.49831738424693633
11 0.7686099738056338 0.5298124698623065 0.8116067255253814 0.5298124698623065 0.8116067255253814 0.5520762372800682 0.7686099738056338 0.5520762372800682
11 0.7647709781163705 0.5808562293079064 0.8108389263875286 0.5808562293079064 0.8108389263875286 0.5982328282681106 0.7647709781163705 0.5982328282681106
5 0.8630492677615078 0.3940577825075111 0.9129562117219292 0.3940577825075111 0.9129562117219292 0.41686456864277904 0.8630492677615078 0.41686456864277904
5 0.8622814686236552 0.4434724937787917 0.9137240108597817 0.4434724937787917 0.9137240108597817 0.46682229863156616 0.8622814686236552 0.46682229863156616
5 0.8607458703479501 0.4820268227217448 0.9121884125840766 0.4820268227217448 0.9121884125840766 0.5015754965519746 0.8607458703479501 0.5015754965519746
5 0.8576746737965395 0.5303554885798129 0.9121884125840766 0.5303554885798129 0.9121884125840766 0.5482751062575235 0.8576746737965395 0.5482751062575235
5 0.8707272591400341 0.5808562293079064 0.9129562117219292 0.5808562293079064 0.9129562117219292 0.5993188657031234 0.8707272591400341 0.5993188657031234
19 0.3931760413763339 0.7043223146643093 0.44722910068115945 0.7043223146643093 0.44722910068115945 0.7204499705742489 0.3931760413763339 0.7204499705742489
17 0.5629364307555516 0.7306044205916183 0.651617231177531 0.7306044205916183 0.651617231177531 0.7485240382693289 0.5629364307555516 0.7485240382693289
18 0.6870895513463228 0.7294097794131041 0.7681691403035611 0.7294097794131041 0.7681691403035611 0.7461347559123008 0.6870895513463228 0.7461347559123008
16 0.8306679901247657 0.7294097794131041 0.910903000030366 0.7294097794131041 0.910903000030366 0.7479267176800718 0.8306679901247657 0.7479267176800718
