4 0.2042902624221673 0.028441410693970427 0.33619421138766115 0.028441410693970427 0.33619421138766115 0.05119453924914676 0.2042902624221673 0.05119453924914676
3 0.47774966881404485 0.04891922639362913 0.6193051262404284 0.04891922639362913 0.6193051262404284 0.08418657565415245 0.47774966881404485 0.08418657565415245
13 0.07238631345667346 0.23208191126279867 0.2638078979309877 0.23208191126279867 0.2638078979309877 0.26621160409556316 0.07238631345667346 0.26621160409556316
15 0.1447726269133469 0.27417519908987487 0.2702422369049142 0.27417519908987487 0.2702422369049142 0.292377701934016 0.1447726269133469 0.292377701934016
12 0.13190394896549384 0.292377701934016 0.3860603384355917 0.292377701934016 0.3860603384355917 0.3117178612059159 0.13190394896549384 0.3117178612059159
0 0.49866127047930603 0.23094425483503986 0.7689035073842201 0.23094425483503986 0.7689035073842201 0.27189988623435724 0.49866127047930603 0.27189988623435724
2 0.5613960754750896 0.27531285551763374 0.7029515329014732 0.27531285551763374 0.7029515329014732 0.29806598407281 0.5613960754750896 0.29806598407281
14 0.07882065243059998 0.21046643913538116 0.201073092935204 0.21046643913538116 0.201073092935204 0.23208191126279867 0.07882065243059998 0.23208191126279867
1 0.4922269315053795 0.21160409556313997 0.6514768211100611 0.21160409556313997 0.6514768211100611 0.22866894197952223 0.4922269315053795 0.22866894197952223
6 0.13672970319593875 0.3947667804323094 0.36997449100077545 0.3947667804323094 0.36997449100077545 0.4254835039817975 0.13672970319593875 0.4254835039817975
6 0.13672970319593875 0.428896473265074 0.3651487367703305 0.428896473265074 0.3651487367703305 0.4618885096700797 0.13672970319593875 0.4618885096700797
6 0.1351211184524571 0.466439135381115 0.31689119446588154 0.466439135381115 0.31689119446588154 0.49032992036405015 0.1351211184524571 0.49032992036405015
6 0.13190394896549384 0.49488054607508547 0.3635401520268489 0.49488054607508547 0.3635401520268489 0.5290102389078499 0.13190394896549384 0.5290102389078499
6 0.13351253370897548 0.5335608646188852 0.3796259994616653 0.5335608646188852 0.3796259994616653 0.5756541524459614 0.13351253370897548 0.5756541524459614
9 0.39892901638344486 0.39135381114903306 0.44396938920093054 0.39135381114903306 0.44396938920093054 0.416382252559727 0.39892901638344486 0.416382252559727
9 0.39892901638344486 0.43230944254835046 0.4471865586878938 0.43230944254835046 0.4471865586878938 0.4527872582480092 0.39892901638344486 0.4527872582480092
9 0.39571184689648153 0.466439135381115 0.4504037281748571 0.466439135381115 0.4504037281748571 0.48919226393629134 0.39571184689648153 0.48919226393629134
9 0.39571184689648153 0.49374288964732654 0.4455779739444122 0.49374288964732654 0.4455779739444122 0.5130830489192265 0.39571184689648153 0.5130830489192265
9 0.39571184689648153 0.5335608646188852 0.4471865586878938 0.5335608646188852 0.4471865586878938 0.5551763367463027 0.39571184689648153 0.5551763367463027
10 0.4616638213792285 0.39590443686006827 0.5179642874010856 0.39590443686006827 0.5179642874010856 0.416382252559727 0.4616638213792285 0.416382252559727
10 0.46327240612271015 0.4334470989761093 0.511529948427159 0.4334470989761093 0.511529948427159 0.453924914675768 0.46327240612271015 0.453924914675768
10 0.4616638213792285 0.4698521046643914 0.5147471179141223 0.4698521046643914 0.5147471179141223 0.48805460750853247 0.4616638213792285 0.48805460750853247
10 0.4616638213792285 0.49601820250284434 0.5131385331706407 0.49601820250284434 0.5131385331706407 0.5130830489192265 0.4616638213792285 0.5130830489192265
10 0.46327240612271015 0.5324232081911263 0.511529948427159 0.5324232081911263 0.511529948427159 0.5540386803185438 0.46327240612271015 0.5540386803185438
7 0.5678304144490162 0.39362912400455063 0.6209137109839102 0.39362912400455063 0.6209137109839102 0.4129692832764505 0.5678304144490162 0.4129692832764505
7 0.5630046602185713 0.43230944254835046 0.6289566347013181 0.43230944254835046 0.6289566347013181 0.4527872582480092 0.5630046602185713 0.4527872582480092
7 0.5662218297055346 0.4698521046643914 0.6305652194447997 0.4698521046643914 0.6305652194447997 0.48691695108077365 0.5662218297055346 0.48691695108077365
7 0.5646132449620529 0.49488054607508547 0.6257394652143549 0.49488054607508547 0.6257394652143549 0.5187713310580205 0.5646132449620529 0.5187713310580205
7 0.559787490731608 0.5290102389078499 0.6289566347013181 0.5290102389078499 0.6289566347013181 0.5551763367463027 0.559787490731608 0.5551763367463027
8 0.6627369143144325 0.3924914675767918 0.7286888887971793 0.3924914675767918 0.7286888887971793 0.416382252559727 0.6627369143144325 0.416382252559727
8 0.6611283295709509 0.43230944254835046 0.7383403972580691 0.43230944254835046 0.7383403972580691 0.4562002275312856 0.6611283295709509 0.4562002275312856
8 0.6659540838013958 0.4630261660978386 0.7270803040536978 0.4630261660978386 0.7270803040536978 0.49032992036405015 0.6659540838013958 0.49032992036405015
8 0.6530854058535427 0.49601820250284434 0.7319060582841427 0.49601820250284434 0.7319060582841427 0.516496018202503 0.6530854058535427 0.516496018202503
8 0.6611283295709509 0.5290102389078499 0.7286888887971793 0.5290102389078499 0.7286888887971793 0.5574516496018205 0.6611283295709509 0.5574516496018205
11 0.7640777531537754 0.38907849829351543 0.8187696344321509 0.38907849829351543 0.8187696344321509 0.41751990898748587 0.7640777531537754 0.41751990898748587
11 0.7624691684102938 0.43344709897610934 0.8219868039191138 0.43344709897610934 0.8219868039191138 0.4550625711035269 0.7624691684102938 0.4550625711035269
11 0.765686337897257 0.466439135381115 0.8139438802017058 0.466439135381115 0.8139438802017058 0.48805460750853247 0.765686337897257 0.48805460750853247
11 0.7592519989233305 0.49488054607508547 0.8203782191756324 0.49488054607508547 0.8203782191756324 0.5164960182025029 0.7592519989233305 0.5164960182025029
11 0.7624691684102938 0.5278725824800911 0.8139438802017059 0.5278725824800911 0.8139438802017059 0.5529010238907852 0.7624691684102938 0.5529010238907852
5 0.8509413293017835 0.39362912400455063 0.9136761342975672 0.39362912400455063 0.9136761342975672 0.4152445961319681 0.8509413293017835 0.4152445961319681
5 0.85737566827571 0.428896473265074 0.9136761342975672 0.428896473265074 0.9136761342975672 0.4550625711035268 0.85737566827571 0.4550625711035268
5 0.8605928377626733 0.4698521046643914 0.9136761342975671 0.4698521046643914 0.9136761342975671 0.48691695108077365 0.8605928377626733 0.48691695108077365
5 0.8493327445583019 0.4914675767918089 0.9168933037845305 0.4914675767918089 0.9168933037845305 0.5142207053469853 0.8493327445583019 0.5142207053469853
5 0.8525499140452653 0.5312855517633676 0.9120675495540856 0.5312855517633676 0.9120675495540856 0.5517633674630263 0.8525499140452653 0.5517633674630263
19 0.3941032621529999 0.653014789533561 0.4520123129183387 0.653014789533561 0.4520123129183387 0.6780432309442549 0.3941032621529999 0.6780432309442549
17 0.546918812783755 0.6803185437997725 0.6579111600839875 0.6803185437997725 0.6579111600839875 0.6996587030716725 0.546918812783755 0.6996587030716725
18 0.682039931236212 0.6769055745164961 0.765686337897257 0.6769055745164961 0.765686337897257 0.7030716723549488 0.682039931236212 0.7030716723549488
16 0.8284211428930406 0.6791808873720138 0.9152847190410487 0.6791808873720138 0.9152847190410487 0.7042093287827078 0.8284211428930406 0.7042093287827078
