4 0.20617262202460754 0.026432284206528912 0.354260441345816 0.026432284206528912 0.354260441345816 0.04794010111972252 0.20617262202460754 0.04794010111972252
3 0.4772262198893195 0.05635620339010264 0.5962253604152905 0.05635620339010264 0.5962253604152905 0.08066938772675632 0.4772262198893195 0.08066938772675632
14 0.07791799279106089 0.21065141168040472 0.26038334159755 0.21065141168040472 0.26038334159755 0.23028898364462494 0.07791799279106089 0.23028898364462494
13 0.07791799279106089 0.23215922859359833 0.30137193444538446 0.23215922859359833 0.30137193444538446 0.2667587601496055 0.07791799279106089 0.2667587601496055
15 0.1453508390891112 0.2751748624199855 0.2762498936676794 0.2751748624199855 0.2762498936676794 0.29107194448625906 0.1453508390891112 0.29107194448625906
12 0.13345092503651407 0.29107194448625906 0.404504522901226 0.29107194448625906 0.404504522901226 0.311644638924966 0.13345092503651407 0.311644638924966
1 0.49838162264949226 0.2134567791038647 0.6041586364503554 0.2134567791038647 0.6041586364503554 0.230288983644625 0.49838162264949226 0.230288983644625
0 0.4957371973044705 0.23215922859359833 0.7667907951691825 0.23215922859359833 0.7667907951691825 0.2667587601496055 0.4957371973044705 0.2667587601496055
2 0.5618478309300101 0.2751748624199855 0.688780247491046 0.2751748624199855 0.688780247491046 0.2938773119097191 0.5618478309300101 0.2938773119097191
6 0.14006198839906803 0.39393541667979376 0.37409363143347785 0.39393541667979376 0.37409363143347785 0.4388212954551543 0.14006198839906803 0.4388212954551543
6 0.13873977572655724 0.44349690782758777 0.3688047807434347 0.44349690782758777 0.3688047807434347 0.47716131690910824 0.13873977572655724 0.47716131690910824
9 0.40186009755620444 0.39580566162876724 0.44284869040403896 0.39580566162876724 0.44284869040403896 0.41263786616952736 0.40186009755620444 0.41263786616952736
9 0.40186009755620444 0.4453671527765611 0.44813754109408205 0.4453671527765611 0.44813754109408205 0.4612642348428347 0.40186009755620444 0.4612642348428347
10 0.45871524247416845 0.39580566162876724 0.5129259620471108 0.39580566162876724 0.5129259620471108 0.41170274369504073 0.45871524247416845 0.41170274369504073
10 0.46400409316421165 0.4453671527765611 0.5063148986845569 0.4453671527765611 0.5063148986845569 0.4612642348428347 0.46400409316421165 0.4612642348428347
7 0.5750699576551179 0.3948705391542805 0.6253140392105282 0.3948705391542805 0.6253140392105282 0.41637835606747414 0.5750699576551179 0.41637835606747414
7 0.5578811929124776 0.44630227525104776 0.6226696138655063 0.44630227525104776 0.6226696138655063 0.4612642348428347 0.5578811929124776 0.4612642348428347
8 0.6782025461109594 0.39300029420530713 0.7218355643038158 0.39300029420530713 0.7218355643038158 0.41263786616952736 0.6782025461109594 0.41263786616952736
8 0.6610137813683195 0.44723739772553456 0.7271244149938589 0.44723739772553456 0.7271244149938589 0.4612642348428347 0.6610137813683195 0.4612642348428347
11 0.7681130078416932 0.3967407841032538 0.8091016006895279 0.3967407841032538 0.8091016006895279 0.41357298864401404 0.7681130078416932 0.41357298864401404
11 0.7667907951691825 0.44630227525104776 0.8130682387070601 0.44630227525104776 0.8130682387070601 0.4621993573173213 0.7667907951691825 0.4621993573173213
5 0.8596355015816374 0.3950159074411672 0.9138208443523821 0.3950159074411672 0.9138208443523821 0.4109834382533843 0.8596355015816374 0.4109834382533843
5 0.8542169673045631 0.443557201110307 0.9102084881676661 0.443557201110307 0.9102084881676661 0.46399564054994485 0.8542169673045631 0.46399564054994485
19 0.3944265959900582 0.5560076935435673 0.44467067754546824 0.5560076935435673 0.44467067754546824 0.5747101430333009 0.3944265959900582 0.5747101430333009
17 0.5597031800539071 0.583126245303681 0.6456470037671084 0.583126245303681 0.6456470037671084 0.5990233273699545 0.5597031800539071 0.5990233273699545
18 0.6826689585974105 0.5821911228291943 0.7646461442930794 0.5821911228291943 0.7646461442930794 0.6008935723189278 0.6826689585974105 0.6008935723189278
16 0.836045628608662 0.5821911228291943 0.9140561762867988 0.5821911228291943 0.9140561762867988 0.5999584498444414 0.836045628608662 0.5999584498444414
