4 0.21138281028696349 0.025216615146472058 0.3349016813582614 0.025216615146472058 0.3349016813582614 0.050433230292944116 0.21138281028696349 0.050433230292944116
3 0.4826149704744528 0.056737384079562116 0.5972201085818427 0.056737384079562116 0.5972201085818427 0.07835162563368102 0.4826149704744528 0.07835162563368102
14 0.07895020625175744 0.2116394485507476 0.1973755156293936 0.2116394485507476 0.1973755156293936 0.23055190991060165 0.07895020625175744 0.23055190991060165
13 0.07767681582834202 0.23145250330868994 0.2852394548450592 0.23145250330868994 0.2852394548450592 0.2638738656398683 0.07767681582834202 0.2638738656398683
15 0.1477132891161914 0.27017801942648634 0.26359181764699674 0.27017801942648634 0.26359181764699674 0.2908916675825169 0.1477132891161914 0.2908916675825169
12 0.13497938488203695 0.29179226098060523 0.390930859988541 0.29179226098060523 0.390930859988541 0.30980412894237097 0.13497938488203695 0.30980412894237097
1 0.4991690459788536 0.20803707495839444 0.6137741840862433 0.20803707495839444 0.6137741840862433 0.23055190991060165 0.4991690459788536 0.23055190991060165
0 0.49967314001577434 0.23199108013709388 0.7250625054236698 0.23199108013709388 0.7250625054236698 0.2619780668716942 0.49967314001577434 0.2619780668716942
2 0.5666204762755455 0.27491981904136387 0.6795383167670259 0.27491981904136387 0.6795383167670259 0.29449027354183993 0.5666204762755455 0.29449027354183993
6 0.13888448064877013 0.3954012186911494 0.36640411029645165 0.3954012186911494 0.36640411029645165 0.43573403150167894 0.13888448064877013 0.43573403150167894
6 0.14126066477041693 0.4441367008372058 0.36699815632686333 0.4441367008372058 0.36699815632686333 0.4840493801809589 0.14126066477041693 0.4840493801809589
9 0.4062051943340357 0.39666161909147835 0.44422414028038465 0.39666161909147835 0.44422414028038465 0.4126266908289796 0.4062051943340357 0.4126266908289796
9 0.4062051943340357 0.4449769677707585 0.44422414028038465 0.4449769677707585 0.44422414028038465 0.4613621729750361 0.4062051943340357 0.4613621729750361
10 0.4662038434056175 0.3954012186911494 0.5036287433215546 0.3954012186911494 0.5036287433215546 0.4138870912293087 0.4662038434056175 0.4138870912293087
10 0.4644217053143824 0.44539710123753484 0.502440651260731 0.44539710123753484 0.502440651260731 0.46094203950825974 0.4644217053143824 0.46094203950825974
7 0.5636273923931364 0.3954012186911494 0.6176855811606012 0.3954012186911494 0.6176855811606012 0.41346695776253245 0.5636273923931364 0.41346695776253245
7 0.5796666352142523 0.4437165673704295 0.6212498573430714 0.4437165673704295 0.6212498573430714 0.4617823064418125 0.5796666352142523 0.4617823064418125
8 0.6652092635935373 0.39456095175759676 0.723425774573884 0.39456095175759676 0.723425774573884 0.41304682429575607 0.6652092635935373 0.41304682429575607
8 0.6729318619888894 0.44455683430398224 0.7263960047259423 0.44455683430398224 0.7263960047259423 0.46178230644181245 0.6729318619888894 0.46178230644181245
11 0.769167318915585 0.3949810852243731 0.8095624489835808 0.3949810852243731 0.8095624489835808 0.4122065573622034 0.769167318915585 0.4122065573622034
11 0.773325641128467 0.4437165673704295 0.8119386331052276 0.4437165673704295 0.8119386331052276 0.46136217297503623 0.773325641128467 0.46136217297503623
5 0.8570861314165168 0.3949810852243731 0.9099562281231581 0.3949810852243731 0.9099562281231581 0.41640789202996686 0.8570861314165168 0.41640789202996686
5 0.8618384996598103 0.44329643390365314 0.9117383662143934 0.44329643390365314 0.9117383662143934 0.4617823064418125 0.8618384996598103 0.4617823064418125
19 0.3978885499082719 0.5680760735362286 0.44184795615873773 0.5680760735362286 0.44184795615873773 0.5874022130079407 0.3978885499082719 0.5874022130079407
17 0.5671916685756067 0.591603547675704 0.650358112833245 0.591603547675704 0.650358112833245 0.6142907548816269 0.5671916685756067 0.6142907548816269
18 0.6865949206883586 0.5911834142089277 0.7560983062465276 0.5911834142089277 0.7560983062465276 0.6126102210145213 0.6865949206883586 0.6126102210145213
16 0.837231387667194 0.591603547675704 0.9144573716207149 0.591603547675704 0.9144573716207149 0.6121900875477452 0.837231387667194 0.6121900875477452
