4 0.20844285949465885 0.028167367992984395 0.3256148811040825 0.028167367992984395 0.3256148811040825 0.04997494958190745 0.20844285949465885 0.04997494958190745
3 0.4785552040469091 0.05869798221747668 0.6018941741620919 0.05869798221747668 0.6018941741620919 0.0752717442250582 0.4785552040469091 0.0752717442250582
14 0.08387049967832427 0.21135105333993812 0.31821454289717144 0.21135105333993812 0.31821454289717144 0.22879711861107654 0.08387049967832427 0.22879711861107654
13 0.08140372027602062 0.23054172513819038 0.2873798003683758 0.23054172513819038 0.2873798003683758 0.2602000360991258 0.08140372027602062 0.2602000360991258
15 0.14677339681148377 0.2750292046350939 0.26147863901860374 0.2750292046350939 0.26147863901860374 0.2898583601155616 0.14677339681148377 0.2898583601155616
12 0.1344394774255492 0.28985834706006114 0.3922179249662812 0.28985834706006114 0.3922179249662812 0.3046875025405288 0.1344394774255492 0.3046875025405288
1 0.5007562186676414 0.21309565986705176 0.6018941741620912 0.21309565986705176 0.6018941741620912 0.22879706638907465 0.5007562186676414 0.22879706638907465
0 0.500756218667642 0.23054172513819038 0.7597680559095259 0.23054172513819038 0.7597680559095259 0.26281694588979654 0.500756218667642 0.26281694588979654
2 0.5661258728286889 0.2741568883160365 0.6758975562312015 0.2741568883160365 0.6758975562312015 0.2916029535871749 0.5661258728286889 0.2916029535871749
6 0.14060642593130834 0.3954070419504488 0.350282675127119 0.3954070419504488 0.350282675127119 0.4329160822833964 0.14060642593130834 0.4329160822833964
6 0.13690625682785287 0.4425114181825226 0.34411572662135986 0.4425114181825226 0.34411572662135986 0.48350967156969793 0.13690625682785287 0.48350967156969793
9 0.40455182197779943 0.3945347386868918 0.44525368211580973 0.3945347386868918 0.44525368211580973 0.4111085006944734 0.40455182197779943 0.4111085006944734
9 0.40085165287434393 0.44338372144607946 0.44278690271350607 0.44338372144607946 0.44278690271350607 0.4590851801901042 0.40085165287434393 0.4590851801901042
10 0.46375452763308705 0.3997685582682333 0.5044563877710975 0.3997685582682333 0.5044563877710975 0.4137254104851441 0.46375452763308705 0.4137254104851441
10 0.46252113793193533 0.44687293450030713 0.5044563877710975 0.44687293450030713 0.5044563877710975 0.459957483453661 0.46252113793193533 0.459957483453661
7 0.5722928213344479 0.39627934521400554 0.6203950196793692 0.39627934521400554 0.6203950196793692 0.41285310722158713 0.5722928213344479 0.41285310722158713
7 0.5747596007367516 0.44338372144607946 0.6166948505759138 0.44338372144607946 0.6166948505759138 0.459957483453661 0.5747596007367516 0.459957483453661
8 0.6771309459323532 0.39366243542333496 0.7202995854726673 0.39366243542333496 0.7202995854726673 0.4119808039580302 0.6771309459323532 0.4119808039580302
8 0.6758975562312015 0.4416391149189656 0.7202995854726673 0.4416391149189656 0.7202995854726673 0.4590851801901042 0.6758975562312015 0.4590851801901042
11 0.7708685632198923 0.39627934521400554 0.8078702542544469 0.39627934521400554 0.8078702542544469 0.41110850069447336 0.7708685632198923 0.41110850069447336
11 0.764701614714133 0.4381499018647379 0.8091036439555988 0.4381499018647379 0.8091036439555988 0.4608297867172179 0.764701614714133 0.4608297867172179
5 0.8621394011051272 0.39191782889622107 0.9102415994500486 0.39191782889622107 0.9102415994500486 0.4084915909038026 0.8621394011051272 0.4084915909038026
5 0.8609060114039756 0.4398945083918518 0.907774820047745 0.4398945083918518 0.907774820047745 0.45734057366299025 0.8609060114039756 0.45734057366299025
19 0.3959180940697366 0.5655061783440486 0.44402029241465785 0.5655061783440486 0.44402029241465785 0.5881860631965286 0.3959180940697366 0.5881860631965286
17 0.5772263801390553 0.5925475795143132 0.6586301004150757 0.5925475795143132 0.6586301004150757 0.6117382513125657 0.5772263801390553 0.6117382513125657
18 0.6919316223461752 0.5942921860414271 0.7634682250129813 0.5942921860414271 0.7634682250129813 0.6117382513125655 0.6919316223461752 0.6117382513125655
16 0.8498055040936091 0.5942921860414271 0.9114749891512004 0.5942921860414271 0.9114749891512004 0.6091213415218948 0.8498055040936091 0.6091213415218948
