4 0.2074765473935926 0.030025431456276664 0.33654821197223006 0.030025431456276664 0.33654821197223006 0.04753936040613013 0.2074765473935926 0.04753936040613013
3 0.47387445975066395 0.0560309623212106 0.6044469576383552 0.0560309623212106 0.6044469576383552 0.07885214246798936 0.47387445975066395 0.07885214246798936
14 0.07615363285137426 0.21312559775019918 0.21272946397528128 0.21312559775019918 0.21272946397528128 0.2317009769394377 0.07615363285137426 0.2317009769394377
13 0.07315196623326643 0.23276242717882278 0.2374932135746711 0.23276242717882278 0.2374932135746711 0.26460593436037455 0.07315196623326643 0.26460593436037455
15 0.14519196506785476 0.2757511618739176 0.26000571321048 0.2757511618739176 0.26000571321048 0.291142190345001 0.14519196506785476 0.291142190345001
12 0.13393571524995032 0.29114219034500094 0.38982779444364435 0.29114219034500094 0.38982779444364435 0.3075946690554694 0.13393571524995032 0.3075946690554694
1 0.5003102877396706 0.2157716046621946 0.7663555042691144 0.2157716046621946 0.7663555042691144 0.2311838621380657 0.5003102877396706 0.2311838621380657
0 0.49577026697978255 0.23246821692772157 0.6937151721109046 0.23246821692772157 0.6937151721109046 0.2671457962484315 0.49577026697978255 0.2671457962484315
2 0.5629625742261267 0.274209747591539 0.6828191222871731 0.274209747591539 0.6828191222871731 0.29411724683120577 0.5629625742261267 0.29411724683120577
6 0.13892463525257642 0.3962234526088515 0.3513976068153404 0.3962234526088515 0.3513976068153404 0.4257636127709377 0.13892463525257642 0.4257636127709377
6 0.13529261864466594 0.43346974150887324 0.3477655902074298 0.43346974150887324 0.3477655902074298 0.47328473998820675 0.13529261864466594 0.47328473998820675
9 0.4004298310221321 0.39493909781919556 0.4431060261650803 0.39493909781919556 0.4431060261650803 0.4148465970588624 0.4004298310221321 0.4148465970588624
9 0.4013378351741097 0.4315432093243893 0.44401403031705805 0.4315432093243893 0.44401403031705805 0.452092885958884 0.4013378351741097 0.452092885958884
10 0.4621741133566105 0.39429692042436754 0.5066663168035139 0.39429692042436754 0.5066663168035139 0.4148465970588624 0.4621741133566105 0.4148465970588624
10 0.46126610920463285 0.43346974150887324 0.5057583126515365 0.43346974150887324 0.5057583126515365 0.45273506335371205 0.46126610920463285 0.45273506335371205
7 0.5675025949860149 0.39429692042436754 0.6237988524086275 0.39429692042436754 0.6237988524086275 0.4122778874795505 0.5675025949860149 0.4122778874795505
7 0.5684105991379925 0.4315432093243893 0.6219828441046724 0.4315432093243893 0.6219828441046724 0.452092885958884 0.5684105991379925 0.452092885958884
8 0.6691990600075087 0.3936547430295397 0.7227713049741885 0.3936547430295397 0.7227713049741885 0.41484659705886234 0.6691990600075087 0.41484659705886234
8 0.6701070641594863 0.4321853867192173 0.7245873132781437 0.4321853867192173 0.7245873132781437 0.4508085311692282 0.6701070641594863 0.4508085311692282
11 0.7707994225714795 0.39657974825976944 0.8083202552978276 0.39657974825976944 0.8083202552978276 0.41539636613977726 0.7707994225714795 0.41539636613977726
11 0.7687528316954968 0.4327655518751692 0.8117312400911318 0.4327655518751692 0.8117312400911318 0.45158216975517707 0.7687528316954968 0.45158216975517707
5 0.860167224156054 0.3936848839705375 0.9126963899729412 0.3936848839705375 0.9126963899729412 0.4144314113767001 0.860167224156054 0.4144314113767001
5 0.8526630576107843 0.431800597112092 0.9126963899729412 0.431800597112092 0.9126963899729412 0.45206464713671574 0.8526630576107843 0.45206464713671574
19 0.3962732922666594 0.5572447163121442 0.44198048849693805 0.5572447163121442 0.44198048849693805 0.5750963794290748 0.3962732922666594 0.5750963794290748
17 0.5634115471385737 0.5837809722967706 0.6500505608885047 0.5837809722967706 0.6500505608885047 0.6011501580321625 0.5634115471385737 0.6011501580321625
18 0.6862069996975311 0.5842634496783093 0.7626130590675491 0.5842634496783093 0.7626130590675491 0.6001852032690853 0.6862069996975311 0.6001852032690853
16 0.8342437397269407 0.5828160175336933 0.914742980848924 0.5828160175336933 0.914742980848924 0.5992202485060079 0.8342437397269407 0.5992202485060079
