4 0.20768889387784292 0.0282021151586369 0.32565618560045767 0.0282021151586369 0.32565618560045767 0.0481786133960047 0.20768889387784292 0.0481786133960047
3 0.47519218919250467 0.0564042303172738 0.5998055255192104 0.0564042303172738 0.5998055255192104 0.08108108108108109 0.47519218919250467 0.08108108108108109
14 0.08253341617364647 0.21362121947594634 0.2269668944775278 0.21362121947594634 0.2269668944775278 0.23219380471860881 0.08253341617364647 0.23219380471860881
13 0.08253341617364647 0.23285711133441814 0.29074271606625457 0.23285711133441814 0.29074271606625457 0.26403252227745877 0.08253341617364647 0.26403252227745877
15 0.14630923776237328 0.2746454281304087 0.25697904581339925 0.2746454281304087 0.25697904581339925 0.28857486706240554 0.14630923776237328 0.28857486706240554
12 0.13599256074066748 0.2918914001414525 0.3732761322399011 0.2918914001414525 0.3732761322399011 0.30648414568925864 0.13599256074066748 0.30648414568925864
1 0.5027035348758466 0.21627444593918382 0.7277946698948825 0.21627444593918382 0.7277946698948825 0.23020388487118068 0.5027035348758466 0.23020388487118068
0 0.4998898956881087 0.23086719148699003 0.7596825806892459 0.23086719148699003 0.7596825806892459 0.26204260243003064 0.4998898956881087 0.26204260243003064
2 0.5664793564645735 0.27331881489879 0.6733976455986155 0.27331881489879 0.6733976455986155 0.29388131998888056 0.5664793564645735 0.29388131998888056
6 0.13974407965765143 0.39669384543933345 0.3676488538644252 0.39669384543933345 0.3676488538644252 0.4345023225404677 0.13974407965765143 0.4345023225404677
6 0.1444334783038813 0.4451152283934177 0.3582700565719654 0.4451152283934177 0.3582700565719654 0.4855769319577895 0.1444334783038813 0.4855769319577895
6 0.14068195938689737 0.49353661134750204 0.3301336646945859 0.49353661134750204 0.3301336646945859 0.5213954892114957 0.14068195938689737 0.5213954892114957
6 0.14255771884538934 0.5293551686012082 0.3723382525106551 0.5293551686012082 0.3723382525106551 0.5691535655497706 0.14255771884538934 0.5691535655497706
6 0.13599256074066748 0.58042977801853 0.3714003727814092 0.58042977801853 0.3714003727814092 0.6182382551196643 0.13599256074066748 0.6182382551196643
6 0.14068195938689734 0.6328310006674702 0.3488912592795055 0.6328310006674702 0.3488912592795055 0.6527301991417513 0.14068195938689734 0.6527301991417513
9 0.4032882835757725 0.3953672322077148 0.44736863085033374 0.3953672322077148 0.44736863085033374 0.4106232843713305 0.4032882835757725 0.4106232843713305
9 0.40235040384652654 0.4444519217776084 0.44361711193334974 0.4444519217776084 0.44361711193334974 0.4590446673254146 0.40235040384652654 0.4590446673254146
9 0.40141252411728057 0.4955265311949302 0.4408034727456119 0.4955265311949302 0.4408034727456119 0.5081293568953085 0.40141252411728057 0.5081293568953085
9 0.4061019227635105 0.5300184752170176 0.4398655930163659 0.5300184752170176 0.4398655930163659 0.5459378339964426 0.4061019227635105 0.5459378339964426
9 0.4032882835757725 0.5830830044817675 0.4408034727456119 0.5830830044817675 0.4408034727456119 0.5943592169505271 0.4032882835757725 0.5943592169505271
9 0.40703980249275645 0.6308410808200424 0.4426792322041038 0.6308410808200424 0.4426792322041038 0.6434439065204206 0.40703980249275645 0.6434439065204206
10 0.46518834570600753 0.3980204586709523 0.5139580916267985 0.3980204586709523 0.5139580916267985 0.4106232843713305 0.46518834570600753 0.4106232843713305
10 0.4633125862475153 0.4444519217776084 0.5045792943343386 0.4444519217776084 0.5045792943343386 0.4590446673254146 0.4633125862475153 0.4590446673254146
10 0.4614368267890235 0.4935366113475021 0.5036414146050927 0.4935366113475021 0.5036414146050927 0.5081293568953084 0.4614368267890235 0.5081293568953084
10 0.4595610673305314 0.5353249281434926 0.5008277754173548 0.5353249281434926 0.5008277754173548 0.5485910604596801 0.4595610673305314 0.5485910604596801
10 0.46518834570600753 0.5777765515552925 0.5045792943343386 0.5777765515552925 0.5045792943343386 0.5970124434137644 0.46518834570600753 0.5970124434137644
10 0.46518834570600753 0.6315043874358518 0.5027035348758467 0.6315043874358518 0.5027035348758467 0.6460971329836581 0.46518834570600753 0.6460971329836581
7 0.5721066348400493 0.3973571520551428 0.6171248618438566 0.3973571520551428 0.6171248618438566 0.4132765108345679 0.5721066348400493 0.4132765108345679
7 0.5646035970060812 0.4451152283934177 0.6152491023853643 0.4451152283934177 0.6152491023853643 0.46037128055703325 0.5646035970060812 0.46037128055703325
7 0.5711687551108034 0.4928733047316928 0.6208763807608404 0.4928733047316928 0.6208763807608404 0.509455970126927 0.5711687551108034 0.509455970126927
7 0.5627278375475895 0.5300184752170176 0.6199385010315945 0.5300184752170176 0.6199385010315945 0.5479277538438707 0.5627278375475895 0.5479277538438707
7 0.5739823942985414 0.58042977801853 0.6190006213023486 0.58042977801853 0.6190006213023486 0.5917059904872894 0.5739823942985414 0.5917059904872894
7 0.5646035970060815 0.6315043874358518 0.6199385010315945 0.6315043874358518 0.6199385010315945 0.64410721313623 0.5646035970060815 0.64410721313623
8 0.6658946077646476 0.3973571520551428 0.7174779928731766 0.3973571520551428 0.7174779928731766 0.4106232843713304 0.6658946077646476 0.4106232843713304
8 0.6527642915552027 0.44710514824084524 0.7240431509778975 0.44710514824084524 0.7240431509778975 0.45771805409379546 0.6527642915552027 0.45771805409379546
8 0.6733976455986155 0.4935366113475021 0.7212295117901606 0.4935366113475021 0.7212295117901606 0.5081293568953084 0.6733976455986155 0.5081293568953084
8 0.6546400510136958 0.5326717016802551 0.7137264739561928 0.5326717016802551 0.7137264739561928 0.5452745273806333 0.6546400510136958 0.5452745273806333
8 0.6771491645155995 0.5784398581711019 0.7165401131439307 0.5784398581711019 0.7165401131439307 0.5970124434137645 0.6771491645155995 0.5970124434137645
8 0.6640188483061558 0.6281878543568049 0.7221673915194067 0.6281878543568049 0.7221673915194067 0.6441072131362299 0.6640188483061558 0.6441072131362299
11 0.7662477387939678 0.39205069912866797 0.8084523266100369 0.39205069912866797 0.8084523266100369 0.40797005790809293 0.7662477387939678 0.40797005790809293
11 0.7728128968986896 0.4451152283934179 0.810328086068529 0.4451152283934179 0.810328086068529 0.46169789378865217 0.7728128968986896 0.46169789378865217
11 0.7690613779817057 0.49618983781073955 0.8084523266100369 0.49618983781073955 0.8084523266100369 0.5114458899743551 0.7690613779817057 0.5114458899743551
11 0.7728128968986896 0.530681781832827 0.806576567151545 0.530681781832827 0.806576567151545 0.5452745273806333 0.7728128968986896 0.5452745273806333
11 0.7709371374401978 0.5771132449394832 0.810328086068529 0.5771132449394832 0.810328086068529 0.5983390566453831 0.7709371374401978 0.5983390566453831
11 0.7728128968986896 0.6281878543568049 0.808452326610037 0.6281878543568049 0.808452326610037 0.6487503594468955 0.7728128968986896 0.6487503594468955
5 0.8553463130723361 0.3973571520551428 0.9059918184516191 0.3973571520551428 0.9059918184516191 0.4112865909871397 0.8553463130723361 0.4112865909871397
5 0.8440917563213842 0.4457785350092272 0.9013024198053893 0.4457785350092272 0.9013024198053893 0.45506482763055844 0.8440917563213842 0.45506482763055844
5 0.8628493509063039 0.4948632245791209 0.9088054576393572 0.4948632245791209 0.9088054576393572 0.5068027436636896 0.8628493509063039 0.5068027436636896
5 0.8422159968628924 0.5293551686012083 0.9116190968270952 0.5293551686012083 0.9116190968270952 0.5479277538438707 0.8422159968628924 0.5479277538438707
5 0.8562841928015821 0.5824196978659582 0.913494856285587 0.5824196978659582 0.913494856285587 0.596349136797955 0.8562841928015821 0.596349136797955
5 0.8403402374044004 0.6315043874358518 0.9097433373686031 0.6315043874358518 0.9097433373686031 0.64410721313623 0.8403402374044004 0.64410721313623
19 0.3960572308632861 0.7409417178087149 0.44145060975879163 0.7409417178087149 0.44145060975879163 0.7553885359010429 0.3960572308632861 0.7553885359010429
17 0.5503947191080047 0.7658223489677244 0.6343724700646902 0.7658223489677244 0.6343724700646902 0.7826769700754407 0.5503947191080047 0.7826769700754407
18 0.6786310144878083 0.7666249499728537 0.7535300896653925 0.7666249499728537 0.7535300896653925 0.7818743690703113 0.6786310144878083 0.7818743690703113
16 0.8261594958982014 0.765019747962595 0.914676584744437 0.765019747962595 0.914676584744437 0.7850847730908286 0.8261594958982014 0.7850847730908286
