4 0.20883602944013263 0.027918395340736913 0.3323549005114306 0.027918395340736913 0.3323549005114306 0.04863204349676753 0.20883602944013263 0.04863204349676753
3 0.48516175132128375 0.05223441708912069 0.5959467181584271 0.05223441708912069 0.5959467181584271 0.07925221903176931 0.48516175132128375 0.07925221903176931
14 0.07767681582834202 0.2134406353469242 0.2075626390167172 0.2134406353469242 0.2075626390167172 0.2296513165125134 0.07767681582834202 0.2296513165125134
13 0.07895020625175744 0.23145250330868994 0.27377894103432016 0.23145250330868994 0.27377894103432016 0.2620726788436917 0.07895020625175744 0.2620726788436917
15 0.14516650826936048 0.27287979962075115 0.2648652080704121 0.27287979962075115 0.2648652080704121 0.2908916675825169 0.14516650826936048 0.2908916675825169
12 0.13625277530545238 0.29179226098060523 0.39729781210561815 0.29179226098060523 0.39729781210561815 0.3107047223404592 0.13625277530545238 0.3107047223404592
1 0.5017158268256845 0.20803707495839444 0.708005075418986 0.20803707495839444 0.708005075418986 0.23055190991060165 0.5017158268256845 0.23055190991060165
0 0.5017158268256845 0.23235309670677823 0.6914509999145855 0.23235309670677823 0.6914509999145855 0.2620726788436917 0.5017158268256845 0.2620726788436917
2 0.5679321288432875 0.269277426028398 0.681263876527262 0.269277426028398 0.681263876527262 0.2998976015633998 0.5679321288432875 0.2998976015633998
6 0.13879955615228326 0.39355931496458174 0.35782270897973945 0.39355931496458174 0.35782270897973945 0.434986611276643 0.13879955615228326 0.434986611276643
6 0.1337059944586215 0.44579373205370243 0.3399952430519232 0.44579373205370243 0.3399952430519232 0.4746127207925276 0.1337059944586215 0.4746127207925276
6 0.13243260403520604 0.48091687457914567 0.36036948982657036 0.48091687457914567 0.36036948982657036 0.5205429840950302 0.13243260403520604 0.5205429840950302
6 0.13497938488203695 0.5313501048720898 0.3463621951690005 0.5313501048720898 0.3463621951690005 0.5700756209898861 0.13497938488203695 0.5700756209898861
6 0.12988582318837516 0.5772803681745925 0.35909609940315484 0.5772803681745925 0.35909609940315484 0.6214094446809185 0.12988582318837516 0.6214094446809185
9 0.40366476422269537 0.39355931496458174 0.4495068194656513 0.39355931496458174 0.4495068194656513 0.41697474331487716 0.40366476422269537 0.41697474331487716
9 0.4062115450695263 0.44219135846134927 0.4444132577719896 0.44219135846134927 0.4444132577719896 0.46200441321929164 0.4062115450695263 0.46200441321929164
9 0.399844592952449 0.48091687457914567 0.4507802098890667 0.48091687457914567 0.4507802098890667 0.5007299293370879 0.399844592952449 0.5007299293370879
9 0.4011179833758645 0.5286483246778249 0.44696003861882055 0.5286483246778249 0.44696003861882055 0.5493619728338555 0.4011179833758645 0.5493619728338555
9 0.4011179833758645 0.579081554970769 0.4444132577719896 0.579081554970769 0.4444132577719896 0.5979940163306231 0.4011179833758645 0.5979940163306231
10 0.46733428539346744 0.39445990836267 0.5017158268256845 0.39445990836267 0.5017158268256845 0.413372369722524 0.46733428539346744 0.413372369722524
10 0.46478750454663664 0.44219135846134927 0.5029892172490998 0.44219135846134927 0.5029892172490998 0.4629050066173799 0.46478750454663664 0.4629050066173799
10 0.46478750454663664 0.48091687457914567 0.5080827789427617 0.48091687457914567 0.5080827789427617 0.49802814914282306 0.46478750454663664 0.49802814914282306
10 0.4596939428529749 0.5286483246778249 0.5068093885193463 0.5286483246778249 0.5068093885193463 0.5529643464262086 0.4596939428529749 0.5529643464262086
10 0.4635141141232212 0.579081554970769 0.5042626076725154 0.579081554970769 0.5042626076725154 0.5970934229325348 0.4635141141232212 0.5970934229325348
7 0.557745005455964 0.3917581281684052 0.6163209649330743 0.3917581281684052 0.6163209649330743 0.41697474331487716 0.557745005455964 0.41697474331487716
7 0.5742990809603646 0.4439925452575258 0.6265080883203978 0.4439925452575258 0.6265080883203978 0.4638056000154682 0.5742990809603646 0.4638056000154682
7 0.5641119575730412 0.4764139075887042 0.6188677457799053 0.4764139075887042 0.6188677457799053 0.49982933593899975 0.5641119575730412 0.49982933593899975
7 0.5755724713837802 0.5295489180759132 0.6201411362033208 0.5295489180759132 0.6201411362033208 0.5493619728338555 0.5755724713837802 0.5493619728338555
7 0.5653853479964566 0.579081554970769 0.6226879170501515 0.579081554970769 0.6226879170501515 0.5952922361363583 0.5653853479964566 0.5952922361363583
8 0.6634364105994457 0.3917581281684052 0.7271059317702178 0.3917581281684052 0.7271059317702178 0.4178753367129655 0.6634364105994457 0.4178753367129655
8 0.6710767531399384 0.4439925452575258 0.7245591509233871 0.4439925452575258 0.7245591509233871 0.4683085670059096 0.6710767531399384 0.4683085670059096
8 0.6596162393291994 0.48091687457914567 0.7220123700765559 0.48091687457914567 0.7220123700765559 0.5016305227351763 0.6596162393291994 0.5016305227351763
8 0.6659831914462767 0.5286483246778249 0.7296527126170489 0.5286483246778249 0.7296527126170489 0.5502625662319438 0.6659831914462767 0.5502625662319438
8 0.6583428489057839 0.5772803681745925 0.7271059317702178 0.5772803681745925 0.7271059317702178 0.5997952031267996 0.6583428489057839 0.5997952031267996
11 0.7614874732024348 0.39355931496458174 0.8124230901390526 0.39355931496458174 0.8124230901390526 0.41427296312061235 0.7614874732024348 0.41427296312061235
11 0.7691278157429275 0.44219135846134927 0.8124230901390526 0.44219135846134927 0.8124230901390526 0.4638056000154683 0.7691278157429275 0.4638056000154683
11 0.7665810348960966 0.4773145009867925 0.8213368231029607 0.4773145009867925 0.8213368231029607 0.5016305227351763 0.7665810348960966 0.5016305227351763
11 0.7614874732024348 0.5268471378816484 0.822610213526376 0.5268471378816484 0.822610213526376 0.5493619728338555 0.7614874732024348 0.5493619728338555
11 0.7627608636258504 0.5763797747765042 0.8187900422561297 0.5763797747765042 0.8187900422561297 0.6015963899229761 0.7627608636258504 0.6015963899229761
5 0.8366175081839458 0.3917581281684052 0.9117475431654569 0.3917581281684052 0.9117475431654569 0.4151735565187007 0.8366175081839458 0.4151735565187007
5 0.8633587070756703 0.441290765063261 0.911747543165457 0.441290765063261 0.911747543165457 0.4683085670059096 0.8633587070756703 0.4683085670059096
5 0.8506248028415159 0.4800162811810573 0.9130209335888725 0.4800162811810573 0.9130209335888725 0.5025311161332645 0.8506248028415159 0.5025311161332645
5 0.8544449741117621 0.5286483246778249 0.9142943240122879 0.5286483246778249 0.9142943240122879 0.5547655332223852 0.8544449741117621 0.5547655332223852
5 0.8493514124181004 0.5772803681745925 0.9193878857059498 0.5772803681745925 0.9193878857059498 0.5988946097287113 0.8493514124181004 0.5988946097287113
19 0.39093085998854094 0.7015622571107761 0.44823342904223584 0.7015622571107761 0.44823342904223584 0.7222759052668069 0.39093085998854094 0.7222759052668069
17 0.5411909299515631 0.7231764986648951 0.6507025063652913 0.7231764986648951 0.6507025063652913 0.7501943006075437 0.5411909299515631 0.7501943006075437
18 0.6723501435633539 0.7240770920629835 0.7614874732024349 0.7240770920629835 0.7614874732024349 0.7483931138113672 0.6723501435633539 0.7483931138113672
16 0.8200634326795452 0.7240770920629835 0.9142943240122879 0.7240770920629835 0.9142943240122879 0.7501943006075436 0.8200634326795452 0.7501943006075436
