4 0.20666265299425923 0.02820635771302851 0.3432292014641498 0.02820635771302851 0.3432292014641498 0.0487200724134129 0.20666265299425923 0.0487200724134129
3 0.4737529823026294 0.05555797731354101 0.6091109772462379 0.05555797731354101 0.6091109772462379 0.07949064446398943 0.4737529823026294 0.07949064446398943
14 0.0780394241688256 0.2164696610656093 0.21693903032742579 0.2164696610656093 0.21693903032742579 0.23096935697961873 0.0780394241688256 0.23096935697961873
13 0.07701433482448168 0.23096935697961876 0.38505368279982755 0.23096935697961876 0.38505368279982755 0.2672185967646422 0.07701433482448168 0.2672185967646422
15 0.14620786556769583 0.27700589150659854 0.2625555061507299 0.27700589150659854 0.2625555061507299 0.2918680798184582 0.14620786556769583 0.2918680798184582
12 0.1344193381077408 0.29223057221630844 0.3901791295215471 0.29223057221630844 0.3901791295215471 0.30890522251741925 0.1344193381077408 0.30890522251741925
1 0.4950325755979969 0.21536906687235366 0.6543873736732778 0.21536906687235366 0.6543873736732778 0.23085737841686368 0.4950325755979969 0.23085737841686368
0 0.4936347264920734 0.23151645550386415 0.7312690744990713 0.23151645550386415 0.7312690744990713 0.26084538587538314 0.4936347264920734 0.26084538587538314
2 0.5649250308941728 0.27699277450689364 0.6804805569838503 0.27699277450689364 0.6804805569838503 0.2911629318774028 0.5649250308941728 0.2911629318774028
6 0.13527264205717923 0.3964859804605661 0.3647388917885643 0.3964859804605661 0.3647388917885643 0.4364000183878554 0.13527264205717923 0.4364000183878554
6 0.13465246300385117 0.44473371861443234 0.3541958478819871 0.44473371861443234 0.3541958478819871 0.4864022197473169 0.13465246300385117 0.4864022197473169
6 0.13589282111050732 0.49254284096689976 0.3591572803086116 0.49254284096689976 0.3591572803086116 0.5337727262983856 0.13589282111050732 0.5337727262983856
6 0.13403228395052308 0.5421064265249624 0.3759021147484694 0.5421064265249624 0.3759021147484694 0.5828976960550495 0.13403228395052308 0.5828976960550495
6 0.13589282111050732 0.5907927804802277 0.36721960800187653 0.5907927804802277 0.36721960800187653 0.6315840500103144 0.13589282111050732 0.6315840500103144
9 0.3985230223029792 0.39539859925500204 0.44846325066174847 0.39539859925500204 0.44846325066174847 0.4165904532843246 0.3985230223029792 0.4165904532843246
9 0.3985230223029792 0.444846258656755 0.44646564152739776 0.444846258656755 0.44646564152739776 0.46391892728314543 0.3985230223029792 0.46391892728314543
9 0.40052063143732997 0.49358752292419716 0.4454668369602224 0.49358752292419716 0.4454668369602224 0.5147793769535198 0.40052063143732997 0.5147793769535198
9 0.40151943600450546 0.5416223920573286 0.449462055228924 0.5416223920573286 0.449462055228924 0.5621078509523405 0.40151943600450546 0.5621078509523405
9 0.3995218268701546 0.58965726119046 0.4474644460945732 0.58965726119046 0.4474644460945732 0.6108491152197827 0.3995218268701546 0.6108491152197827
10 0.4614477100350286 0.39681138952362344 0.5093903292594472 0.39681138952362344 0.5093903292594472 0.41305847761277087 0.4614477100350286 0.41305847761277087
10 0.46244651460220393 0.44343346838813336 0.5073927201250964 0.44343346838813336 0.5073927201250964 0.4646253224174561 0.46244651460220393 0.4646253224174561
10 0.45945010090067784 0.49217473265557565 0.5133855475281488 0.49217473265557565 0.5133855475281488 0.5154857720878306 0.45945010090067784 0.5154857720878306
10 0.4614477100350286 0.5444479725945717 0.5073927201250964 0.5444479725945717 0.5073927201250964 0.5621078509523405 0.4614477100350286 0.5621078509523405
10 0.45945010090067784 0.5917764465933923 0.5133855475281488 0.5917764465933923 0.5133855475281488 0.6122619054884042 0.45945010090067784 0.6122619054884042
7 0.558331753051041 0.39539859925500204 0.6182600270815642 0.39539859925500204 0.6182600270815642 0.4102328970755279 0.558331753051041 0.4102328970755279
7 0.5483437073792872 0.444846258656755 0.6292468773204934 0.444846258656755 0.6292468773204934 0.46250613701452387 0.5483437073792872 0.46250613701452387
7 0.5433496845434103 0.49358752292419716 0.6202576362159151 0.49358752292419716 0.6202576362159151 0.5140729818192091 0.5433496845434103 0.5140729818192091
7 0.5433496845434103 0.5423287871916393 0.6242528544846165 0.5423287871916393 0.6242528544846165 0.5649334314895835 0.5433496845434103 0.5649334314895835
7 0.5463460982449364 0.5903636563247708 0.6222552453502658 0.5903636563247708 0.6222552453502658 0.6108491152197828 0.5463460982449364 0.6108491152197828
8 0.6482241640968257 0.3939858089863805 0.7231345066349797 0.3939858089863805 0.7231345066349797 0.41588405815001395 0.6482241640968257 0.41588405815001395
8 0.6582122097685797 0.4455526537910657 0.7181404837991029 0.4455526537910657 0.7181404837991029 0.4674509029546992 0.6582122097685797 0.4674509029546992
8 0.6472253595296504 0.49429391805850786 0.7241333112021552 0.49429391805850786 0.7241333112021552 0.5098346110133445 0.6472253595296504 0.5098346110133445
8 0.6402337275594228 0.5437415774602609 0.7291273340380322 0.5437415774602609 0.7291273340380322 0.560695060683719 0.6402337275594228 0.560695060683719
8 0.6372373138578966 0.5910700514590814 0.7201380929334535 0.5910700514590814 0.7201380929334535 0.6080235346825398 0.6372373138578966 0.6080235346825398
11 0.7620878847548199 0.3939858089863805 0.81402572224794 0.3939858089863805 0.81402572224794 0.4151776630157032 0.7620878847548199 0.4151776630157032
11 0.7680807121578722 0.44343346838813336 0.8120281131135892 0.44343346838813336 0.8120281131135892 0.4639189272831454 0.7680807121578722 0.4639189272831454
11 0.7610890801876445 0.49217473265557565 0.81402572224794 0.49217473265557565 0.81402572224794 0.5112474012819662 0.7610890801876445 0.5112474012819662
11 0.7650842984563461 0.5416223920573286 0.8130269176807645 0.5416223920573286 0.8130269176807645 0.5628142460866513 0.7650842984563461 0.5628142460866513
11 0.7660831030235216 0.5903636563247708 0.81402572224794 0.5903636563247708 0.81402572224794 0.6108491152197828 0.7660831030235216 0.6108491152197828
5 0.8350006181586231 0.3946922041206912 0.9139061789654788 0.3946922041206912 0.9139061789654788 0.41729684841863546 0.8350006181586231 0.41729684841863546
5 0.8479850775319031 0.4455526537910657 0.9159037880998294 0.4455526537910657 0.9159037880998294 0.46391892728314543 0.8479850775319031 0.46391892728314543
5 0.8379970318601493 0.49358752292419716 0.9149049835326539 0.49358752292419716 0.9149049835326539 0.5126601915505876 0.8379970318601493 0.5126601915505876
5 0.8340018135914476 0.5423287871916393 0.911908569831128 0.5423287871916393 0.911908569831128 0.560695060683719 0.8340018135914476 0.560695060683719
5 0.8310053998899217 0.5910700514590814 0.9109097652639524 0.5910700514590814 0.9109097652639524 0.6115555103540935 0.8310053998899217 0.6115555103540935
19 0.38793916490148317 0.7143424555374277 0.4399430390602015 0.7143424555374277 0.4399430390602015 0.7336077773822663 0.38793916490148317 0.7336077773822663
17 0.5348707458578622 0.7411971465938696 0.646307619055116 0.7411971465938696 0.646307619055116 0.7581272779120614 0.5348707458578622 0.7581272779120614
18 0.6586894938548109 0.7400295513305459 0.7585699505723497 0.7400295513305459 0.7585699505723497 0.7592948731753846 0.6586894938548109 0.7592948731753846
16 0.8047956164912106 0.7371105631722372 0.9137561147285254 0.7371105631722372 0.9137561147285254 0.7610462660703702 0.8047956164912106 0.7610462660703702
