4 0.20972389519056991 0.029087429938945576 0.32904014326035674 0.029087429938945576 0.32904014326035674 0.04925498448726168 0.20972389519056991 0.04925498448726168
3 0.4783730575112222 0.057215861282649626 0.5984397222355361 0.057215861282649626 0.5984397222355361 0.07950631630973584 0.4783730575112222 0.07950631630973584
13 0.0821530639209864 0.23023225030241412 0.3275393099513029 0.23023225030241412 0.3275393099513029 0.2647293830824285 0.0821530639209864 0.2647293830824285
15 0.14368722959219726 0.2726902598778164 0.2697572275527268 0.2726902598778164 0.2697572275527268 0.29073491394736245 0.14368722959219726 0.29073491394736245
12 0.13017972981071194 0.29285781442613257 0.3860718090044059 0.29285781442613257 0.3860718090044059 0.3082488428972159 0.13017972981071194 0.3082488428972159
14 0.07614973068477071 0.21484122183133075 0.18571056224570712 0.21484122183133075 0.18571056224570712 0.22970152518272158 0.07614973068477071 0.22970152518272158
1 0.4971334738743963 0.21377977159194567 0.6051934721262787 0.21377977159194567 0.6051934721262787 0.23076297542210664 0.4971334738743963 0.23076297542210664
0 0.4941318072562885 0.2323551507811842 0.7485230531409285 0.2323551507811842 0.7485230531409285 0.2626064826036584 0.4941318072562885 0.2626064826036584
2 0.5624197228182419 0.2758746105959716 0.6809855542335018 0.2758746105959716 0.6809855542335018 0.29391926466551765 0.5624197228182419 0.29391926466551765
6 0.133385134550524 0.39480528609476784 0.3472538810907081 0.39480528609476784 0.3472538810907081 0.4367325705504776 0.133385134550524 0.4367325705504776
6 0.13938846778673966 0.4441627222261731 0.3442522144726002 0.4441627222261731 0.3442522144726002 0.4866207318015754 0.13938846778673966 0.4866207318015754
6 0.1348859678595779 0.49352015835757823 0.3540076309814508 0.49352015835757823 0.3540076309814508 0.5338552674542105 0.1348859678595779 0.5338552674542105
9 0.4020342968711763 0.39586673633415287 0.44330721287015923 0.39586673633415287 0.44330721287015923 0.4112577648052363 0.4020342968711763 0.4112577648052363
9 0.3975317969440145 0.4446934473458656 0.44630887948826714 0.4446934473458656 0.44630887948826714 0.46326882653510415 0.3975317969440145 0.46326882653510415
9 0.40353513018023024 0.4940508834772707 0.44630887948826714 0.4940508834772707 0.44630887948826714 0.5126262626665092 0.40353513018023024 0.5126262626665092
10 0.4598163792697523 0.39586673633415287 0.507092628504951 0.39586673633415287 0.507092628504951 0.4112577648052363 0.4598163792697523 0.4112577648052363
10 0.4605667959242794 0.44522417246555807 0.5123455450866397 0.44522417246555807 0.5123455450866397 0.4611459260563339 0.4605667959242794 0.4611459260563339
10 0.4605667959242794 0.4951123337166558 0.5085934618140048 0.4951123337166558 0.5085934618140048 0.5094419119483541 0.4605667959242794 0.5094419119483541
7 0.5618730442854192 0.39480528609476784 0.6189047100294682 0.39480528609476784 0.6189047100294682 0.41284994016431387 0.5618730442854192 0.41284994016431387
7 0.5656251275580539 0.44416272222617303 0.6189047100294683 0.44416272222617303 0.6189047100294683 0.4627381014154116 0.5656251275580539 0.4627381014154116
7 0.5596217943218383 0.4940508834772707 0.6196551266839951 0.4940508834772707 0.6196551266839951 0.5105033621877391 0.5596217943218383 0.5105033621877391
8 0.6654305426101399 0.39480528609476784 0.7239630416632428 0.39480528609476784 0.7239630416632428 0.41603429088246896 0.6654305426101399 0.41603429088246896
8 0.6699330425373017 0.44416272222617303 0.7217117916996619 0.44416272222617303 0.7217117916996619 0.46326882653510415 0.6699330425373017 0.46326882653510415
8 0.6474205429014929 0.4945816085969634 0.7269647082813508 0.4945816085969634 0.7269647082813508 0.5105033621877392 0.6474205429014929 0.5105033621877392
11 0.7689614374522897 0.39392865738932614 0.8084273772095304 0.39392865738932614 0.8084273772095304 0.4122707727205481 0.7689614374522897 0.4122707727205481
11 0.7683976383129008 0.44377136209373347 0.8123739711852546 0.44377136209373347 0.8123739711852546 0.4613159941496848 0.7683976383129008 0.4613159941496848
11 0.770089035731068 0.4952090333486819 0.8123739711852545 0.4952090333486819 0.8123739711852545 0.5123549237669979 0.770089035731068 0.5123549237669979
5 0.851839910942495 0.3971185904904082 0.9116026197177454 0.3971185904904082 0.9116026197177454 0.4138657392710892 0.851839910942495 0.4138657392710892
5 0.8546589066394408 0.44656255355718033 0.9127302179965238 0.44656255355718033 0.9127302179965238 0.4613159941496849 0.8546589066394408 0.4613159941496849
5 0.8433829238516579 0.4928165835228702 0.9127302179965238 0.4928165835228702 0.9127302179965238 0.5123549237669979 0.8433829238516579 0.5123549237669979
19 0.3941135931349311 0.616944735696235 0.4452920089736699 0.616944735696235 0.4452920089736699 0.6362100575410738 0.3941135931349311 0.6362100575410738
17 0.5418706324112899 0.6443832243843388 0.650005672328625 0.6443832243843388 0.650005672328625 0.6595619628075451 0.5418706324112899 0.6595619628075451
18 0.6739439636080351 0.6449670220160005 0.7614425455258788 0.6449670220160005 0.7614425455258788 0.6618971533341922 0.6739439636080351 0.6618971533341922
16 0.8167482529645159 0.6455508196476623 0.9116759597621769 0.6455508196476623 0.9116759597621769 0.6601457604392069 0.8167482529645159 0.6601457604392069
