4 0.20640122276104494 0.028503493744575316 0.33643701452037056 0.028503493744575316 0.33643701452037056 0.04859703451866925 0.20640122276104494 0.04859703451866925
3 0.47740018373846305 0.056325319431782275 0.5986940735307751 0.056325319431782275 0.5986940735307751 0.07796451718849881 0.47740018373846305 0.07796451718849881
14 0.07855090649347264 0.2139823316592885 0.3648481959131643 0.2139823316592885 0.3648481959131643 0.23098455846813726 0.07855090649347264 0.23098455846813726
13 0.0741799555099659 0.23098455846813726 0.38670295083069806 0.23098455846813726 0.38670295083069806 0.2665346690684573 0.0741799555099659 0.2665346690684573
15 0.1430224335001971 0.2758086109641929 0.2697800120218926 0.2758086109641929 0.2697800120218926 0.29126518079041896 0.1430224335001971 0.29126518079041896
12 0.13318779378730694 0.29126518079041896 0.3888884263224514 0.29126518079041896 0.3888884263224514 0.30981306458189034 0.13318779378730694 0.30981306458189034
1 0.49467145018091674 0.2143635142585696 0.7171925911594419 0.2143635142585696 0.7171925911594419 0.23052265544053324 0.49467145018091674 0.23052265544053324
0 0.4966582460825108 0.2312252267962708 0.7688492846008852 0.2312252267962708 0.7688492846008852 0.26213836644872296 0.4966582460825108 0.26213836644872296
2 0.5622225108351119 0.2754872222077364 0.6834170608323442 0.2754872222077364 0.6834170608323442 0.29234893474543766 0.5622225108351119 0.29234893474543766
6 0.13594775809466317 0.39473092476846083 0.36602235287971635 0.39473092476846083 0.36602235287971635 0.42395910766357847 0.13594775809466317 0.42395910766357847
6 0.13656458006459626 0.4322476968427908 0.3555363793908533 0.4322476968427908 0.3555363793908533 0.47543560888184516 0.13656458006459626 0.47543560888184516
9 0.40368744904656817 0.3947098069683153 0.44143657117685364 0.3947098069683153 0.44143657117685364 0.41367923357322917 0.40368744904656817 0.41367923357322917
9 0.4046808469973652 0.43335123153388044 0.4424299691276506 0.43335123153388044 0.4424299691276506 0.4516180867830569 0.4046808469973652 0.4516180867830569
10 0.4613045301927934 0.39541237832405285 0.5079942338802518 0.39541237832405285 0.5079942338802518 0.4136792335732291 0.4613045301927934 0.4136792335732291
10 0.4593177342911993 0.4340538028896181 0.5060074379786578 0.4340538028896181 0.5060074379786578 0.45091551542731917 0.4593177342911993 0.45091551542731917
7 0.568591508878868 0.39541237832405285 0.6222349982219052 0.39541237832405285 0.6222349982219052 0.4143818049289666 0.568591508878868 0.4143818049289666
7 0.568591508878868 0.432648660178143 0.6212416002711083 0.432648660178143 0.6212416002711083 0.45302322949453194 0.568591508878868 0.45302322949453194
8 0.6579973244505968 0.3940072356125777 0.7245549871539949 0.3940072356125777 0.7245549871539949 0.41367923357322917 0.6579973244505968 0.41367923357322917
8 0.6669379060077696 0.4340538028896181 0.7255483851047918 0.4340538028896181 0.7255483851047918 0.45021294407158174 0.6669379060077696 0.45021294407158174
11 0.7642909051858744 0.3940072356125777 0.8129674047749268 0.3940072356125777 0.8129674047749268 0.41367923357322917 0.7642909051858744 0.41367923357322917
11 0.7682644969890623 0.43124351746666784 0.8070070170701449 0.43124351746666784 0.8070070170701449 0.4516180867830569 0.7682644969890623 0.4516180867830569
5 0.8517099248560092 0.3947098069683153 0.9113138019038284 0.3947098069683153 0.9113138019038284 0.41367923357322917 0.8517099248560092 0.41367923357322917
5 0.8596571084623851 0.43335123153388044 0.9142939957562194 0.43335123153388044 0.9142939957562194 0.44810523000436914 0.8596571084623851 0.44810523000436914
19 0.39673366339098926 0.5577063614994268 0.4424299691276506 0.5577063614994268 0.4424299691276506 0.5745680740371281 0.39673366339098926 0.5745680740371281
17 0.56461791707568 0.5837015016617162 0.648063344942627 0.5837015016617162 0.648063344942627 0.5998606428436798 0.56461791707568 0.5998606428436798
18 0.6858124670729124 0.5837015016617162 0.7613107113334835 0.5837015016617162 0.7613107113334835 0.6005632141994174 0.6858124670729124 0.6005632141994174
16 0.8348221596924603 0.5837015016617162 0.9152873937070162 0.5837015016617162 0.9152873937070162 0.601265785555155 0.8348221596924603 0.601265785555155
