4 0.21337641829926615 0.03018721168800402 0.3268482708052343 0.03018721168800402 0.3268482708052343 0.04501636716847171 0.21337641829926615 0.04501636716847171
3 0.48472215255266815 0.059845522648939393 0.5969606153574845 0.059845522648939393 0.5969606153574845 0.07380237486585016 0.48472215255266815 0.07380237486585016
14 0.0851038893794761 0.21249859377140085 0.29724691797759045 0.21249859377140085 0.29724691797759045 0.22907235577898236 0.0851038893794761 0.22907235577898236
13 0.08633727908062794 0.2308169623060962 0.35768301333402996 0.2308169623060962 0.35768301333402996 0.25960297000347465 0.08633727908062794 0.25960297000347465
15 0.15047355099866166 0.2744321385394428 0.255311675596567 0.2744321385394428 0.255311675596567 0.2910059005470243 0.15047355099866166 0.2910059005470243
12 0.13690625682785287 0.29100588749152384 0.37495046915015556 0.29100588749152384 0.37495046915015556 0.3075796494991054 0.13690625682785287 0.3075796494991054
1 0.5044563877710975 0.21511550356207162 0.7030321296565416 0.21511550356207162 0.7030321296565416 0.22907235577898233 0.5044563877710975 0.22907235577898233
0 0.5069231671734011 0.233433872096767 0.6943984017484789 0.233433872096767 0.6943984017484789 0.2630921830577023 0.5069231671734011 0.2630921830577023
2 0.5661258728286889 0.27355982222038544 0.6795977253346569 0.27355982222038544 0.6795977253346569 0.2918781907550808 0.5661258728286889 0.2918781907550808
6 0.14307320533361198 0.3948099758547976 0.33671538841444887 0.3948099758547976 0.33671538841444887 0.422723680288619 0.14307320533361198 0.422723680288619
6 0.14183981563246018 0.4331913194513022 0.32684827080523426 0.4331913194513022 0.32684827080523426 0.4593604173580099 0.14183981563246018 0.4593604173580099
6 0.14553998473591565 0.4733172695749206 0.3515160648282709 0.4733172695749206 0.3515160648282709 0.5090817033807544 0.14553998473591565 0.5090817033807544
9 0.40455182197779943 0.39132076280056993 0.44772046151811334 0.39132076280056993 0.44772046151811334 0.40876682807170844 0.40455182197779943 0.40876682807170844
9 0.40208504257549577 0.43144671292418835 0.4378533439088988 0.43144671292418835 0.4378533439088988 0.4471481716682129 0.40208504257549577 0.4471481716682129
9 0.4033184099022311 0.4715726108258047 0.4440202700402413 0.4715726108258047 0.4440202700402413 0.4846571597791586 0.4033184099022311 0.4846571597791586
10 0.46252113793193533 0.39655458238191144 0.500756218667642 0.39655458238191144 0.500756218667642 0.40963913133526525 0.46252113793193533 0.40963913133526525
10 0.4637544605098377 0.4331913063958013 0.5007561888350863 0.4331913063958013 0.5007561888350863 0.447148158612712 0.4637544605098377 0.447148158612712
10 0.46252113793193533 0.4654665402029083 0.4995228289664902 0.4654665402029083 0.4995228289664902 0.48378490873760355 0.46252113793193533 0.48378490873760355
7 0.5673592625298407 0.3948099758547976 0.6142280711736101 0.3948099758547976 0.6142280711736101 0.4122560411259361 0.5673592625298407 0.4122560411259361
7 0.5599589243229297 0.4331913194513022 0.620395019679369 0.4331913194513022 0.620395019679369 0.45063738472244064 0.5599589243229297 0.45063738472244064
7 0.564892483127537 0.468955753257136 0.6154614608747621 0.468955753257136 0.6154614608747621 0.48378490873760366 0.564892483127537 0.48378490873760366
8 0.6771309459323532 0.39393767259124063 0.7202995854726673 0.39393767259124063 0.7202995854726673 0.4096391313352652 0.6771309459323532 0.4096391313352652
8 0.6610968798173796 0.4331913194513022 0.7153660266680598 0.4331913194513022 0.7153660266680598 0.446275868404656 0.6610968798173796 0.446275868404656
8 0.6610968798173796 0.4645942369393514 0.7202995854726673 0.4645942369393514 0.7202995854726673 0.4829126054740468 0.6610968798173796 0.4829126054740468
11 0.772101952921044 0.3956822791183544 0.8115704233579024 0.3956822791183544 0.8115704233579024 0.4096391313352652 0.772101952921044 0.4096391313352652
11 0.7684017838175885 0.4331913194513022 0.8091036439555988 0.4331913194513022 0.8091036439555988 0.4488927781953268 0.7684017838175885 0.4488927781953268
11 0.7696351735187403 0.468955753257136 0.8128038130590545 0.468955753257136 0.8128038130590545 0.48814642505538824 0.7696351735187403 0.48814642505538824
5 0.864606180507431 0.39655458238191144 0.9065414303465931 0.39655458238191144 0.9065414303465931 0.4131283443894929 0.864606180507431 0.4131283443894929
5 0.8559724525993684 0.43144671292418835 0.9065414303465932 0.43144671292418835 0.9065414303465932 0.45238199124955447 0.8559724525993684 0.45238199124955447
5 0.8572058423005201 0.46633884346646526 0.9102415994500486 0.46633884346646526 0.9102415994500486 0.48814642505538836 0.8572058423005201 0.48814642505538836
19 0.39961826317319216 0.5971843330000036 0.44772046151811334 0.5971843330000036 0.44772046151811334 0.6102688819533575 0.39961826317319216 0.6102688819533575
17 0.5673592625298407 0.6224811276431543 0.6425960343001021 0.6224811276431543 0.6425960343001021 0.6399271929142928 0.5673592625298407 0.6399271929142928
18 0.6894647907368998 0.6207365211160403 0.7548344448979466 0.6207365211160403 0.7548344448979466 0.6364379798600649 0.6894647907368998 0.6364379798600649
16 0.8424051658866983 0.6224811276431543 0.9102415994500488 0.6224811276431543 0.9102415994500488 0.6390548896507359 0.8424051658866983 0.6390548896507359
