4 0.2107057041780438 0.029178173185024327 0.3353285019617522 0.029178173185024327 0.3353285019617522 0.04935937303765443 0.2107057041780438 0.04935937303765443
3 0.4809158825501966 0.05594915258137037 0.5997151851103673 0.05594915258137037 0.5997151851103673 0.07860151976289396 0.4809158825501966 0.07860151976289396
14 0.07909471212609011 0.2141038616305532 0.21536450035687402 0.2141038616305532 0.21536450035687402 0.23181389415428985 0.07909471212609011 0.23181389415428985
13 0.07793001308138255 0.2334613390402188 0.33008735626056823 0.2334613390402188 0.33008735626056823 0.26641023675879855 0.07793001308138255 0.26641023675879855
15 0.1460649071967745 0.2758830448528903 0.26253481166753007 0.2758830448528903 0.26253481166753007 0.2898863263832866 0.1460649071967745 0.2898863263832866
12 0.1361649653167603 0.29153377126921565 0.3790047161382855 0.29153377126921565 0.3790047161382855 0.3059489140210942 0.1361649653167603 0.3059489140210942
1 0.4960569701313949 0.2141038616305532 0.6381502535857166 0.2141038616305532 0.6381502535857166 0.2297545880468786 0.4960569701313949 0.2297545880468786
0 0.5001334167878713 0.23304947781873658 0.7517084104447032 0.23304947781873658 0.7517084104447032 0.2627034857654583 0.5001334167878713 0.2627034857654583
2 0.5659389128138482 0.2746474611884435 0.6777500211057734 0.2746474611884435 0.6777500211057734 0.29153377126921565 0.5659389128138482 0.29153377126921565
6 0.141069512994024 0.3968152168495807 0.3643003906988529 0.3968152168495807 0.3643003906988529 0.42203183199605276 0.141069512994024 0.42203183199605276
6 0.14261972742252974 0.4340919522834959 0.32864545884322055 0.4340919522834959 0.32864545884322055 0.47027231314582535 0.14261972742252974 0.47027231314582535
6 0.14339483463678263 0.4823324334332685 0.3549991041278183 0.4823324334332685 0.3549991041278183 0.5070008612939476 0.14339483463678263 0.5070008612939476
6 0.14339483463678263 0.5223501052961481 0.3441476031282781 0.5223501052961481 0.3441476031282781 0.5579822788726847 0.14339483463678263 0.5579822788726847
6 0.1441699418510355 0.568946024588542 0.338721852628508 0.568946024588542 0.338721852628508 0.6051263854508717 0.1441699418510355 0.6051263854508717
6 0.13796908413701248 0.6188310675956934 0.36662571234161156 0.6188310675956934 0.36662571234161156 0.6424031208847868 0.13796908413701248 0.6424031208847868
9 0.4030557514114969 0.3968152168495807 0.44336132655264654 0.3968152168495807 0.44336132655264654 0.41106808628019537 0.4030557514114969 0.41106808628019537
9 0.4061561802685084 0.4362847014266674 0.44103600490988787 0.4362847014266674 0.44103600490988787 0.4472484471425249 0.4061561802685084 0.4472484471425249
9 0.40693128748276114 0.48342880800485427 0.4441364337668993 0.48342880800485427 0.4441364337668993 0.4960371155780903 0.40693128748276114 0.4960371155780903
9 0.40073042976873824 0.5163200451524265 0.44413643376689943 0.5163200451524265 0.44413643376689943 0.531669289154627 0.40073042976873824 0.531669289154627
9 0.4061561802685084 0.5683978373027493 0.4449115409811522 0.5683978373027493 0.4449115409811522 0.5815543321617782 0.4061561802685084 0.5815543321617782
9 0.4061561802685084 0.6193792548814864 0.44181111212414076 0.6193792548814864 0.44181111212414076 0.6303430005973437 0.4061561802685084 0.6303430005973437
10 0.4627390069089683 0.39955615327854505 0.5053699036928767 0.39955615327854505 0.5053699036928767 0.40887533713702384 0.4627390069089683 0.40887533713702384
10 0.46196389969471563 0.4329955777119101 0.5061450109071297 0.4329955777119101 0.5061450109071297 0.4477966344283175 0.46196389969471563 0.4477966344283175
10 0.46041368526620985 0.48562155714802585 0.5022694748358653 0.48562155714802585 0.5022694748358653 0.49658530286388314 0.46041368526620985 0.49658530286388314
10 0.4650643285517272 0.5196091688671838 0.497618831550348 0.5196091688671838 0.497618831550348 0.5327656637262126 0.4650643285517272 0.5327656637262126
10 0.4650643285517272 0.5700423991601279 0.5061450109071297 0.5700423991601279 0.5061450109071297 0.5831988940191568 0.4650643285517272 0.5831988940191568
10 0.46041368526620985 0.6193792548814864 0.5061450109071297 0.6193792548814864 0.5061450109071297 0.6297948133115507 0.46041368526620985 0.6297948133115507
7 0.5704789096901185 0.3968152168495807 0.6154351281167855 0.3968152168495807 0.6154351281167855 0.4121644608517811 0.5704789096901185 0.4121644608517811
7 0.5704789096901185 0.4329955777119101 0.6138849136882797 0.4329955777119101 0.6138849136882797 0.4505375708572819 0.5704789096901185 0.4505375708572819
7 0.5689286952616127 0.4806878715758899 0.6177604497595441 0.4806878715758899 0.6177604497595441 0.4960371155780903 0.5689286952616127 0.4960371155780903
7 0.5720291241186243 0.5207055434387695 0.6185355569737969 0.5207055434387695 0.6185355569737969 0.5333138510120056 0.5720291241186243 0.5333138510120056
7 0.5743544457613828 0.5711387737317136 0.6239613074735672 0.5711387737317136 0.6239613074735672 0.5831988940191568 0.5743544457613828 0.5831988940191568
7 0.5642780519760955 0.6188310675956934 0.6208608786165556 0.6188310675956934 0.6208608786165556 0.6336321243121009 0.5642780519760955 0.6336321243121009
8 0.6665922042574755 0.40010434056433797 0.7239501381121883 0.40010434056433797 0.7239501381121883 0.4121644608517812 0.6665922042574755 0.4121644608517812
8 0.6696926331144869 0.43244739042611724 0.7208497092551769 0.43244739042611724 0.7208497092551769 0.4477966344283176 0.6696926331144869 0.4477966344283176
8 0.6681424186859811 0.48507336986223293 0.7192994948266711 0.48507336986223293 0.7192994948266711 0.49603711557809044 0.6681424186859811 0.49603711557809044
8 0.6789939196855214 0.5201573561529766 0.7169741731839124 0.5201573561529766 0.7169741731839124 0.5338620382977984 0.6789939196855214 0.5338620382977984
8 0.6774437052570157 0.5678496500169562 0.7231750308979353 0.5678496500169562 0.7231750308979353 0.5826507067333636 0.6774437052570157 0.5826507067333636
8 0.6665922042574755 0.6188310675956934 0.720074602040924 0.6188310675956934 0.720074602040924 0.6325357497405152 0.6665922042574755 0.6325357497405152
11 0.7704565709673611 0.3973634041353736 0.8061115028229935 0.3973634041353736 0.8061115028229935 0.4143572099949526 0.7704565709673611 0.4143572099949526
11 0.7673561421103495 0.43518832685508163 0.8061115028229935 0.43518832685508163 0.8061115028229935 0.4483448217141106 0.7673561421103495 0.4483448217141106
11 0.7673561421103495 0.48452518257644006 0.8099870388942578 0.48452518257644006 0.8099870388942578 0.5009708011502262 0.7673561421103495 0.5009708011502262
11 0.7696814637531082 0.5196091688671838 0.8107621461085106 0.5196091688671838 0.8107621461085106 0.5376993492983485 0.7696814637531082 0.5376993492983485
11 0.7696814637531082 0.568946024588542 0.8107621461085106 0.568946024588542 0.8107621461085106 0.5859398304481211 0.7696814637531082 0.5859398304481211
11 0.7720067853958668 0.6188310675956934 0.8130874677512693 0.6188310675956934 0.8130874677512693 0.6336321243121009 0.7720067853958668 0.6336321243121009
5 0.8564934717494307 0.3979115914211665 0.9161767272469021 0.3979115914211665 0.9161767272469021 0.4127126481375739 0.8564934717494307 0.4127126481375739
5 0.8595939006064418 0.4318992031403245 0.9068754406758677 0.4318992031403245 0.9068754406758677 0.4456038852851462 0.8595939006064418 0.4456038852851462
5 0.8588187933921893 0.48452518257644006 0.9123011911756378 0.48452518257644006 0.9123011911756378 0.4982298647212618 0.8588187933921893 0.4982298647212618
5 0.8634694366777064 0.5179646070098051 0.9123011911756376 0.5179646070098051 0.9123011911756376 0.5333138510120056 0.8634694366777064 0.5333138510120056
5 0.8650196511062122 0.5645605263021992 0.9092007623186262 0.5645605263021992 0.9092007623186262 0.5810061448759853 0.8650196511062122 0.5810061448759853
5 0.8572685789636832 0.6166383184525218 0.909975869532879 0.6166383184525218 0.909975869532879 0.6319875624547223 0.8572685789636832 0.6319875624547223
19 0.3981232509571601 0.7303465729146048 0.43969718335799624 0.7303465729146048 0.43969718335799624 0.7482872477223715 0.3981232509571601 0.7482872477223715
17 0.5531446938077358 0.7547658247362873 0.6461575595180811 0.7547658247362873 0.6461575595180811 0.7722081474660605 0.5531446938077358 0.7722081474660605
18 0.6792757768543405 0.7567592330482614 0.7525586407473398 0.7567592330482614 0.7525586407473398 0.7702147391540863 0.6792757768543405 0.7702147391540863
16 0.8272507904844353 0.7552641768142808 0.914626512818396 0.7552641768142808 0.914626512818396 0.7702147391540862 0.8272507904844353 0.7702147391540862
