4 0.2064788166832191 0.024849166699185375 0.33216157466430907 0.024849166699185375 0.33216157466430907 0.05342029293065382 0.2064788166832191 0.05342029293065382
3 0.4713103424290871 0.055536672651503353 0.6059704402659692 0.055536672651503353 0.6059704402659692 0.08199141916212227 0.4713103424290871 0.08199141916212227
14 0.07331494215563578 0.21320696185479218 0.3561011476130881 0.21320696185479218 0.3561011476130881 0.23119618948201304 0.07331494215563578 0.23119618948201304
13 0.07032249553703841 0.2322543637951849 0.36657471077817894 0.2322543637951849 0.36657471077817894 0.2714074041781538 0.07032249553703841 0.2714074041781538
15 0.14363743769267417 0.2756401636198529 0.26034285581797195 0.2756401636198529 0.26034285581797195 0.2915130115262242 0.14363743769267417 0.2915130115262242
12 0.13316387452758335 0.2915130115262242 0.38602561379906186 0.2915130115262242 0.38602561379906186 0.3084440492930204 0.13316387452758335 0.3084440492930204
1 0.4962440770271548 0.21285839915943014 0.7166792095046464 0.21285839915943014 0.7166792095046464 0.2307780168371408 0.4962440770271548 0.2307780168371408
0 0.4953994979755169 0.2325699786049119 0.8028262727717124 0.2325699786049119 0.8028262727717124 0.2678118933710761 0.4953994979755169 0.2678118933710761
2 0.5638104011581868 0.2761743816206743 0.6820514683874926 0.2761743816206743 0.6820514683874926 0.29409399929838503 0.5638104011581868 0.29409399929838503
6 0.13588694185947606 0.39351268278940166 0.3605449695951573 0.39351268278940166 0.3605449695951573 0.4371170858051641 0.13588694185947606 0.4371170858051641
9 0.4019293431254144 0.39291536220014467 0.4433137166556713 0.39291536220014467 0.4433137166556713 0.4144189034133975 0.4019293431254144 0.4144189034133975
10 0.463583613894981 0.39530464455717274 0.505812566476876 0.39530464455717274 0.505812566476876 0.4156135445919114 0.463583613894981 0.4156135445919114
7 0.5666222581948047 0.39351268278940166 0.6198307384479924 0.39351268278940166 0.6198307384479924 0.4132242622348833 0.5666222581948047 0.4132242622348833
8 0.6696609024946285 0.3947073239679157 0.722869382747816 0.3947073239679157 0.722869382747816 0.4120296210563693 0.6696609024946285 0.4120296210563693
11 0.7691094759382925 0.39469479143376485 0.8146322868215754 0.39469479143376485 0.8146322868215754 0.4130922655828811 0.7691094759382925 0.4130922655828811
6 0.8610841346616597 0.3960088967301303 0.9140392411993561 0.3960088967301303 0.9140392411993561 0.4130922655828811 0.8610841346616597 0.4130922655828811
19 0.3956366193040132 0.5208488998848476 0.4439465410577011 0.5208488998848476 0.4439465410577011 0.536618163441233 0.3956366193040132 0.536618163441233
17 0.575869788923541 0.5418745846266948 0.6501927454676761 0.5418745846266948 0.6501927454676761 0.562243216720359 0.575869788923541 0.562243216720359
18 0.6975736302645623 0.543845742571243 0.7551739215862672 0.543845742571243 0.7551739215862672 0.5635573220167246 0.6975736302645623 0.5635573220167246
16 0.8434324324824277 0.5418745846266948 0.9168263520697612 0.5418745846266948 0.9168263520697612 0.5642143746649073 0.8434324324824277 0.5642143746649073
