4 0.20885437711530921 0.02429842477921601 0.3352747166964514 0.02429842477921601 0.3352747166964514 0.04821691540852224 0.20885437711530921 0.04821691540852224
3 0.4794100083208111 0.056759233490417324 0.5945571966017241 0.056759233490417324 0.5945571966017241 0.07612182114271285 0.4794100083208111 0.07612182114271285
14 0.07931989360700382 0.21618077959473397 0.21785201323490888 0.21618077959473397 0.21785201323490888 0.22966365185513088 0.07931989360700382 0.22966365185513088
13 0.07423614609772292 0.2323602263072103 0.3373200797030105 0.2323602263072103 0.3373200797030105 0.2683145523349354 0.07423614609772292 0.2683145523349354
15 0.14795050397130494 0.2737077012390941 0.27123138107136724 0.2737077012390941 0.27123138107136724 0.2907860061022635 0.14795050397130494 0.2907860061022635
12 0.13397020306803456 0.2907860357007187 0.39578319979600196 0.2907860357007187 0.39578319979600196 0.3114597731666607 0.13397020306803456 0.3114597731666607
1 0.4999999999999999 0.21438306329334772 0.7618129967279672 0.21438306329334772 0.7618129967279672 0.23056251000582403 0.4999999999999999 0.23056251000582403
0 0.49745812624535946 0.2323602263072103 0.805024850556855 0.2323602263072103 0.805024850556855 0.27011226863632165 0.49745812624535946 0.27011226863632165
2 0.5622759069886912 0.27011226863632165 0.6855567840887534 0.27011226863632165 0.6855567840887534 0.2925837224036498 0.5622759069886912 0.2925837224036498
6 0.132812903679964 0.3963146189207795 0.3662840080436903 0.3963146189207795 0.3662840080436903 0.437841865482802 0.132812903679964 0.437841865482802
6 0.1398030565052253 0.4477293051404264 0.3495076412630633 0.4477293051404264 0.3495076412630633 0.4843128318736368 0.1398030565052253 0.4843128318736368
6 0.13560896481006854 0.49024529566821096 0.362089937236443 0.49024529566821096 0.362089937236443 0.5327612861959958 0.13560896481006854 0.5327612861959958
6 0.1398030565052253 0.5436374698193832 0.3257411216571749 0.5436374698193832 0.3257411216571749 0.5930746681075051 0.1398030565052253 0.5930746681075051
9 0.40123477216999653 0.39433713098925466 0.44037962799145963 0.39433713098925466 0.44037962799145963 0.413123266338741 0.40123477216999653 0.413123266338741
9 0.3998367416049443 0.44080809738008936 0.4389815974264074 0.44080809738008936 0.4389815974264074 0.4556392568665259 0.3998367416049443 0.4556392568665259
9 0.39424461934473526 0.49024529566821134 0.4361855362963029 0.49024529566821134 0.4361855362963029 0.5139751508465099 0.39424461934473526 0.5139751508465099
9 0.39424461934473526 0.5386937499905708 0.4431756891215642 0.5386937499905708 0.4431756891215642 0.5584686293058195 0.39424461934473526 0.5584686293058195
10 0.46135008646724346 0.3963146189207795 0.5074850951139678 0.3963146189207795 0.5074850951139678 0.4151007542702659 0.46135008646724346 0.4151007542702659
10 0.4543599336419822 0.4368531215170396 0.518669339634386 0.4368531215170396 0.518669339634386 0.4645379525583878 0.4543599336419822 0.4645379525583878
10 0.4655441781624002 0.49716650342854846 0.5074850951139677 0.49716650342854846 0.5074850951139677 0.5110089189492226 0.4655441781624002 0.5110089189492226
10 0.4641461475973479 0.5436374698193832 0.5032910034188111 0.5436374698193832 0.5032910034188111 0.5564911413742948 0.4641461475973479 0.5564911413742948
7 0.5689984399762669 0.3923596430577298 0.6151334486229912 0.3923596430577298 0.6151334486229912 0.4160894982360283 0.5689984399762669 0.4160894982360283
7 0.5620082871510056 0.4417968413458518 0.6347058765337228 0.4417968413458518 0.6347058765337228 0.4694816723872 0.5620082871510056 0.4694816723872
7 0.5634063177160579 0.4942002715312611 0.6193275403181482 0.4942002715312611 0.6193275403181482 0.5149638948122723 0.5634063177160579 0.5149638948122723
7 0.5522220731956399 0.5426487258536207 0.6151334486229912 0.5426487258536207 0.6151334486229912 0.561434861203107 0.5522220731956399 0.561434861203107
8 0.6626664878347678 0.3953258749550171 0.7143936187417013 0.3953258749550171 0.7143936187417013 0.41213452237297854 0.6626664878347678 0.41213452237297854
8 0.6668605795299246 0.43981935341432693 0.718587710436858 0.43981935341432693 0.718587710436858 0.4586054887638132 0.6668605795299246 0.4586054887638132
8 0.6696566406600291 0.4942002715312611 0.7227818021320148 0.4942002715312611 0.7227818021320148 0.5149638948122723 0.6696566406600291 0.5149638948122723
8 0.6528802738794021 0.5416599818878584 0.7213837715669623 0.5416599818878584 0.7213837715669623 0.5604461172373445 0.6528802738794021 0.5604461172373445
11 0.7689168107787391 0.3953258749550171 0.8094596971652545 0.3953258749550171 0.8094596971652545 0.4200444740990781 0.7689168107787391 0.4200444740990781
11 0.7647227190835822 0.4427855853116142 0.8066636360351499 0.4427855853116142 0.8066636360351499 0.4655266965241503 0.7647227190835822 0.4655266965241503
11 0.774508933038948 0.48925655170244897 0.8038675749050453 0.48925655170244897 0.8038675749050453 0.5139751508465099 0.774508933038948 0.5139751508465099
11 0.7675187802136868 0.5396824939563334 0.8094596971652543 0.5396824939563334 0.8094596971652543 0.5604461172373445 0.7675187802136868 0.5604461172373445
5 0.8527986446818742 0.3953258749550171 0.9087198672839644 0.3953258749550171 0.9087198672839644 0.41114577840721606 0.8527986446818742 0.41114577840721606
5 0.8416144001614563 0.4427855853116142 0.9073218367189121 0.4427855853116142 0.9073218367189121 0.4605829766953381 0.8416144001614563 0.4605829766953381
5 0.8583907669420833 0.4912340396339738 0.9045257755888076 0.4912340396339738 0.9045257755888076 0.5110089189492226 0.8583907669420833 0.5110089189492226
5 0.8444104612915608 0.5446262137851455 0.9087198672839644 0.5446262137851455 0.9087198672839644 0.5604461172373444 0.8444104612915608 0.5604461172373444
19 0.3988082027257886 0.6781876285945462 0.44082264495125073 0.6781876285945462 0.44082264495125073 0.6952733620374734 0.3988082027257886 0.6952733620374734
17 0.5563623610712716 0.7049305157226061 0.6561466613567443 0.7049305157226061 0.6561466613567443 0.7242448230928716 0.5563623610712716 0.7242448230928716
18 0.6724527017901337 0.7046867817876094 0.7563345356932689 0.7046867817876094 0.7563345356932689 0.7234729171370956 0.6724527017901337 0.7234729171370956
16 0.8178478805555681 0.7056755257533718 0.9143119895441735 0.7056755257533718 0.9143119895441735 0.7224841731713333 0.8178478805555681 0.7224841731713333
