4 0.20757948670385265 0.024851586170478647 0.3229014237615485 0.024851586170478647 0.3229014237615485 0.04883992591829402 0.20757948670385265 0.04883992591829402
3 0.47078717885220844 0.05267573378776155 0.6213836429612615 0.05267573378776155 0.6213836429612615 0.07954267430531474 0.47078717885220844 0.07954267430531474
14 0.0833997543979447 0.21482074941540963 0.30116577977035586 0.21482074941540963 0.30116577977035586 0.22923894594151817 0.0833997543979447 0.22923894594151817
13 0.0852530934802746 0.23186045316144913 0.3660322666200215 0.23186045316144913 0.3660322666200215 0.2613522696104048 0.0852530934802746 0.2613522696104048
15 0.14733956610303572 0.2751151898716357 0.25761257469587373 0.2751151898716357 0.25761257469587373 0.2901887999856922 0.14733956610303572 0.2901887999856922
12 0.13343956781284122 0.2928103170144138 0.3762255195046359 0.2928103170144138 0.3762255195046359 0.3118161732451807 0.13343956781284122 0.3118161732451807
1 0.5003985263876685 0.21547612376819475 0.7459644698927279 0.21547612376819475 0.7459644698927279 0.2292389851766811 0.5003985263876685 0.2292389851766811
0 0.5050318460764431 0.2325158569406064 0.6959246172539612 0.2325158569406064 0.6959246172539612 0.2600415797575792 0.5050318460764431 0.2600415797575792
2 0.5652650020305143 0.2764259385772058 0.6773913384988622 0.2764259385772058 0.6773913384988622 0.2901887999856922 0.5652650020305143 0.2901887999856922
6 0.142706246414261 0.3983255681952281 0.3456456487825933 0.3983255681952281 0.3456456487825933 0.4206082961899203 0.142706246414261 0.4206082961899203
6 0.1445595742897709 0.43699265500954687 0.3623255996621821 0.43699265500954687 0.3623255996621821 0.46976137264880014 0.1445595742897709 0.46976137264880014
9 0.40680546867441936 0.397670193842443 0.44016537043359727 0.397670193842443 0.44016537043359727 0.41143305525092944 0.40680546867441936 0.41143305525092944
9 0.4030988129233996 0.43174966018726635 0.44479869012237205 0.43174966018726635 0.44479869012237205 0.44682327030132285 0.4030988129233996 0.44682327030132285
10 0.4661119606907357 0.397670193842443 0.5041051821386882 0.397670193842443 0.5041051821386882 0.4088115578397891 0.4661119606907357 0.4088115578397891
10 0.4661119606907357 0.43699265500954687 0.5041051821386882 0.43699265500954687 0.5041051821386882 0.4442017728901826 0.4661119606907357 0.4442017728901826
7 0.5736049774703088 0.3963594451368728 0.6199381743580559 0.3963594451368728 0.6199381743580559 0.4088115578397891 0.5736049774703088 0.4088115578397891
7 0.5615583462794946 0.4304389114816962 0.6190115104203011 0.4304389114816962 0.6190115104203011 0.44682327030132285 0.5615583462794946 0.44682327030132285
8 0.6653447073080482 0.3957040707840879 0.7181645517600799 0.3957040707840879 0.7181645517600799 0.41208842960371445 0.6653447073080482 0.41208842960371445
8 0.6653447073080482 0.4343711575984066 0.7218712075110995 0.4343711575984066 0.7218712075110995 0.44813401900689315 0.6653447073080482 0.44813401900689315
11 0.7691310683366015 0.3957040707840879 0.8071242897845541 0.3957040707840879 0.8071242897845541 0.4094669321925743 0.7691310683366015 0.4094669321925743
11 0.7672777404610914 0.43240503454005136 0.8052709619090442 0.43240503454005136 0.8052709619090442 0.4487893933596781 0.7672777404610914 0.4487893933596781
5 0.8553108145478111 0.39504869643130275 0.9109106508131076 0.39504869643130275 0.9109106508131076 0.4088115578397891 0.8553108145478111 0.4088115578397891
5 0.8580908679985864 0.43240503454005086 0.9072039950620868 0.43240503454005086 0.9072039950620868 0.4474786446541073 0.8580908679985864 0.4474786446541073
19 0.39939215717237986 0.5556154128636438 0.4383120425580873 0.5556154128636438 0.4383120425580873 0.5733105203888404 0.39939215717237986 0.5733105203888404
17 0.568634689076896 0.5815568790275286 0.6393981170509098 0.5815568790275286 0.6393981170509098 0.5964517506817346 0.568634689076896 0.5964517506817346
18 0.6899434227466337 0.5845358533583698 0.7548098983894795 0.5845358533583698 0.7548098983894795 0.5970475455479028 0.6899434227466337 0.5970475455479028
16 0.8407369180722106 0.582748468759865 0.9131851895694151 0.582748468759865 0.9131851895694151 0.5976433404140711 0.8407369180722106 0.5976433404140711
