4 0.20883602944013263 0.026117208544560344 0.32853472924118426 0.026117208544560344 0.32853472924118426 0.05223441708912069 0.20883602944013263 0.05223441708912069
3 0.477521408780791 0.054035603885297254 0.6061338415457508 0.054035603885297254 0.6061338415457508 0.07835162563368102 0.477521408780791 0.07835162563368102
14 0.07895020625175744 0.2116394485507476 0.24449096129576497 0.2116394485507476 0.24449096129576497 0.23055190991060165 0.07895020625175744 0.23055190991060165
13 0.0802235966751729 0.23235309670677823 0.28269267399822834 0.23235309670677823 0.28269267399822834 0.27017801942648634 0.0802235966751729 0.27017801942648634
15 0.14516650826936048 0.27468098641692773 0.2648652080704121 0.27468098641692773 0.2648652080704121 0.2890904807863403 0.14516650826936048 0.2890904807863403
12 0.13497938488203695 0.29179226098060523 0.39857120252903366 0.29179226098060523 0.39857120252903366 0.3152076893309007 0.13497938488203695 0.3152076893309007
1 0.500442436402269 0.21073885515265933 0.6519758967887067 0.21073885515265933 0.6519758967887067 0.23145250330868994 0.500442436402269 0.23145250330868994
0 0.500442436402269 0.23325369010486655 0.6914509999145856 0.23325369010486655 0.6914509999145856 0.27107861282457457 0.500442436402269 0.27107861282457457
2 0.5641119575730412 0.27287979962075115 0.6889042190677546 0.27287979962075115 0.6889042190677546 0.29809641476722315 0.5641119575730412 0.29809641476722315
6 0.1389803775924083 0.3919715688037522 0.35084070928815275 0.3919715688037522 0.35084070928815275 0.4363230918794061 0.1389803775924083 0.4363230918794061
6 0.14067526024597427 0.4435152307565392 0.3491458266345867 0.4435152307565392 0.3491458266345867 0.4854693742064821 0.14067526024597427 0.4854693742064821
6 0.13728549493884235 0.4938602028964707 0.3576202399024165 0.4938602028964707 0.3576202399024165 0.5334169667207026 0.13728549493884235 0.5334169667207026
6 0.14067526024597427 0.5406091055978356 0.35423047459528456 0.5406091055978356 0.35423047459528456 0.581364559234923 0.14067526024597427 0.581364559234923
6 0.1322008469781445 0.5909540777377672 0.3593151225559825 0.5909540777377672 0.3593151225559825 0.6317095313748545 0.1322008469781445 0.6317095313748545
6 0.1322008469781445 0.6389016702519875 0.3440611786738889 0.6389016702519875 0.3440611786738889 0.6856505729533526 0.1322008469781445 0.6856505729533526
6 0.13389572963171045 0.689246642391919 0.36609465317024625 0.689246642391919 0.36609465317024625 0.7312007858418621 0.13389572963171045 0.7312007858418621
9 0.3949076582808676 0.39317025861660776 0.4474490205414121 0.39317025861660776 0.4474490205414121 0.41714405487371803 0.3949076582808676 0.41714405487371803
9 0.3982974235879994 0.4423165409436837 0.44914390319497816 0.4423165409436837 0.44914390319497816 0.4698864066393605 0.3982974235879994 0.4698864066393605
9 0.3982974235879994 0.49146282327075963 0.45083878584854414 0.49146282327075963 0.45083878584854414 0.5142379297150145 0.3982974235879994 0.5142379297150145
9 0.3966025409344335 0.5406091055978356 0.4474490205414121 0.5406091055978356 0.4474490205414121 0.5621855222292349 0.3966025409344335 0.5621855222292349
9 0.3966025409344335 0.5885566981120561 0.4542285511556759 0.5885566981120561 0.4542285511556759 0.6149278739948772 0.3966025409344335 0.6149278739948772
9 0.3932127756273015 0.6365042906262767 0.4457541378878461 0.6365042906262767 0.4457541378878461 0.6628754665090977 0.3932127756273015 0.6628754665090977
9 0.4016871888951314 0.6880479525790636 0.4440592552342803 0.6880479525790636 0.4440592552342803 0.7120217488361736 0.4016871888951314 0.7120217488361736
10 0.46100808176993985 0.38957418917804126 0.5050750307626546 0.38957418917804126 0.5050750307626546 0.4183427446865735 0.46100808176993985 0.4183427446865735
10 0.4660927297306377 0.4447139205693948 0.5050750307626546 0.4447139205693948 0.5050750307626546 0.46509164738793846 0.4660927297306377 0.46509164738793846
10 0.46100808176993985 0.4926615130836152 0.5135494440304844 0.4926615130836152 0.5135494440304844 0.5166353093407253 0.46100808176993985 0.5166353093407253
10 0.46100808176993985 0.5430064852235468 0.5050750307626546 0.5430064852235468 0.5050750307626546 0.5669802814806569 0.46100808176993985 0.5669802814806569
10 0.46439784707707166 0.5921527675506225 0.5033801481090887 0.5921527675506225 0.5033801481090887 0.6149278739948772 0.46439784707707166 0.6149278739948772
10 0.4593131991163738 0.6389016702519875 0.5118545613769183 0.6389016702519875 0.5118545613769183 0.6628754665090977 0.4593131991163738 0.6628754665090977
10 0.46439784707707166 0.6880479525790636 0.5067699134162205 0.6880479525790636 0.5067699134162205 0.7120217488361736 0.46439784707707166 0.7120217488361736
7 0.5677856889445949 0.3955676382423188 0.6254116991658374 0.3955676382423188 0.6254116991658374 0.41954143449942904 0.5677856889445949 0.41954143449942904
7 0.5406675664875397 0.4423165409436837 0.6237168165122715 0.4423165409436837 0.6237168165122715 0.4650916473879384 0.5406675664875397 0.4650916473879384
7 0.5694805715981609 0.4926615130836152 0.6304963471265352 0.4926615130836152 0.6304963471265352 0.5178339991535809 0.5694805715981609 0.5178339991535809
7 0.5508368624089355 0.5406091055978356 0.6321912297801011 0.5406091055978356 0.6321912297801011 0.566980281480657 0.5508368624089355 0.566980281480657
7 0.5389726838339737 0.5861593184863451 0.6237168165122715 0.5861593184863451 0.6237168165122715 0.6137291841820218 0.5389726838339737 0.6137291841820218
7 0.5457522144482375 0.6389016702519875 0.6203270512051395 0.6389016702519875 0.6203270512051395 0.6640741563219533 0.5457522144482375 0.6640741563219533
7 0.5610061583303312 0.6916440220176301 0.6304963471265352 0.6916440220176301 0.6304963471265352 0.7156178182747404 0.5610061583303312 0.7156178182747404
8 0.6694786481585521 0.38957418917804126 0.7372739543011904 0.38957418917804126 0.7372739543011904 0.41954143449942904 0.6694786481585521 0.41954143449942904
8 0.6372758777407991 0.44111785113082824 0.7254097757262288 0.44111785113082824 0.7254097757262288 0.46868771682650506 0.6372758777407991 0.46868771682650506
8 0.6660888828514203 0.49146282327075963 0.7338841889940586 0.49146282327075963 0.7338841889940586 0.5190326889664365 0.6660888828514203 0.5190326889664365
8 0.6474451736621948 0.5430064852235468 0.7254097757262287 0.5430064852235468 0.7254097757262287 0.5681789712935124 0.6474451736621948 0.5681789712935124
8 0.642360525701497 0.5909540777377672 0.7355790716476245 0.5909540777377672 0.7355790716476245 0.6125304943691665 0.642360525701497 0.6125304943691665
8 0.642360525701497 0.6365042906262767 0.7169353624583988 0.6365042906262767 0.7169353624583988 0.6604780868833867 0.642360525701497 0.6604780868833867
8 0.6593093522371565 0.6916440220176301 0.7372739543011904 0.6916440220176301 0.7372739543011904 0.7096243692104628 0.6593093522371565 0.7096243692104628
11 0.7677818420653777 0.39317025861660776 0.8118487910580924 0.39317025861660776 0.8118487910580924 0.4135479854351515 0.7677818420653777 0.4135479854351515
11 0.7660869594118117 0.4447139205693948 0.8118487910580925 0.4447139205693948 0.8118487910580925 0.46629033720079394 0.7660869594118117 0.46629033720079394
11 0.7660869594118117 0.49146282327075963 0.8186283216723564 0.49146282327075963 0.8186283216723564 0.5130392399021589 0.7660869594118117 0.5130392399021589
11 0.7610023114511137 0.5406091055978356 0.8101539084045265 0.5406091055978356 0.8101539084045265 0.5645829018549459 0.7610023114511137 0.5645829018549459
11 0.7643920767582457 0.5885566981120561 0.8101539084045265 0.5885566981120561 0.8101539084045265 0.6149278739948772 0.7643920767582457 0.6149278739948772
11 0.7643920767582457 0.637702980439132 0.8118487910580924 0.637702980439132 0.8118487910580924 0.6616767766962423 0.7643920767582457 0.6616767766962423
11 0.7677818420653777 0.686849262766208 0.8152385563652245 0.686849262766208 0.8152385563652245 0.7132204386490292 0.7677818420653777 0.7132204386490292
5 0.8508310920901095 0.3919715688037522 0.9135417502720499 0.3919715688037522 0.9135417502720499 0.41834274468657345 0.8508310920901095 0.41834274468657345
5 0.832187382900884 0.4435152307565392 0.911846867618484 0.4435152307565392 0.911846867618484 0.471085096452216 0.832187382900884 0.471085096452216
5 0.8508310920901095 0.4902641334579043 0.911846867618484 0.4902641334579043 0.911846867618484 0.51543661952787 0.8508310920901095 0.51543661952787
5 0.83388226555445 0.5406091055978356 0.9169315155791817 0.5406091055978356 0.9169315155791817 0.5633842120420904 0.83388226555445 0.5633842120420904
5 0.8389669135151477 0.5909540777377672 0.9169315155791817 0.5909540777377672 0.9169315155791817 0.6149278739948775 0.8389669135151477 0.6149278739948775
5 0.83388226555445 0.6389016702519875 0.9169315155791817 0.6389016702519875 0.9169315155791817 0.6580807072576759 0.83388226555445 0.6580807072576759
5 0.8559157400508073 0.6856505729533524 0.9135417502720499 0.6856505729533524 0.9135417502720499 0.7096243692104627 0.8559157400508073 0.7096243692104627
19 0.3864332450130377 0.8094083197559738 0.46100808176993985 0.8094083197559738 0.46100808176993985 0.8345808058259395 0.3864332450130377 0.8345808058259395
17 0.5338880358732758 0.8333821160130839 0.6525298216228927 0.8333821160130839 0.6525298216228927 0.8597532918959052 0.5338880358732758 0.8597532918959052
18 0.6626991175442885 0.8321834262002283 0.7593074287975481 0.8321834262002283 0.7593074287975481 0.8597532918959053 0.6626991175442885 0.8597532918959053
16 0.8101539084045265 0.8345808058259395 0.9169315155791817 0.8345808058259395 0.9169315155791817 0.8585546020830497 0.8101539084045265 0.8585546020830497
