4 0.20750743190913057 0.030716723549488057 0.341019965618106 0.030716723549488057 0.341019965618106 0.048919226393629126 0.20750743190913057 0.048919226393629126
3 0.4809668383010081 0.061433447098976114 0.6016106940621306 0.061433447098976114 0.6016106940621306 0.07963594994311719 0.4809668383010081 0.07963594994311719
14 0.08020400674418351 0.2117714688262635 0.21314489463522748 0.2117714688262635 0.21314489463522748 0.23119733501980927 0.08020400674418351 0.23119733501980927
1 0.4922108907040304 0.21487960741723083 0.6350399438101106 0.21487960741723083 0.6350399438101106 0.23042030037206748 0.4922108907040304 0.23042030037206748
13 0.0791053217202906 0.23197436966755108 0.29664495645108974 0.23197436966755108 0.29664495645108974 0.26460982487270807 0.0791053217202906 0.26460982487270807
15 0.14612510817775903 0.27548830994109375 0.26368440573430196 0.27548830994109375 0.26368440573430196 0.2918060375436722 0.14612510817775903 0.2918060375436722
12 0.1329408878910439 0.2894749336004467 0.40211871874481053 0.2894749336004467 0.40211871874481053 0.31123190373721804 0.1329408878910439 0.31123190373721804
0 0.4923479949277079 0.231628650454333 0.7670873155520419 0.231628650454333 0.7670873155520419 0.26627929876483697 0.4923479949277079 0.26627929876483697
2 0.5642887651137638 0.27812192540260416 0.6833631433527527 0.27812192540260416 0.6833631433527527 0.2912803994445678 0.5642887651137638 0.2912803994445678
6 0.14275674197623964 0.39720787178547345 0.362638406338009 0.39720787178547345 0.362638406338009 0.4362845522737287 0.14275674197623964 0.4362845522737287
9 0.4049233417921954 0.39800535506074397 0.44608067896760356 0.39800535506074397 0.44608067896760356 0.4107650874650722 0.4049233417921954 0.4107650874650722
10 0.4635584522886672 0.3984040966983792 0.5086623834397995 0.3984040966983792 0.5086623834397995 0.411961312377978 0.4635584522886672 0.411961312377978
7 0.5791372758634434 0.3964103885102029 0.6157842199237382 0.3964103885102029 0.6157842199237382 0.4107650874650722 0.5791372758634434 0.4107650874650722
8 0.6748282525470135 0.39845164845112924 0.7204447283703176 0.39845164845112924 0.7204447283703176 0.4107763899780372 0.6748282525470135 0.4107763899780372
11 0.7706666553060512 0.3990747584493115 0.8126953184241517 0.3990747584493115 0.8126953184241517 0.40813706839556746 0.7706666553060512 0.40813706839556746
5 0.8639497856413473 0.39726229646006034 0.9105913508089954 0.39726229646006034 0.9105913508089954 0.4117619923740698 0.8639497856413473 0.4117619923740698
19 0.3973056821418874 0.5225411255471513 0.4435372115717979 0.5225411255471513 0.4435372115717979 0.5349021163138443 0.3973056821418874 0.5349021163138443
17 0.5788490050251944 0.5480605903558078 0.6481962991700602 0.5480605903558078 0.6481962991700602 0.5632127725859476 0.5788490050251944 0.5632127725859476
18 0.6978106234363055 0.5480605903558078 0.755318135653999 0.5480605903558078 0.755318135653999 0.5628140309483124 0.6978106234363055 0.5628140309483124
16 0.8486865606512874 0.5471154243296731 0.9127546446727819 0.5471154243296731 0.9127546446727819 0.5641525670286343 0.8486865606512874 0.5641525670286343
