4 0.20817814922266703 0.025912838633686687 0.3214270623997979 0.025912838633686687 0.3214270623997979 0.05535924617196702 0.20817814922266703 0.05535924617196702
3 0.47631160542146217 0.05418138987043581 0.6095456209239691 0.05418138987043581 0.6095456209239691 0.07656065959952886 0.47631160542146217 0.07656065959952886
14 0.08160583449528541 0.21436984687868063 0.2964456844930775 0.21436984687868063 0.2964456844930775 0.228200358397862 0.08160583449528541 0.228200358397862
13 0.08088049840584838 0.23076529402769844 0.2774006712720459 0.23076529402769844 0.2774006712720459 0.2588246222376736 0.08088049840584838 0.2588246222376736
15 0.14665390027771474 0.27536681499575816 0.25758441459034503 0.27536681499575816 0.25758441459034503 0.2886641985070368 0.14665390027771474 0.2886641985070368
12 0.13255256371254992 0.29065880603372857 0.38355635457248444 0.29065880603372857 0.38355635457248444 0.3066156662472629 0.13255256371254992 0.3066156662472629
1 0.502007581719869 0.2175231967216961 0.7276289667625069 0.2175231967216961 0.7276289667625069 0.22882597270628294 0.502007581719869 0.22882597270628294
0 0.5001274035111806 0.23414492611079452 0.7041267391538989 0.23414492611079452 0.7041267391538989 0.2633991698356074 0.5001274035111806 0.2633991698356074
2 0.5649935517109389 0.27736142252244994 0.6815646006496352 0.27736142252244994 0.6815646006496352 0.29065880603372857 0.5649935517109389 0.29065880603372857
6 0.1447737220690261 0.39703787412395747 0.35441359233781045 0.39703787412395747 0.35441359233781045 0.4342705479555376 0.1447737220690261 0.4342705479555376
9 0.4023581366593709 0.39504326659726563 0.4484225027722427 0.39504326659726563 0.4484225027722427 0.41033525763523604 0.4023581366593709 0.41033525763523604
10 0.463463928441752 0.39703787412395747 0.5095282945546238 0.39703787412395747 0.5095282945546238 0.40967038845967213 0.463463928441752 0.40967038845967213
7 0.5790948882761038 0.3943783974217017 0.6242191652846315 0.3943783974217017 0.6242191652846315 0.40967038845967213 0.5790948882761038 0.40967038845967213
8 0.6825046897539795 0.39504326659726563 0.7257487885538183 0.39504326659726563 0.7257487885538183 0.4110001268108 0.6825046897539795 0.4110001268108
11 0.76523253093628 0.3963730049483935 0.8103568079448074 0.3963730049483935 0.8103568079448074 0.41100012681080006 0.76523253093628 0.41100012681080006
5 0.873342777935877 0.39504326659726563 0.9137666094226832 0.39504326659726563 0.9137666094226832 0.4110001268108 0.873342777935877 0.4110001268108
19 0.39859778024199355 0.5200386716032847 0.4437220572505211 0.5200386716032847 0.4437220572505211 0.5359955318168189 0.39859778024199355 0.5359955318168189
17 0.5875556902152027 0.5426442235724582 0.6467813037888952 0.5426442235724582 0.6467813037888952 0.5592659529615566 0.5875556902152027 0.5592659529615566
18 0.6994262936321772 0.5466334386258419 0.7530113725798038 0.5466334386258419 0.7530113725798038 0.5599308221371204 0.6994262936321772 0.5599308221371204
16 0.8620617086837453 0.5466334386258419 0.9156467876313719 0.5466334386258419 0.9156467876313719 0.5599308221371204 0.8620617086837453 0.5599308221371204
