4 0.2103117927522408 0.027308326557234898 0.33029033159039484 0.027308326557234898 0.33029033159039484 0.04837937782590944 0.2103117927522408 0.04837937782590944
3 0.4768412984933749 0.05578272016355184 0.5976250624244028 0.05578272016355184 0.5976250624244028 0.07742325930435272 0.4768412984933749 0.07742325930435272
14 0.08389145317109854 0.21466983648680038 0.23124764516695223 0.21466983648680038 0.23124764516695223 0.23118498477846425 0.08389145317109854 0.23118498477846425
13 0.08147577789247798 0.23346293051659553 0.33029033159039484 0.23346293051659553 0.33029033159039484 0.2636457934896655 0.08147577789247798 0.2636457934896655
15 0.14669904612563417 0.2750355595577532 0.2682880351495353 0.2750355595577532 0.2682880351495353 0.29098121997729076 0.14669904612563417 0.29098121997729076
12 0.1322049587435096 0.2904117234796034 0.37860383716280593 0.2904117234796034 0.37860383716280593 0.3086353353876463 0.1322049587435096 0.3086353353876463
1 0.4993876010938335 0.21466983648680038 0.6201713650248611 0.21466983648680038 0.6201713650248611 0.23118498477846425 0.4993876010938335 0.23118498477846425
0 0.4969719105107554 0.23403241551353507 0.7707484420877515 0.23403241551353507 0.7707484420877515 0.2670627120968628 0.4969719105107554 0.2670627120968628
2 0.5613899332450945 0.27503555093219234 0.6805632469903748 0.27503555093219234 0.6805632469903748 0.2938286507123615 0.5613899332450945 0.2938286507123615
6 0.13675588678322956 0.39558501866386075 0.3442475770750261 0.39558501866386075 0.3442475770750261 0.43477301676212876 0.13675588678322956 0.43477301676212876
6 0.13675588678322956 0.44477846308509084 0.3713629684199768 0.44477846308509084 0.3713629684199768 0.4864678227640994 0.13675588678322956 0.4864678227640994
6 0.13557695672475345 0.4939719075063211 0.36782617824454844 0.4939719075063211 0.36782617824454844 0.5356612671853298 0.13557695672475345 0.5356612671853298
6 0.1450083971925624 0.542331564733971 0.36428938806912015 0.542331564733971 0.36428938806912015 0.5831871372193995 0.1450083971925624 0.5831871372193995
6 0.13557695672475345 0.5956939451231023 0.3371739967241694 0.5956939451231023 0.3371739967241694 0.6440536023507524 0.13557695672475345 0.6440536023507524
6 0.14382946713408626 0.6515576870929736 0.36782617824454844 0.6515576870929736 0.36782617824454844 0.6957484083527228 0.14382946713408626 0.6957484083527228
9 0.4020151499403559 0.39808638024460125 0.45270914245482885 0.39808638024460125 0.45270914245482885 0.4139283369226245 0.4020151499403559 0.4139283369226245
9 0.4020151499403559 0.44727982466583144 0.44327770198701993 0.44727982466583144 0.44327770198701993 0.4589528453759539 0.4020151499403559 0.4589528453759539
9 0.4055519401157842 0.4939719075063211 0.44209877192854385 0.4939719075063211 0.44209877192854385 0.5106476513779246 0.4055519401157842 0.5106476513779246
9 0.4090887302912126 0.5414977775403909 0.44209877192854385 0.5414977775403909 0.44209877192854385 0.5573397342184142 0.4090887302912126 0.5573397342184142
9 0.40201517981669777 0.5881898730095643 0.44445666192183797 0.5881898730095643 0.44445666192183797 0.6082007656554884 0.40201517981669777 0.6082007656554884
9 0.40673087017426035 0.653225261480134 0.44445663204549607 0.653225261480134 0.44445663204549607 0.6665658565774168 0.40673087017426035 0.6665658565774168
10 0.4633195428574559 0.39725258463189833 0.5092978151380243 0.39725258463189833 0.5092978151380243 0.40975939253560095 0.4633195428574559 0.40975939253560095
10 0.46449844303959015 0.44894739905299175 0.504582065027778 0.44894739905299175 0.504582065027778 0.46145420695669437 0.46449844303959015 0.46145420695669437
10 0.46331951298111396 0.4956394818934814 0.5092977852616826 0.4956394818934814 0.5092977852616826 0.508146289797184 0.46331951298111396 0.508146289797184
10 0.4621405829226379 0.5439991391211315 0.5057609950862543 0.5439991391211315 0.5057609950862543 0.5581735214119944 0.4621405829226379 0.5581735214119944
10 0.4656773730980662 0.5923587963487815 0.5022242049108259 0.5923587963487815 0.5022242049108259 0.6082007530268048 0.4656773730980662 0.6082007530268048
10 0.4656773730980662 0.6557266230608747 0.5034031349693019 0.6557266230608747 0.5034031349693019 0.6682334309645773 0.4656773730980662 0.6682334309645773
7 0.5599917777761556 0.3972525930510211 0.6177593506414853 0.3972525930510211 0.6177593506414853 0.41226076253546423 0.5599917777761556 0.41226076253546423
7 0.5552760575422511 0.4431108886979305 0.6201172107584375 0.4431108886979305 0.6201172107584375 0.46228799415027455 0.5552760575422511 0.46228799415027455
7 0.5635285679515839 0.4923043331191608 0.6165804205830092 0.4923043331191608 0.6165804205830092 0.5098138641843443 0.5635285679515839 0.5098138641843443
7 0.5717810783609167 0.542331564733971 0.6236540009338658 0.542331564733971 0.6236540009338658 0.5623424573798952 0.5717810783609167 0.5623424573798952
7 0.5788546587117734 0.590691221961621 0.6224750708753896 0.590691221961621 0.6224750708753896 0.6098683274139652 0.5788546587117734 0.6098683274139652
7 0.5493814072498705 0.652391474286554 0.6165804205830092 0.652391474286554 0.6165804205830092 0.667399643770997 0.5493814072498705 0.667399643770997
8 0.6672744130974821 0.39391744427670033 0.7179684056119553 0.39391744427670033 0.7179684056119553 0.4122607625354642 0.6672744130974821 0.4122607625354642
8 0.6507693922788165 0.44477846308509084 0.7250419859628118 0.44477846308509084 0.7250419859628118 0.4639555685374349 0.6507693922788165 0.4639555685374349
8 0.6519483223372926 0.4956394818934814 0.7203262657289076 0.4956394818934814 0.7203262657289076 0.5106476513779246 0.6519483223372926 0.5106476513779246
8 0.6708112032729104 0.5439991391211315 0.7203262657289076 0.5439991391211315 0.7203262657289076 0.5590073086055747 0.6708112032729104 0.5590073086055747
8 0.6767058535652911 0.5923587963487815 0.7226841258458596 0.5923587963487815 0.7226841258458596 0.6056993914460641 0.6767058535652911 0.6056993914460641
8 0.644874741986436 0.652391474286554 0.7203262657289076 0.652391474286554 0.7203262657289076 0.6682334309645771 0.644874741986436 0.6682334309645771
11 0.7698413281849044 0.39558501866386075 0.8040302998807118 0.39558501866386075 0.8040302998807118 0.4172634856969451 0.7698413281849044 0.4172634856969451
11 0.7698413281849044 0.4414433143107701 0.8181774605824251 0.4414433143107701 0.8181774605824251 0.46478935573101493 0.7698413281849044 0.46478935573101493
11 0.7733781183603327 0.49313812031274085 0.805209229939188 0.49313812031274085 0.805209229939188 0.5164841617329857 0.7733781183603327 0.5164841617329857
11 0.7710202582433806 0.542331564733971 0.8111038802315684 0.542331564733971 0.8111038802315684 0.5640100317670557 0.7710202582433806 0.5640100317670557
11 0.7710202582433806 0.590691221961621 0.8075670900561401 0.590691221961621 0.8075670900561401 0.6098683274139652 0.7710202582433806 0.6098683274139652
11 0.7651256079509998 0.6515576870929736 0.8169985305239489 0.6515576870929736 0.8169985305239489 0.672402366932478 0.7651256079509998 0.672402366932478
5 0.8535453623367087 0.39308365708312026 0.9054182849096577 0.39308365708312026 0.9054182849096577 0.41559591130978485 0.8535453623367087 0.41559591130978485
5 0.8358614114595668 0.43977573992360985 0.906597214968134 0.43977573992360985 0.906597214968134 0.46478935573101493 0.8358614114595668 0.46478935573101493
5 0.8429349918104236 0.4939719075063211 0.908955075085086 0.4939719075063211 0.908955075085086 0.5139828001522452 0.8429349918104236 0.5139828001522452
5 0.858261082570613 0.542331564733971 0.9101340051435622 0.542331564733971 0.9101340051435622 0.5598410957991548 0.858261082570613 0.5598410957991548
5 0.8665135929799445 0.5898574347680404 0.9089550153324016 0.5898574347680404 0.9089550153324016 0.6115358849628805 0.8665135929799445 0.6115358849628805
5 0.8382192715765191 0.6540590486737143 0.9089550750850862 0.6540590486737143 0.9089550750850862 0.6724023669324781 0.8382192715765191 0.6724023669324781
19 0.4008443614503296 0.7771075256494225 0.4370794906296378 0.7771075256494225 0.4370794906296378 0.7970396011738444 0.4008443614503296 0.7970396011738444
17 0.5473953283533098 0.8038734556393605 0.6464380147767524 0.8038734556393605 0.6464380147767524 0.8203886039310243 0.5473953283533098 0.8203886039310243
18 0.6665686420985903 0.8044429435114869 0.7503120517574362 0.8044429435114869 0.7503120517574362 0.8203886039310243 0.6665686420985903 0.8203886039310243
16 0.8195614097445588 0.8010260162787287 0.9153831957965074 0.8010260162787287 0.9153831957965074 0.8220970675474033 0.8195614097445588 0.8220970675474033
