4 0.2115089996102297 0.03062426383981155 0.32975418836870457 0.03062426383981155 0.32975418836870457 0.04711425206124853 0.2115089996102297 0.04711425206124853
3 0.47631160542146217 0.05771495877502944 0.6062147705364064 0.05771495877502944 0.6062147705364064 0.07656065959952886 0.47631160542146217 0.07656065959952886
14 0.08160583449528548 0.21201413427561838 0.20151644844754169 0.21201413427561838 0.20151644844754169 0.22850412249705537 0.08160583449528548 0.22850412249705537
13 0.07859144912318564 0.23471040026798262 0.2750700719311494 0.23471040026798262 0.2750700719311494 0.2610392196203143 0.07859144912318564 0.2610392196203143
15 0.1468419180985836 0.27639769757584115 0.2585245036946893 0.27639769757584115 0.2585245036946893 0.2888307511588866 0.1468419180985836 0.2888307511588866
12 0.13753503596557476 0.2939502438107289 0.378479873409025 0.2939502438107289 0.378479873409025 0.31077143395249646 0.13753503596557476 0.31077143395249646
1 0.5025716351824759 0.20984429310189165 0.6142542207785817 0.20984429310189165 0.6142542207785817 0.22959090761614034 0.5025716351824759 0.22959090761614034
0 0.5046398312120335 0.2325163319886217 0.7714371190249527 0.2325163319886217 0.7714371190249527 0.2610392196203143 0.5046398312120335 0.2610392196203143
2 0.5666857120987588 0.27859176585520207 0.6763001016653072 0.27859176585520207 0.6763001016653072 0.2917561755313679 0.5666857120987588 0.2917561755313679
6 0.14063733000991105 0.3963400968475742 0.3691729912760163 0.3963400968475742 0.3691729912760163 0.43363925759671074 0.14063733000991105 0.43363925759671074
9 0.40536642179327276 0.3926833163819726 0.44362804834008684 0.3926833163819726 0.44362804834008684 0.4102358626168604 0.40536642179327276 0.4102358626168604
10 0.4622418126061045 0.3999968773131759 0.5077421252563697 0.3999968773131759 0.5077421252563697 0.4116985748031011 0.4622418126061045 0.4116985748031011
7 0.5759925942317676 0.39341467247509293 0.6163224168081392 0.39341467247509293 0.6163224168081392 0.41023586261686035 0.5759925942317676 0.41023586261686035
8 0.6721637096061922 0.3941460285682132 0.72386861034513 0.3941460285682132 0.72386861034513 0.4102358626168604 0.6721637096061922 0.4102358626168604
11 0.7631643349067226 0.39341467247509293 0.811766941601324 0.39341467247509293 0.811766941601324 0.41023586261686035 0.7631643349067226 0.41023586261686035
5 0.868642332414156 0.3956087407544539 0.9162108410939787 0.3956087407544539 0.9162108410939787 0.4102358626168604 0.868642332414156 0.4102358626168604
19 0.3981277356898215 0.5192079204917885 0.442593950325308 0.5192079204917885 0.442593950325308 0.5389545350060373 0.3981277356898215 0.5389545350060373
17 0.5790948882761039 0.5418799593785186 0.655618141369732 0.5418799593785186 0.655618141369732 0.5630892860790079 0.5790948882761039 0.5630892860790079
18 0.7011184540199973 0.5418799593785186 0.7631643349067226 0.5418799593785186 0.7631643349067226 0.5638206421721284 0.7011184540199973 0.5638206421721284
16 0.8489944701333595 0.5477308081234812 0.9182790371235363 0.5477308081234812 0.9182790371235363 0.5623579299858877 0.8489944701333595 0.5623579299858877
