4 0.2078049798589804 0.02851986667574962 0.3423652477396632 0.02851986667574962 0.3423652477396632 0.04959700734787611 0.2078049798589804 0.04959700734787611
3 0.4787316937127041 0.05662272090525161 0.603357982085417 0.05662272090525161 0.603357982085417 0.07833856280986679 0.4787316937127041 0.07833856280986679
14 0.08046942434773027 0.2156593277949333 0.18342157561214523 0.2156593277949333 0.18342157561214523 0.23034945614217298 0.08046942434773027 0.23034945614217298
13 0.08046942434773027 0.23162685860715038 0.340559069647305 0.23162685860715038 0.340559069647305 0.26547802392905046 0.08046942434773027 0.26547802392905046
15 0.14458874662644483 0.27569724364886933 0.27463356927623217 0.27569724364886933 0.27463356927623217 0.29166477446108635 0.14458874662644483 0.29166477446108635
12 0.13284858902611685 0.2923034756935751 0.38661661100243805 0.2923034756935751 0.38661661100243805 0.31018711020325823 0.13284858902611685 0.31018711020325823
1 0.491760703876176 0.2152045811060208 0.7428194587139612 0.2152045811060208 0.7428194587139612 0.22925600822077172 0.491760703876176 0.22925600822077172
0 0.4935668819685354 0.2318108131507275 0.7635905067760799 0.2318108131507275 0.7635905067760799 0.2643845760076503 0.4935668819685354 0.2643845760076503
2 0.5640078275705036 0.27651989942493527 0.6868279378508584 0.27651989942493527 0.6868279378508584 0.2924874302371523 0.5640078275705036 0.2924874302371523
6 0.13756992852378594 0.39689307093113935 0.34722771610405284 0.39689307093113935 0.34722771610405284 0.425685012290509 0.13756992852378594 0.425685012290509
6 0.13689142435685953 0.43528232607696554 0.3607977994425815 0.43528232607696554 0.3607977994425815 0.47271184984414594 0.13689142435685953 0.47271184984414594
6 0.13824843269071238 0.48038970087331107 0.34994173277175866 0.48038970087331107 0.34994173277175866 0.4995843284462241 0.13824843269071238 0.4995843284462241
6 0.13756992852378594 0.5063024480967436 0.350620236938685 0.5063024480967436 0.350620236938685 0.5475708973785067 0.13756992852378594 0.5475708973785067
6 0.13756992852378594 0.5566883454756404 0.3702968577795515 0.5566883454756404 0.3702968577795515 0.5840406897670415 0.13756992852378594 0.5840406897670415
6 0.13718507813162156 0.5947466628591138 0.35275243345456775 0.5947466628591138 0.35275243345456775 0.6347932301361543 0.13718507813162156 0.6347932301361543
6 0.13519828223002758 0.6418189436935298 0.3676534027165225 0.6418189436935298 0.3676534027165225 0.6720295119902445 0.13519828223002758 0.6720295119902445
9 0.4014289330436201 0.39521639782964985 0.4441450449278906 0.39521639782964985 0.4441450449278906 0.4148883957903012 0.4014289330436201 0.4148883957903012
9 0.3994421371420262 0.43315525103947733 0.4471252387802815 0.43315525103947733 0.4471252387802815 0.45212467764439124 0.3994421371420262 0.45212467764439124
9 0.4004355350928231 0.483740388652581 0.4461318408294844 0.483740388652581 0.4461318408294844 0.497791815767332 0.4004355350928231 0.497791815767332
9 0.3994421371420262 0.5069252433919201 0.44613184082948454 0.5069252433919201 0.44613184082948454 0.525894669996834 0.3994421371420262 0.525894669996834
9 0.3994421371420262 0.5575103810050238 0.4471252387802815 0.5575103810050238 0.4471252387802815 0.5736695221869873 0.3994421371420262 0.5736695221869873
9 0.4004355350928231 0.5933415201476387 0.4431516469770935 0.5933415201476387 0.4431516469770935 0.6130135181082902 0.4004355350928231 0.6130135181082902
9 0.3984487391912291 0.6439266577607424 0.4451384428786875 0.6439266577607424 0.4451384428786875 0.6593832275869684 0.3984487391912291 0.6593832275869684
10 0.4610328100914393 0.39662154054112475 0.5047423199265068 0.39662154054112475 0.5047423199265068 0.413483253078826 0.4610328100914393 0.413483253078826
10 0.46003941214064237 0.43315525103947733 0.5077225137788978 0.43315525103947733 0.5077225137788978 0.45071953493291617 0.46003941214064237 0.45071953493291617
10 0.4630196059930334 0.4823352459411059 0.5027555240249129 0.4823352459411059 0.5027555240249129 0.497791815767332 0.4630196059930334 0.497791815767332
10 0.4630196059930334 0.5083303861033952 0.5027555240249129 0.5083303861033952 0.5027555240249129 0.5244895272853589 0.4630196059930334 0.5244895272853589
10 0.46003941214064237 0.5561052382935486 0.5067291158281008 0.5561052382935486 0.5067291158281008 0.5743720935427249 0.46003941214064237 0.5743720935427249
10 0.4610328100914393 0.5947466628591138 0.5067291158281007 0.5947466628591138 0.5067291158281007 0.6109058040410776 0.4610328100914393 0.6109058040410776
10 0.4610328100914393 0.6439266577607424 0.5037489219757096 0.6439266577607424 0.5037489219757096 0.6607883702984436 0.4610328100914393 0.6607883702984436
7 0.5663329928759201 0.39662154054112475 0.6239500740221452 0.39662154054112475 0.6239500740221452 0.412078110367351 0.5663329928759201 0.412078110367351
7 0.562359401072732 0.43315525103947733 0.6219632781205513 0.43315525103947733 0.6219632781205513 0.4500169635771786 0.562359401072732 0.4500169635771786
7 0.5663329928759201 0.47882238916241815 0.6249434719729422 0.47882238916241815 0.6249434719729422 0.4991969584788071 0.5663329928759201 0.4991969584788071
7 0.5583858092695442 0.5090329574591328 0.6239500740221452 0.5090329574591328 0.6239500740221452 0.5230843845738837 0.5583858092695442 0.5230843845738837
7 0.5593792072203411 0.5568078096492862 0.6189830842681603 0.5568078096492862 0.6189830842681603 0.5729669508312498 0.5593792072203411 0.5729669508312498
7 0.5663329928759201 0.5940440915033763 0.6219632781205513 0.5940440915033763 0.6219632781205513 0.6109058040410775 0.5663329928759201 0.6109058040410775
7 0.567326390826717 0.6439266577607424 0.6219632781205513 0.6439266577607424 0.6219632781205513 0.6607883702984436 0.567326390826717 0.6607883702984436
8 0.6696463797588066 0.3973241118968624 0.7292502568066259 0.3973241118968624 0.7292502568066259 0.413483253078826 0.6696463797588066 0.413483253078826
8 0.6676595838572126 0.43315525103947733 0.7222964711510471 0.43315525103947733 0.7222964711510471 0.45212467764439124 0.6676595838572126 0.45212467764439124
8 0.6626925941032276 0.48163267458536835 0.7252766650034379 0.48163267458536835 0.7252766650034379 0.4991969584788071 0.6626925941032276 0.4991969584788071
8 0.6616991961524306 0.5090329574591328 0.7282568588558288 0.5090329574591328 0.7282568588558288 0.5230843845738837 0.6616991961524306 0.5230843845738837
8 0.6616991961524306 0.5554026669378112 0.7292502568066259 0.5554026669378112 0.7292502568066259 0.5736695221869873 0.6616991961524306 0.5736695221869873
8 0.6636859920540248 0.5933415201476387 0.7193162772986559 0.5933415201476387 0.7193162772986559 0.6095006613296025 0.6636859920540248 0.6095006613296025
8 0.6746133695127916 0.6439266577607424 0.723289869101844 0.6439266577607424 0.723289869101844 0.6579780848754934 0.6746133695127916 0.6579780848754934
11 0.7695903762031002 0.394683319634858 0.8129386504196962 0.394683319634858 0.8129386504196962 0.414483057842007 0.7695903762031002 0.414483057842007
11 0.7677841981107422 0.4336440948166674 0.8120355613735171 0.4336440948166674 0.8120355613735171 0.45088902809386183 0.7677841981107422 0.45088902809386183
11 0.7677841981107422 0.4828240897182959 0.8147448285120543 0.4828240897182959 0.8147448285120543 0.49751421806553564 0.7677841981107422 0.49751421806553564
11 0.7641718419260257 0.5083721390178432 0.8174540956505916 0.5083721390178432 0.8174540956505916 0.5230622673650829 0.7641718419260257 0.5230622673650829
11 0.7686872871569215 0.5530812252920508 0.8066170270964426 0.5530812252920508 0.8066170270964426 0.5754357684291547 0.7686872871569215 0.5754357684291547
11 0.7704934652492794 0.5939581041713266 0.8093262942349799 0.5939581041713266 0.8093262942349799 0.6137578423784756 0.7704934652492794 0.6137578423784756
11 0.7686872871569215 0.6431380990729549 0.811132472327338 0.6431380990729549 0.811132472327338 0.6591056298851721 0.7686872871569215 0.6591056298851721
5 0.8604397618410389 0.39427196587698154 0.9121959985037634 0.39427196587698154 0.9121959985037634 0.4161059973011321 0.8604397618410389 0.4161059973011321
5 0.8522677244732403 0.4321604321718312 0.9131040026557412 0.4321604321718312 0.9131040026557412 0.45142575401667007 0.8522677244732403 0.45142575401667007
5 0.8549917369291734 0.48032373678392815 0.914012006807719 0.48032373678392815 0.914012006807719 0.49958905862876707 0.8549917369291734 0.49958905862876707
5 0.8495437120173073 0.5066530099718746 0.9121959985037634 0.5066530099718746 0.9121959985037634 0.5272026866063693 0.8495437120173073 0.5272026866063693
5 0.8522677244732403 0.5567428467684555 0.9149200109596964 0.5567428467684555 0.9149200109596964 0.5727972816391544 0.8522677244732403 0.5727972816391544
5 0.8531757286252177 0.5933469582736491 0.9085639818958527 0.5933469582736491 0.9085639818958527 0.610685747934004 0.8531757286252177 0.610685747934004
5 0.8577157493851056 0.6421524402805742 0.912195998503763 0.6421524402805742 0.912195998503763 0.6582068751512732 0.8577157493851056 0.6582068751512732
19 0.3917280185901897 0.7570462791028348 0.45065748805353745 0.7570462791028348 0.45065748805353745 0.7739997623262933 0.3917280185901897 0.7739997623262933
17 0.542547508233673 0.7824765039380223 0.6514172060557901 0.7824765039380223 0.6514172060557901 0.7973108017585481 0.542547508233673 0.7973108017585481
18 0.6713932973992979 0.7817701088037116 0.770274949549661 0.7817701088037116 0.770274949549661 0.7987235920271696 0.6713932973992979 0.7987235920271696
16 0.8162199596397289 0.7817701088037116 0.9170992209244431 0.7817701088037116 0.9170992209244431 0.7980171968928589 0.8162199596397289 0.7980171968928589
