4 0.2099443773917132 0.02889497776996298 0.32910199699241527 0.02889497776996298 0.32910199699241527 0.04976260390332589 0.2099443773917132 0.04976260390332589
3 0.47776531287519614 0.05457820993410193 0.6105409461445499 0.05457820993410193 0.6105409461445499 0.0810640431033702 0.47776531287519614 0.0810640431033702
13 0.08170808201190968 0.2327556330728152 0.3359110038267394 0.2327556330728152 0.3359110038267394 0.2624518702626012 0.08170808201190968 0.2624518702626012
15 0.1452588124656178 0.2744908853395417 0.25987709417676935 0.2744908853395417 0.25987709417676935 0.2897403044369992 0.1452588124656178 0.2897403044369992
12 0.13391046774174142 0.2897403044369992 0.3903830585013478 0.2897403044369992 0.3903830585013478 0.30820012755497406 0.13391046774174142 0.30820012755497406
1 0.49932716785056125 0.2150984109599704 0.6094061116721624 0.2150984109599704 0.6094061116721624 0.23115043106255728 0.49932716785056125 0.23115043106255728
0 0.5027316712677241 0.23355823407794526 0.7035973728803362 0.23355823407794526 0.7035973728803362 0.2600440672472136 0.5027316712677241 0.2600440672472136
2 0.5651475672490444 0.2736882843344124 0.6786310144878082 0.2736882843344124 0.6786310144878082 0.2929507084575166 0.5651475672490444 0.2929507084575166
6 0.13844980563129197 0.39488103610894304 0.34045034171629174 0.39488103610894304 0.34045034171629174 0.420564268273082 0.13844980563129197 0.420564268273082
6 0.14071947457606726 0.43340588435515154 0.3370458382991289 0.43340588435515154 0.3370458382991289 0.44785270244747966 0.14071947457606726 0.44785270244747966
6 0.13844980563129197 0.45989171752441976 0.36087736221926925 0.45989171752441976 0.36087736221926925 0.4944035607449815 0.13844980563129197 0.4944035607449815
6 0.14071947457606726 0.5104555808475684 0.3563380243297188 0.5104555808475684 0.3563380243297188 0.5433622220578713 0.14071947457606726 0.5433622220578713
6 0.14298914352084252 0.5562038381399409 0.358607693274494 0.5562038381399409 0.358607693274494 0.5939260853810201 0.14298914352084252 0.5939260853810201
9 0.4040010721699996 0.39568363711407234 0.4448551131759545 0.39568363711407234 0.4448551131759545 0.40932785420127127 0.4040010721699996 0.40932785420127127
9 0.39719206533567364 0.43340588435515154 0.4459899476483422 0.43340588435515154 0.4459899476483422 0.44624750043722106 0.39719206533567364 0.44624750043722106
9 0.40627074111477485 0.4590891165192904 0.44145060975879163 0.4590891165192904 0.44145060975879163 0.4735359346116187 0.40627074111477485 0.4735359346116187
9 0.4040010721699996 0.5112581818526978 0.44258544423117935 0.5112581818526978 0.44258544423117935 0.521691994919379 0.4040010721699996 0.521691994919379
9 0.40173140322522427 0.5554012371348115 0.44031577528640403 0.5554012371348115 0.44031577528640403 0.5714532572373984 0.40173140322522427 0.5714532572373984
10 0.4607427957893816 0.39568363711407234 0.5061361746848871 0.39568363711407234 0.5061361746848871 0.40932785420127127 0.4607427957893816 0.40932785420127127
10 0.4596079613169939 0.4342084853602809 0.506136174684887 0.4342084853602809 0.506136174684887 0.44945790445773837 0.4596079613169939 0.44945790445773837
10 0.4584731268446062 0.4590891165192904 0.5038665057401118 0.4590891165192904 0.5038665057401118 0.4735359346116187 0.4584731268446062 0.4735359346116187
10 0.4630124647341568 0.5104555808475684 0.5015968367953365 0.5104555808475684 0.5015968367953365 0.5208893939142498 0.4630124647341568 0.5208893939142498
10 0.46414729920654446 0.5570064391450702 0.506136174684887 0.5570064391450702 0.506136174684887 0.5714532572373984 0.46414729920654446 0.5714532572373984
7 0.5447205467460667 0.39488103610894304 0.6264286287579769 0.39488103610894304 0.6264286287579769 0.41494606123717664 0.5447205467460667 0.41494606123717664
7 0.562877898304269 0.43501108636541014 0.6150802840341004 0.43501108636541014 0.6150802840341004 0.44624750043722106 0.562877898304269 0.44624750043722106
7 0.550394719108005 0.45748391450903175 0.6230241253408139 0.45748391450903175 0.6230241253408139 0.4703255305911012 0.550394719108005 0.4703255305911012
7 0.5492598846356174 0.5080477778321804 0.6196196219236509 0.5080477778321804 0.6196196219236509 0.5208893939142498 0.5492598846356174 0.5208893939142498
7 0.5424508778012914 0.5562038381399409 0.6128106150893251 0.5562038381399409 0.6128106150893251 0.5754662622630451 0.5424508778012914 0.5754662622630451
8 0.6468556492609543 0.39247323309355503 0.7262940623280892 0.39247323309355503 0.7262940623280892 0.4117356572166593 0.6468556492609543 0.4117356572166593
8 0.663878166346769 0.43180068234489277 0.7194850554937633 0.43180068234489277 0.7194850554937633 0.44464229842696223 0.663878166346769 0.44464229842696223
8 0.6457208147885667 0.4606943185295491 0.7194850554937632 0.4606943185295491 0.7194850554937632 0.47353593461161864 0.6457208147885667 0.47353593461161864
8 0.644585980316179 0.5104555808475684 0.7183502210213756 0.5104555808475684 0.7183502210213756 0.5208893939142498 0.644585980316179 0.5208893939142498
8 0.6423163113714039 0.5570064391450702 0.7228895589109263 0.5570064391450702 0.7228895589109263 0.5730584592476571 0.6423163113714039 0.5730584592476571
11 0.7682829378064318 0.39488103610894304 0.8136763167019373 0.39488103610894304 0.8136763167019373 0.4125382582217886 0.7682829378064318 0.4125382582217886
11 0.767148103334044 0.43180068234489277 0.8136763167019373 0.43180068234489277 0.8136763167019373 0.44624750043722106 0.767148103334044 0.44624750043722106
11 0.767148103334044 0.4566813135039024 0.8091369788123869 0.4566813135039024 0.8091369788123869 0.4727333336064893 0.767148103334044 0.4727333336064893
11 0.7682829378064318 0.5080477778321804 0.8091369788123868 0.5080477778321804 0.8091369788123868 0.5232971969296378 0.7682829378064318 0.5232971969296378
11 0.7694177722788195 0.5570064391450702 0.8057324753952239 0.5570064391450702 0.8057324753952239 0.5730584592476571 0.7694177722788195 0.5730584592476571
5 0.8329685027325271 0.39648623811920175 0.909002412382499 0.39648623811920175 0.909002412382499 0.40852525319614197 0.8329685027325271 0.40852525319614197
5 0.8556651921802799 0.43180068234489277 0.9078675779101113 0.43180068234489277 0.9078675779101113 0.4470501014423503 0.8556651921802799 0.4470501014423503
5 0.8352381716773024 0.45748391450903175 0.909002412382499 0.45748391450903175 0.909002412382499 0.4703255305911012 0.8352381716773024 0.4703255305911012
5 0.8352381716773024 0.5056399748167922 0.9124069157996618 0.5056399748167922 0.9124069157996618 0.5216919949193791 0.8352381716773024 0.5216919949193791
5 0.8329685027325271 0.5586116411553289 0.914676584744437 0.5586116411553289 0.914676584744437 0.5722558582425277 0.8329685027325271 0.5722558582425277
19 0.39902519389738167 0.6813805588017882 0.43995085480993357 0.6813805588017882 0.43995085480993357 0.6964557091610921 0.39902519389738167 0.6964557091610921
17 0.5362966815415664 0.7055007993766743 0.6394634517586245 0.7055007993766743 0.6394634517586245 0.7223849677790947 0.5362966815415664 0.7223849677790947
18 0.6599262822149005 0.7085158294485351 0.755419491010855 0.7085158294485351 0.755419491010855 0.7205759497359784 0.6599262822149005 0.7205759497359784
16 0.8091344209585795 0.7085158294485351 0.914859044982672 0.7085158294485351 0.914859044982672 0.719972943721606 0.8091344209585795 0.719972943721606
