4 0.21079751256049417 0.029226753520841354 0.3240451123935256 0.029226753520841354 0.3240451123935256 0.04508681285823995 0.21079751256049417 0.04508681285823995
3 0.48662830027263015 0.05777486032815883 0.5920270565528772 0.05777486032815883 0.5920270565528772 0.07759993449990707 0.48662830027263015 0.07759993449990707
14 0.08409475235126097 0.21716845666901466 0.23322277985416376 0.21716845666901466 0.23322277985416376 0.23064950710580348 0.08409475235126097 0.23064950710580348
13 0.0829734889865775 0.23302851600641328 0.34647037968719524 0.23302851600641328 0.34647037968719524 0.2623696257806007 0.0829734889865775 0.2623696257806007
15 0.14688550077353585 0.2750576732505195 0.25564804714783335 0.2750576732505195 0.25564804714783335 0.29012472962104824 0.14688550077353585 0.29012472962104824
12 0.137915393856068 0.29171073555478805 0.3823508073570666 0.29171073555478805 0.3823508073570666 0.3075707948921866 0.137915393856068 0.3075707948921866
1 0.502325987378199 0.2155824507352748 0.7377912939617298 0.2155824507352748 0.7377912939617298 0.22747749523832375 0.502325987378199 0.22747749523832375
0 0.502325987378199 0.23302851600641328 0.7691866681728673 0.23302851600641328 0.7691866681728673 0.25919761391312096 0.502325987378199 0.25919761391312096
2 0.5673592625298407 0.27585067621738946 0.6738792821747714 0.27585067621738946 0.6738792821747714 0.2940897444553978 0.5673592625298407 0.2940897444553978
6 0.1435217106794854 0.39797313311535865 0.3520766965106127 0.39797313311535865 0.3520766965106127 0.4352442725582453 0.1435217106794854 0.4352442725582453
6 0.14464297404416887 0.4455533111275544 0.3565617499693465 0.4455533111275544 0.3565617499693465 0.48044544166983133 0.14464297404416887 0.48044544166983133
6 0.1457642374088524 0.4963055010072299 0.35992554006339705 0.4963055010072299 0.35992554006339705 0.5304046285826369 0.1457642374088524 0.5304046285826369
6 0.1457642374088524 0.540713667151946 0.3576830133340301 0.540713667151946 0.3576830133340301 0.5803638154954425 0.1457642374088524 0.5803638154954425
6 0.137915393856068 0.5930518629653613 0.34759164305187873 0.5930518629653613 0.34759164305187873 0.6176349549383291 0.137915393856068 0.6176349549383291
9 0.40141228455668576 0.3955941242147489 0.4473840825087084 0.3955941242147489 0.4473840825087084 0.40907517465153764 0.40141228455668576 0.40907517465153764
9 0.40141228455668576 0.4415882962932048 0.4485053458733919 0.4415882962932048 0.4485053458733919 0.4574483556306033 0.40141228455668576 0.4574483556306033
9 0.39916975782731884 0.49392649210662015 0.444020292414658 0.49392649210662015 0.444020292414658 0.5082005455102788 0.39916975782731884 0.5082005455102788
9 0.4036548112860527 0.5415066701188159 0.44177776568529104 0.5415066701188159 0.44177776568529104 0.5573667294562143 0.4036548112860527 0.5573667294562143
9 0.4036548112860527 0.5914658570316215 0.44289902904997447 0.5914658570316215 0.44289902904997447 0.6057399104352802 0.4036548112860527 0.6057399104352802
10 0.4664455597083275 0.39718013014848874 0.502325987378199 0.39718013014848874 0.502325987378199 0.41145418355214747 0.4664455597083275 0.41145418355214747
10 0.46308176961427716 0.44238129926007463 0.4989621972841486 0.44238129926007463 0.4989621972841486 0.45824135859747334 0.46308176961427716 0.45824135859747334
10 0.46420303297896054 0.49471949507349 0.5034472507428823 0.49471949507349 0.5034472507428823 0.5097865514440187 0.46420303297896054 0.5097865514440187
10 0.46532429634364403 0.5446786819862957 0.5000834606488319 0.5446786819862957 0.5000834606488319 0.5581597324230845 0.46532429634364403 0.5581597324230845
10 0.4608392428849102 0.5914658570316215 0.502325987378199 0.5914658570316215 0.502325987378199 0.6097049252696298 0.4608392428849102 0.6097049252696298
7 0.5707230526238912 0.39480112124787886 0.6178161139405973 0.39480112124787886 0.6178161139405973 0.4098681776184075 0.5707230526238912 0.4098681776184075
7 0.5774506328119922 0.4431743022269446 0.6155735872112305 0.4431743022269446 0.6155735872112305 0.4574483556306033 0.5774506328119922 0.4574483556306033
7 0.5662379991651573 0.4907544802391404 0.6178161139405973 0.4907544802391404 0.6178161139405973 0.5082005455102788 0.5662379991651573 0.5082005455102788
7 0.5696017892592078 0.5438856790194256 0.6211799040346478 0.5438856790194256 0.6211799040346478 0.5565737264893446 0.5696017892592078 0.5565737264893446
7 0.5808144093457901 0.5930519104399086 0.6256649439331292 0.5930519104399086 0.6256649439331292 0.6081189668104372 0.5808144093457901 0.6081189668104372
8 0.6671517019866704 0.39480112124787886 0.7209723434914775 0.39480112124787886 0.7209723434914775 0.4114541835521474 0.6671517019866704 0.4114541835521474
8 0.6828493890922392 0.4431743022269446 0.7209723434914775 0.4431743022269446 0.7209723434914775 0.4574483556306033 0.6828493890922392 0.4574483556306033
8 0.6716367554454044 0.4963055010072299 0.7164872900327435 0.4963055010072299 0.7164872900327435 0.5066145395765391 0.6716367554454044 0.5066145395765391
8 0.6738792821747714 0.5422996730856858 0.7164872900327436 0.5422996730856858 0.7164872900327436 0.5565737264893446 0.6738792821747714 0.5565737264893446
8 0.6817281257275557 0.5914658570316215 0.7187298167621103 0.5914658570316215 0.7187298167621103 0.6089119223027598 0.6817281257275557 0.6089119223027598
11 0.7669441414435001 0.39480112124787886 0.8073096225721054 0.39480112124787886 0.8073096225721054 0.4098681776184075 0.7669441414435001 0.4098681776184075
11 0.7680654048081837 0.44238129926007463 0.8129159393955228 0.44238129926007463 0.8129159393955228 0.46141337046495295 0.7680654048081837 0.46141337046495295
11 0.7680654048081837 0.4931334891397502 0.8073096225721054 0.4931334891397502 0.8073096225721054 0.506614539576539 0.7680654048081837 0.506614539576539
11 0.7680654048081837 0.5422996730856858 0.810673412666156 0.5422996730856858 0.810673412666156 0.5597457383568243 0.7680654048081837 0.5597457383568243
11 0.771429194902234 0.5922588599984914 0.8129159393955226 0.5922588599984914 0.8129159393955226 0.6081189193358901 0.771429194902234 0.6081189193358901
5 0.853281420524128 0.39480112124787886 0.9093445887583022 0.39480112124787886 0.9093445887583022 0.4130401894858873 0.853281420524128 0.4130401894858873
5 0.868979107629697 0.4431743022269446 0.9127083788523526 0.4431743022269446 0.9127083788523526 0.4574483556306033 0.868979107629697 0.4574483556306033
5 0.864494054170963 0.4963055010072299 0.9127083788523526 0.4963055010072299 0.9127083788523526 0.5089935484771487 0.864494054170963 0.5089935484771487
5 0.864494054170963 0.539920664185076 0.9138296422170361 0.539920664185076 0.9138296422170361 0.5573667294562145 0.864494054170963 0.5573667294562145
5 0.864494054170963 0.5898798510978817 0.9115871154876694 0.5898798510978817 0.9115871154876694 0.6041539045015405 0.864494054170963 0.6041539045015405
19 0.4012454850478897 0.729453456263611 0.43460538680706756 0.729453456263611 0.43460538680706756 0.7471485637888079 0.4012454850478897 0.7471485637888079
17 0.5680449938437792 0.7550130560222286 0.6403247809886646 0.7550130560222286 0.6403247809886646 0.770086666136285 0.5680449938437792 0.770086666136285
18 0.6894379696896764 0.7569791790805838 0.7496711256437477 0.7569791790805838 0.7496711256437477 0.7694312917835 0.6894379696896764 0.7694312917835
16 0.8423375194192418 0.7550130560222286 0.9090573229375977 0.7550130560222286 0.9090573229375977 0.770086666136285 0.8423375194192418 0.770086666136285
