4 0.20921518319549245 0.029976483949125936 0.3314483522936924 0.029976483949125936 0.3314483522936924 0.04939602038863409 0.20921518319549245 0.04939602038863409
3 0.47759670665023585 0.05753969696004074 0.5971726329419532 0.05753969696004074 0.5971726329419532 0.07821210671822683 0.47759670665023585 0.07821210671822683
14 0.0834389956304766 0.21477529845412263 0.35359204234771374 0.21477529845412263 0.35359204234771374 0.23231550910208562 0.0834389956304766 0.23231550910208562
13 0.07812453246404931 0.23231550910208582 0.3022186758107492 0.23231550910208582 0.3022186758107492 0.26238446875035654 0.07812453246404931 0.26238446875035654
15 0.14366986063558815 0.27366034443198634 0.2570455537121794 0.27366034443198634 0.2570455537121794 0.2905741342341386 0.14366986063558815 0.2905741342341386
12 0.13481238461397946 0.2930798808714945 0.38459320842334466 0.2930798808714945 0.38459320842334466 0.3074879240362908 0.13481238461397946 0.3074879240362908
1 0.5006261443064185 0.21477529845412288 0.7167485592336704 0.21477529845412288 0.7167485592336704 0.2323155249156141 0.5006261443064185 0.2323155249156141
0 0.49974039670425763 0.23419483489363105 0.7326920160725662 0.23419483489363105 0.7326920160725662 0.26802241449793557 0.49974039670425763 0.26802241449793557
2 0.5643999716620011 0.2749132177506643 0.6804329075450748 0.2749132177506643 0.6804329075450748 0.2930798808714945 0.5643999716620011 0.2930798808714945
6 0.13800118596979455 0.3953349000690233 0.3337514060473467 0.3953349000690233 0.3337514060473467 0.4366797195853955 0.13800118596979455 0.4366797195853955
6 0.13888693357195542 0.4460762694754801 0.3665240673272988 0.4460762694754801 0.3665240673272988 0.47301304582705594 0.13888693357195542 0.47301304582705594
6 0.13888693357195542 0.48366246903581855 0.3231224348214162 0.48366246903581855 0.3231224348214162 0.5005762588379707 0.13888693357195542 0.5005762588379707
9 0.4019539714137336 0.3972142100470403 0.4462413515217771 0.3972142100470403 0.4462413515217771 0.41224868987117563 0.4019539714137336 0.41224868987117563
9 0.4046112142202162 0.44920845277217497 0.44801284672609876 0.44920845277217497 0.44801284672609876 0.4611107492996156 0.4046112142202162 0.4611107492996156
9 0.40549696182237704 0.4824095957171405 0.4471270991239379 0.4824095957171405 0.4471270991239379 0.49556476556325896 0.40549696182237704 0.49556476556325896
10 0.46484205116715527 0.40034639334373506 0.5064721884687161 0.40034639334373506 0.5064721884687161 0.4128751265305146 0.46484205116715527 0.4128751265305146
10 0.46484205116715527 0.4460762694754801 0.5109009264795205 0.4460762694754801 0.5109009264795205 0.46361649593697135 0.46484205116715527 0.46361649593697135
10 0.46484205116715527 0.4824095957171405 0.5038149456622335 0.4824095957171405 0.5038149456622335 0.4980705122006148 0.46484205116715527 0.4980705122006148
7 0.5826464822545508 0.39470846340968435 0.615419143534503 0.39470846340968435 0.615419143534503 0.4109958165524977 0.5826464822545508 0.4109958165524977
7 0.5782177442437466 0.4435705228381243 0.6171906387388248 0.4435705228381243 0.6171906387388248 0.45985787598093747 0.5782177442437466 0.45985787598093747
7 0.5844179774588726 0.48303603237647946 0.615419143534503 0.48303603237647946 0.615419143534503 0.5024555688159877 0.5844179774588726 0.5024555688159877
8 0.6774214756857638 0.39470846340968435 0.7190516129873248 0.39470846340968435 0.7190516129873248 0.4141279998491925 0.6774214756857638 0.4141279998491925
8 0.6747642328792813 0.4448233961568022 0.7137371273743595 0.4448233961568022 0.7137371273743595 0.45735212934358155 0.6747642328792813 0.45735212934358155
8 0.6783072232879248 0.48115672239846263 0.7199373605894858 0.48115672239846263 0.7199373605894858 0.497444075541276 0.6783072232879248 0.497444075541276
11 0.7668819835040117 0.3934555900910064 0.8111693636120553 0.3934555900910064 0.8111693636120553 0.4147544365085316 0.7668819835040117 0.4147544365085316
11 0.7704250524755377 0.4429440861787847 0.8049691303969284 0.4429440861787847 0.8049691303969284 0.4598578759809368 0.7704250524755377 0.4598578759809368
11 0.7721964691169768 0.4817831590578016 0.8076263732034117 0.4817831590578016 0.8076263732034117 0.49807051220061493 0.7721964691169768 0.49807051220061493
5 0.8660857149460289 0.3959613367283623 0.9086015998497506 0.3959613367283623 0.9086015998497506 0.4103693798931587 0.8660857149460289 0.4103693798931587
5 0.8669714625481899 0.44294408617878533 0.9103730950540725 0.44294408617878533 0.9103730950540725 0.46173718595895447 0.8669714625481899 0.46173718595895447
5 0.8696286997430378 0.4824095957171405 0.9094873474519114 0.4824095957171405 0.9094873474519114 0.49744407554127595 0.8696286997430378 0.49744407554127595
19 0.3948679905964466 0.5813865878926981 0.44181261351097273 0.5813865878926981 0.44181261351097273 0.5976739410355116 0.3948679905964466 0.5976739410355116
17 0.5781292418736154 0.6094410245671582 0.6445603120356806 0.6094410245671582 0.6445603120356806 0.6244755043912934 0.5781292418736154 0.6244755043912934
18 0.6994766633696544 0.6088145879078192 0.7579360051122718 0.6088145879078192 0.7579360051122718 0.6232226310726156 0.6994766633696544 0.6232226310726156
16 0.8473964792607124 0.6088145942332306 0.9085130638098124 0.6088145942332306 0.9085130638098124 0.6257283840353828 0.8473964792607124 0.6257283840353828
