4 0.21433493848193388 0.025851938895417162 0.33396374135557144 0.025851938895417162 0.33396374135557144 0.0481786133960047 0.21433493848193388 0.0481786133960047
3 0.47519218919250467 0.05405405405405405 0.6114361035763696 0.05405405405405405 0.6114361035763696 0.08108108108108109 0.47519218919250467 0.08108108108108109
14 0.07642951294704618 0.2115158636897766 0.1927352935186382 0.2115158636897766 0.1927352935186382 0.23031727379553468 0.07642951294704618 0.23031727379553468
1 0.49346881185375474 0.21386603995299647 0.7044807280336433 0.21386603995299647 0.7044807280336433 0.23031727379553465 0.49346881185375474 0.23031727379553465
13 0.08141404640011443 0.23266745005875442 0.3671939643760263 0.23266745005875442 0.3671939643760263 0.2608695652173913 0.08141404640011443 0.2608695652173913
15 0.14621298129000143 0.27379553466509987 0.26584178416363896 0.27379553466509987 0.26584178416363896 0.29142185663924797 0.14621298129000143 0.29142185663924797
12 0.1345824032328422 0.2925969447708578 0.39543965394341296 0.2925969447708578 0.39543965394341296 0.31022326674500583 0.1345824032328422 0.31022326674500583
0 0.49346881185375474 0.23149236192714454 0.7044807280336433 0.23149236192714454 0.7044807280336433 0.26086956521739124 0.49346881185375474 0.26086956521739124
2 0.5615907690456873 0.27497062279670975 0.6862041053723931 0.27497062279670975 0.6862041053723931 0.29377203290246773 0.5615907690456873 0.29377203290246773
6 0.13624391438386496 0.3913043478260869 0.3422712971106851 0.3913043478260869 0.3422712971106851 0.43478260869565216 0.13624391438386496 0.43478260869565216
6 0.1345824032328422 0.43830787309048186 0.3605479197719353 0.43830787309048186 0.3605479197719353 0.4888366627497062 0.1345824032328422 0.4888366627497062
9 0.4004241873964812 0.3877790834312573 0.44694649962511807 0.3877790834312573 0.44694649962511807 0.41010575793184484 0.4004241873964812 0.41010575793184484
9 0.40540872084954943 0.44653349001175086 0.4519310330781863 0.44653349001175086 0.4519310330781863 0.46298472385428907 0.40540872084954943 0.46298472385428907
10 0.4552540553802317 0.3983548766157461 0.511745434515005 0.3983548766157461 0.511745434515005 0.4077555816686251 0.4552540553802317 0.4077555816686251
10 0.46023858883329993 0.44653349001175086 0.5084224122129595 0.44653349001175086 0.5084224122129595 0.4606345475910693 0.46023858883329993 0.4606345475910693
7 0.5537992225251679 0.39588623620734836 0.6218892908684263 0.39588623620734836 0.6218892908684263 0.4111356553048058 0.5537992225251679 0.4111356553048058
7 0.562877898304269 0.44323969550997966 0.6196196219236509 0.44323969550997966 0.6196196219236509 0.4568839125971785 0.562877898304269 0.4568839125971785
8 0.6423163113714039 0.39187323118170153 0.7217547244385386 0.39187323118170153 0.7217547244385386 0.4135434583201939 0.6423163113714039 0.4135434583201939
8 0.6627433318743813 0.44564749852536756 0.7228895589109262 0.44564749852536756 0.7228895589109262 0.4592917156125664 0.6627433318743813 0.4592917156125664
11 0.7694177722788195 0.39588623620734836 0.8102718132847745 0.39588623620734836 0.8102718132847745 0.4111356553048058 0.7694177722788195 0.4111356553048058
11 0.7682829378064318 0.4400292914894621 0.8080021443399992 0.4400292914894621 0.8080021443399992 0.4649099226484717 0.7682829378064318 0.4649099226484717
5 0.8306988337877519 0.39267583218683094 0.9101372468548866 0.39267583218683094 0.9101372468548866 0.41193825630993514 0.8306988337877519 0.41193825630993514
5 0.8545303577078922 0.4424370945048502 0.9078675779101112 0.4424370945048502 0.9078675779101112 0.4592917156125663 0.8545303577078922 0.4592917156125663
19 0.3915178929737355 0.5676428513050276 0.4459899476483422 0.5676428513050276 0.4459899476483422 0.5844974724127437 0.3915178929737355 0.5844974724127437
17 0.546990215690842 0.5933260834691666 0.6457208147885668 0.5933260834691666 0.6457208147885668 0.6109833055820121 0.546990215690842 0.6109833055820121
18 0.6695523387087071 0.5949312854794252 0.7603390964997182 0.5949312854794252 0.7603390964997182 0.6101807045768828 0.6695523387087071 0.6101807045768828
16 0.8182156545914878 0.5933260834691666 0.9192159226339878 0.5933260834691666 0.9192159226339878 0.6133911085974002 0.8182156545914878 0.6133911085974002
