4 0.21079751256049417 0.027761515922743802 0.32628767980364953 0.027761515922743802 0.32628767980364953 0.046793587127622105 0.21079751256049417 0.046793587127622105
3 0.4720518765317451 0.05551661976319133 0.6054822169290791 0.05551661976319133 0.6054822169290791 0.07692769986867944 0.4720518765317451 0.07692769986867944
14 0.08409475235126097 0.21411721313717727 0.3004985817351726 0.21411721313717727 0.3004985817351726 0.22918426950770593 0.08409475235126097 0.22918426950770593
13 0.08409475235126097 0.23156327840831575 0.2668606807946682 0.23156327840831575 0.2668606807946682 0.2609043881825031 0.08409475235126097 0.2609043881825031
15 0.1457642374088524 0.2759714445530318 0.2612543639712508 0.2759714445530318 0.2612543639712508 0.2894524949898206 0.1457642374088524 0.2894524949898206
12 0.13567286712670107 0.29341750982417025 0.38235080735706656 0.29341750982417025 0.38235080735706656 0.3045195513603493 0.13567286712670107 0.3045195513603493
1 0.5034472507428824 0.21728922500465703 0.6279074842227488 0.21728922500465703 0.6279074842227488 0.22839126654083602 0.5034472507428824 0.22839126654083602
0 0.4978409339194648 0.23235625763791215 0.6985470761978076 0.23235625763791215 0.6985470761978076 0.2593183585114897 0.4978409339194648 0.2593183585114897
2 0.5673592625298407 0.2759714445530318 0.6727580188100878 0.2759714445530318 0.6727580188100878 0.2894524949898206 0.5673592625298407 0.2894524949898206
6 0.14372557674579145 0.39809877320538734 0.3557462857041221 0.39809877320538734 0.3557462857041221 0.4334234508205024 0.14372557674579145 0.4334234508205024
6 0.14576423740885233 0.44856259836983736 0.35778494636718305 0.44856259836983736 0.35778494636718305 0.46730630485949026 0.14576423740885233 0.46730630485949026
6 0.13760959475660878 0.4853290887714096 0.36797824968248716 0.4853290887714096 0.36797824968248716 0.5105610121433045 0.13760959475660878 0.5105610121433045
6 0.14372557674579145 0.519932865388131 0.29560579614382637 0.519932865388131 0.29560579614382637 0.5307465422090847 0.14372557674579145 0.5307465422090847
6 0.13760959475660883 0.5430020426061654 0.36084293736177425 0.5430020426061654 0.36084293736177425 0.5819312791615983 0.13760959475660883 0.5819312791615983
9 0.39753882929686996 0.3952151260531331 0.4413700335526786 0.3952151260531331 0.4413700335526786 0.4067497146621502 0.39753882929686996 0.4067497146621502
9 0.4077321326121743 0.4456789512175831 0.4474860155418613 0.4456789512175831 0.4474860155418613 0.45505080446240953 0.4077321326121743 0.45505080446240953
9 0.4077321326121743 0.48244545240882525 0.4464666852103309 0.48244545240882525 0.4464666852103309 0.49614277638203325 0.4077321326121743 0.49614277638203325
9 0.4026354809545222 0.519932865388131 0.4434086942157396 0.519932865388131 0.4434086942157396 0.5307465422090847 0.4026354809545222 0.5307465422090847
9 0.4026354809545222 0.5466066015464832 0.44238936388420913 0.5466066015464832 0.44238936388420913 0.5566993665793734 0.4026354809545222 0.5566993665793734
10 0.4637953316651036 0.3980987732053872 0.504568544926321 0.3980987732053872 0.504568544926321 0.4089124500263408 0.4637953316651036 0.4089124500263408
10 0.46481463117787875 0.4478416865817738 0.4994718624499136 0.4478416865817738 0.4994718624499136 0.45865536340272745 0.46481463117787875 0.45865536340272745
10 0.4637953008463483 0.48460818777301595 0.5035491837760352 0.48460818777301595 0.5035491837760352 0.4968636881700967 0.4637953008463483 0.4968636881700967
10 0.4637953008463483 0.523537424328449 0.4984525321183831 0.523537424328449 0.4984525321183831 0.5329092775732753 0.4637953008463483 0.5329092775732753
10 0.4627759705148179 0.5451647779703561 0.4994718624499135 0.5451647779703561 0.4994718624499135 0.5595830137316274 0.4627759705148179 0.5595830137316274
7 0.5698056553255135 0.39593603784119663 0.617714180907444 0.39593603784119663 0.617714180907444 0.41035427360246807 0.5698056553255135 0.41035427360246807
7 0.579998958640818 0.44279530406532885 0.6166948505759137 0.44279530406532885 0.6166948505759137 0.4629808341311089 0.579998958640818 0.4629808341311089
7 0.5759216373146963 0.48388727598495246 0.6126175292497918 0.48388727598495246 0.6126175292497918 0.498305511746224 0.5759216373146963 0.498305511746224
7 0.5698056553255135 0.519932865388131 0.6217915022335657 0.519932865388131 0.6217915022335657 0.5350720129374661 0.5698056553255135 0.5350720129374661
7 0.5749023069831658 0.5422811308181018 0.619752841570505 0.5422811308181018 0.619752841570505 0.5595830137316274 0.5749023069831658 0.5595830137316274
8 0.673777349141618 0.3973778614173237 0.7196472140604876 0.3973778614173237 0.7196472140604876 0.41540065611891297 0.673777349141618 0.41540065611891297
8 0.6778546704677397 0.44279530406532885 0.7216858747235484 0.44279530406532885 0.7216858747235484 0.4608180987669182 0.6778546704677397 0.4608180987669182
8 0.673777349141618 0.4817245406207617 0.7196472140604876 0.4817245406207617 0.7196472140604876 0.49470095280590604 0.673777349141618 0.49470095280590604
8 0.6727580188100876 0.5184910418120039 0.7135312320713049 0.5184910418120039 0.7135312320713049 0.531467453997148 0.6727580188100876 0.531467453997148
8 0.6707193581470267 0.540118395453911 0.7176085533974267 0.540118395453911 0.7176085533974267 0.5566993665793734 0.6707193581470267 0.5566993665793734
11 0.7706137306370094 0.3952151260531331 0.8083289529036357 0.3952151260531331 0.8083289529036357 0.41540065611891297 0.7706137306370094 0.41540065611891297
11 0.7655170789793572 0.44495803942951956 0.8083289529036356 0.44495803942951956 0.8083289529036356 0.4608180987669182 0.7655170789793572 0.4608180987669182
11 0.769594400305479 0.4817245406207617 0.8093482832351662 0.4817245406207617 0.8093482832351662 0.4990264235342874 0.769594400305479 0.4990264235342874
11 0.7726523913000701 0.5184910418120039 0.8032323012459833 0.5184910418120039 0.8032323012459833 0.5321883657852118 0.7726523913000701 0.5321883657852118
11 0.7675557396424182 0.5415602190300381 0.8093482832351662 0.5415602190300381 0.8093482832351662 0.560303925519691 0.7675557396424182 0.560303925519691
5 0.8664307818008703 0.3944942142650694 0.9112813163882095 0.3944942142650694 0.9112813163882095 0.41251700896665877 0.8664307818008703 0.41251700896665877
5 0.86541145146934 0.44279530406532885 0.9051653343990269 0.44279530406532885 0.9051653343990269 0.4622599223430453 0.86541145146934 0.4622599223430453
5 0.8592954694801574 0.48388727598495246 0.9051653343990271 0.48388727598495246 0.9051653343990271 0.49542186459396964 0.8592954694801574 0.49542186459396964
5 0.8664307818008703 0.5206537771761947 0.9102619860566791 0.5206537771761947 0.9102619860566791 0.5321883657852118 0.8664307818008703 0.5321883657852118
5 0.8664307818008703 0.5437229543942289 0.908223325393618 0.5437229543942289 0.908223325393618 0.5603039255196911 0.8664307818008703 0.5603039255196911
19 0.3947588374836052 0.6689394604252031 0.43460538680706756 0.6689394604252031 0.43460538680706756 0.68532381924483 0.3947588374836052 0.68532381924483
17 0.5643383380927595 0.6905668140671103 0.6440314367396842 0.6905668140671103 0.6440314367396842 0.7121941677090176 0.5643383380927595 0.7121941677090176
18 0.6931446254406963 0.6944990601838208 0.7515244535192577 0.6944990601838208 0.7515244535192577 0.7102280446506624 0.6931446254406963 0.7102280446506624
16 0.8386308636682221 0.697120557594961 0.9090573229375977 0.697120557594961 0.9090573229375977 0.7069511728867369 0.8386308636682221 0.7069511728867369
