4 0.21310764793429926 0.027710317063201706 0.33662864132296955 0.027710317063201706 0.33662864132296955 0.048830089956370226 0.21310764793429926 0.048830089956370226
3 0.4791528644637431 0.057469997049030094 0.5972443636375268 0.057469997049030094 0.5972443636375268 0.07954975961916082 0.4791528644637431 0.07954975961916082
14 0.08008503966957745 0.21490830407083183 0.22260926281035082 0.21490830407083183 0.22260926281035082 0.22738816987134047 0.08008503966957745 0.22738816987134047
13 0.07737029256213414 0.23122812857918937 0.32169753223203135 0.23122812857918937 0.32169753223203135 0.26386777759590435 0.07737029256213414 0.26386777759590435
15 0.14659634380193837 0.2744276640424886 0.2606157223145571 0.2744276640424886 0.2606157223145571 0.2907474885508461 0.14659634380193837 0.2907474885508461
12 0.13573735537216516 0.2917074782278083 0.39092358347183565 0.2917074782278083 0.39092358347183565 0.3080273027361658 0.13573735537216516 0.3080273027361658
1 0.5035855884307324 0.21394831439386955 0.6393229438028974 0.21394831439386955 0.6393229438028974 0.2293081492252649 0.5035855884307324 0.2293081492252649
0 0.5022282148770111 0.2302681389022271 0.6909031388443206 0.2302681389022271 0.6909031388443206 0.26482776727286655 0.5022282148770111 0.26482776727286655
2 0.5660247719019286 0.2763476433964129 0.6718999090922173 0.2763476433964129 0.6718999090922173 0.2945874472586948 0.5660247719019286 0.2945874472586948
6 0.141907235161809 0.3951152892219354 0.34921519609384305 0.3951152892219354 0.34921519609384305 0.42216954375450666 0.141907235161809 0.42216954375450666
6 0.1382053072880226 0.43351487630042357 0.3590870037572732 0.43351487630042357 0.3590870037572732 0.4719144633789117 0.1382053072880226 0.4719144633789117
6 0.14437518707766656 0.48064164226038636 0.3195997731035525 0.48064164226038636 0.3195997731035525 0.49809600002333554 0.14437518707766656 0.49809600002333554
6 0.14067325920388024 0.5085686146811051 0.3418113403462704 0.5085686146811051 0.3418113403462704 0.544350048095151 0.14067325920388024 0.544350048095151
6 0.1431412111197378 0.557440816417363 0.35538507588348683 0.557440816417363 0.35538507588348683 0.5949676856077036 0.1431412111197378 0.5949676856077036
6 0.13697133133009393 0.6036948644891783 0.29245230202911937 0.6036948644891783 0.29245230202911937 0.6211492222521275 0.13697133133009393 0.6211492222521275
6 0.1382053072880227 0.6324945547980445 0.34551326822005674 0.6324945547980445 0.34551326822005674 0.6682759882120903 0.1382053072880227 0.6682759882120903
9 0.40227616228478036 0.3951152892219354 0.44176339293850114 0.3951152892219354 0.44176339293850114 0.4082060575441473 0.40227616228478036 0.4082060575441473
9 0.4059780901585667 0.43264215841227616 0.44423134485435867 0.43264215841227616 0.44423134485435867 0.44660564462263547 0.4059780901585667 0.44660564462263547
9 0.4035101382427091 0.48151436014853394 0.4442313448543588 0.48151436014853394 0.4442313448543588 0.4946051284707458 0.4035101382427091 0.4946051284707458
9 0.4010421863268515 0.5033323073522205 0.44052941698057224 0.5033323073522205 0.44052941698057224 0.5207866651151696 0.4010421863268515 0.5207866651151696
9 0.40227616228478036 0.5548226627529205 0.43806146506471483 0.5548226627529205 0.43806146506471483 0.5705315847395748 0.40227616228478036 0.5705315847395748
9 0.3998082103689228 0.6054403002654731 0.4466992967702162 0.6054403002654731 0.4466992967702162 0.6220219401402749 0.3998082103689228 0.6220219401402749
9 0.39857423441099404 0.6307491190217496 0.44423134485435867 0.6307491190217496 0.44423134485435867 0.641221733679519 0.39857423441099404 0.641221733679519
10 0.4664429120970766 0.39860616077452526 0.5096320706245837 0.39860616077452526 0.5096320706245837 0.41082421120858964 0.4664429120970766 0.41082421120858964
10 0.4639749601812191 0.43613302996486597 0.49976026296115356 0.43613302996486597 0.49976026296115356 0.4500965161752254 0.4639749601812191 0.4500965161752254
10 0.4639749601812191 0.4832597959248289 0.5059301427507974 0.4832597959248289 0.5059301427507974 0.4972232821351882 0.4639749601812191 0.4972232821351882
10 0.4639749601812191 0.5076958967929577 0.5009942389190822 0.5076958967929577 0.5009942389190822 0.5242775366677594 0.4639749601812191 0.5242775366677594
10 0.45780508039157525 0.5600589700818053 0.5059301427507974 0.5600589700818053 0.5059301427507974 0.5740224562921646 0.45780508039157525 0.5740224562921646
10 0.46150700826536145 0.6071857360417681 0.5096320706245837 0.6071857360417681 0.5096320706245837 0.6202765043639802 0.46150700826536145 0.6202765043639802
10 0.46274098422329035 0.6298764011336021 0.5009942389190822 0.6298764011336021 0.5009942389190822 0.6490761946728463 0.46274098422329035 0.6490761946728463
7 0.5725648444789512 0.39598800711008286 0.6145200270485295 0.39598800711008286 0.6145200270485295 0.4125696469848846 0.5725648444789512 0.4125696469848846
7 0.5737988204368799 0.43264215841227616 0.6132860510906007 0.43264215841227616 0.6132860510906007 0.4492237982870778 0.5737988204368799 0.4492237982870778
7 0.5589911089417341 0.48151436014853394 0.6231578587540308 0.48151436014853394 0.6231578587540308 0.4954778463588932 0.5589911089417341 0.4954778463588932
7 0.562693036815521 0.5068231789048102 0.6157540030064583 0.5068231789048102 0.6157540030064583 0.5207866651151696 0.562693036815521 0.5207866651151696
7 0.567628940647236 0.5548226627529205 0.6268597866278173 0.5548226627529205 0.6268597866278173 0.5731497384040173 0.567628940647236 0.5731497384040173
7 0.5528212291520908 0.6080584539299156 0.6219238827961021 0.6080584539299156 0.6219238827961021 0.618531068587685 0.5528212291520908 0.618531068587685
7 0.562693036815521 0.6307491190217496 0.6243918347119597 0.6307491190217496 0.6243918347119597 0.6447126052321088 0.562693036815521 0.6447126052321088
8 0.6651130413236092 0.3968607249982304 0.7169400315566177 0.3968607249982304 0.7169400315566177 0.41256964698488463 0.6651130413236092 0.41256964698488463
8 0.6737508730291107 0.4335148763004236 0.7169400315566178 0.4335148763004236 0.7169400315566178 0.45009651617522534 0.6737508730291107 0.45009651617522534
8 0.6564752096181078 0.48064164226038636 0.7181740075145466 0.48064164226038636 0.7181740075145466 0.4998414357996304 0.6564752096181078 0.4998414357996304
8 0.6651130413236092 0.5068231789048102 0.715706055598689 0.5068231789048102 0.715706055598689 0.5251502545559069 0.6651130413236092 0.5251502545559069
8 0.6614111134498227 0.557440816417363 0.7194079834724753 0.557440816417363 0.7194079834724753 0.5740224562921646 0.6614111134498227 0.5740224562921646
8 0.6564752096181078 0.6054403002654731 0.7243438873041904 0.6054403002654731 0.7243438873041904 0.6220219401402749 0.6564752096181078 0.6220219401402749
8 0.6700489451553243 0.631621836909897 0.7120041277249027 0.631621836909897 0.7120041277249027 0.6499489125609936 0.6700489451553243 0.6499489125609936
11 0.7662990698737687 0.3968607249982304 0.8070202764854182 0.3968607249982304 0.8070202764854182 0.41344236487303204 0.7662990698737687 0.41344236487303204
11 0.7662990698737687 0.43176944052412874 0.8107222043592046 0.43176944052412874 0.8107222043592046 0.4500965161752254 0.7662990698737687 0.4500965161752254
11 0.7712349737054838 0.4832597959248289 0.8119561803171333 0.4832597959248289 0.8119561803171333 0.4963505642470407 0.7712349737054838 0.4963505642470407
11 0.7700009977475549 0.5059504610166629 0.8094882284012758 0.5059504610166629 0.8094882284012758 0.523404818779612 0.7700009977475549 0.523404818779612
11 0.7675330458316975 0.5530772269766256 0.8070202764854181 0.5530772269766256 0.8070202764854181 0.5714043026277223 0.7675330458316975 0.5714043026277223
11 0.7712349737054838 0.6010767108247359 0.8094882284012758 0.6010767108247359 0.8094882284012758 0.62027650436398 0.7712349737054838 0.62027650436398
11 0.7662990698737687 0.6281309653573072 0.8094882284012758 0.6281309653573072 0.8094882284012758 0.6490761946728462 0.7662990698737687 0.6490761946728462
5 0.8526773869287827 0.39860616077452526 0.9082063050355776 0.39860616077452526 0.9082063050355776 0.4125696469848846 0.8526773869287827 0.4125696469848846
5 0.8526773869287827 0.4335148763004236 0.9106742569514352 0.4335148763004236 0.9106742569514352 0.4492237982870779 0.8526773869287827 0.4492237982870779
5 0.8366356994757088 0.479768924372239 0.9045043771617914 0.479768924372239 0.9045043771617914 0.49635056424704066 0.8366356994757088 0.49635056424704066
5 0.8539113628867117 0.5076958967929577 0.9045043771617914 0.5076958967929577 0.9045043771617914 0.521659383003317 0.8539113628867117 0.521659383003317
5 0.8588472667184267 0.557440816417363 0.9057383531197202 0.557440816417363 0.9057383531197202 0.5705315847395748 0.8588472667184267 0.5705315847395748
5 0.8452735311812102 0.6054403002654731 0.9045043771617914 0.6054403002654731 0.9045043771617914 0.6194037864758326 0.8452735311812102 0.6194037864758326
5 0.856379314802569 0.6290036832454546 0.9069723290776489 0.6290036832454546 0.9069723290776489 0.6455853231202564 0.856379314802569 0.6455853231202564
19 0.3983396769975034 0.7544340460085378 0.436072826124251 0.7544340460085378 0.436072826124251 0.7710228984278695 0.3983396769975034 0.7710228984278695
17 0.5533515328695477 0.7775141885049996 0.6481943131070484 0.7775141885049996 0.6481943131070484 0.7955455498303604 0.5533515328695477 0.7955455498303604
18 0.6818482028687424 0.7811204607700717 0.7532352417571838 0.7811204607700717 0.7532352417571838 0.7955455498303604 0.6818482028687424 0.7955455498303604
16 0.8266619103281521 0.778235442958014 0.9153858015180723 0.778235442958014 0.9153858015180723 0.7969880587363891 0.8266619103281521 0.7969880587363891
