5 0.20590723146627712 0.02575697118532503 0.3445794485762189 0.02575697118532503 0.3445794485762189 0.05349524784644429 0.20590723146627712 0.05349524784644429
3 0.4790494772888896 0.05349524784644429 0.6121187765358034 0.05349524784644429 0.6121187765358034 0.0772709135559751 0.4790494772888896 0.0772709135559751
14 0.07984157954814826 0.20902772769629158 0.36278893163105963 0.20902772769629158 0.36278893163105963 0.23082208793002815 0.07984157954814826 0.23082208793002815
13 0.07914659417444522 0.23197436276706312 0.28266640776587587 0.23197436276706312 0.28266640776587587 0.2664209376546693 0.07914659417444522 0.2664209376546693
15 0.1443773036588781 0.273187229150449 0.26005309514460573 0.273187229150449 0.26005309514460573 0.29041051659425204 0.1443773036588781 0.29041051659425204
12 0.13741936131387195 0.2916407514116665 0.38877502852721996 0.2916407514116665 0.38877502852721996 0.31624544775995655 0.13741936131387195 0.31624544775995655
1 0.5001021060473188 0.21413595791455278 0.7531972588469182 0.21413595791455278 0.7531972588469182 0.2307441279496486 0.5001021060473188 0.2307441279496486
0 0.5007676367458068 0.23258948017577033 0.698199250785357 0.23258948017577033 0.698199250785357 0.2614999983850112 0.5007676367458068 0.2614999983850112
2 0.5625193750577366 0.27072675951562 0.6851531088884706 0.27072675951562 0.6851531088884706 0.29840704290744624 0.5625193750577366 0.29840704290744624
6 0.13776725843112225 0.3948574525927434 0.33102410706366875 0.3948574525927434 0.33102410706366875 0.43748508901615596 0.13776725843112225 0.43748508901615596
6 0.13681054135868392 0.4435747513623578 0.3463315802226823 0.4435747513623578 0.3463315802226823 0.4841725003370364 0.13681054135868392 0.4841725003370364
6 0.13681054135868392 0.4922920501319722 0.35302859972975076 0.4922920501319722 0.35302859972975076 0.5362729448545405 0.13681054135868392 0.5362729448545405
6 0.1387239755035606 0.5430392363503204 0.36833607288876435 0.5430392363503204 0.36833607288876435 0.5822837270258431 0.1387239755035606 0.5822837270258431
6 0.13681054135868392 0.5917565351199348 0.3520718826573125 0.5917565351199348 0.3520718826573125 0.6303243966458795 0.13681054135868392 0.6303243966458795
9 0.39895101920679155 0.3962107108918993 0.44583015575627066 0.3962107108918993 0.44583015575627066 0.4138030687809267 0.39895101920679155 0.4138030687809267
9 0.402777887496545 0.4462812679606696 0.44487343868383233 0.4462812679606696 0.44487343868383233 0.46116710925138515 0.402777887496545 0.46116710925138515
9 0.39990773627922993 0.4902621626832382 0.4429600045389556 0.4902621626832382 0.4429600045389556 0.5146208120680453 0.39990773627922993 0.5146208120680453
9 0.4008644533516683 0.5416859780511644 0.44487343868383245 0.5416859780511644 0.44487343868383245 0.5599549650897698 0.4008644533516683 0.5599549650897698
9 0.39895101920679155 0.5917565351199348 0.44583015575627066 0.5917565351199348 0.44583015575627066 0.6120554096072741 0.39895101920679155 0.6120554096072741
10 0.4659212142774759 0.3948574525927434 0.5032331801025716 0.3948574525927434 0.5032331801025716 0.4151563270800827 0.4659212142774759 0.4151563270800827
10 0.4649644972050375 0.4449280096615137 0.5061033313198866 0.4449280096615137 0.5061033313198866 0.46455025499927494 0.4649644972050375 0.46455025499927494
10 0.4640077801325993 0.4916154209823941 0.5032331801025716 0.4916154209823941 0.5032331801025716 0.5152974412176232 0.4640077801325993 0.5152974412176232
10 0.4611376289152842 0.5416859780511644 0.5061033313198866 0.5416859780511644 0.5061033313198866 0.5633381108376596 0.4611376289152842 0.5633381108376596
10 0.46209434598772264 0.5924331642695126 0.5051466142474483 0.5924331642695126 0.5051466142474483 0.6113787804576959 0.46209434598772264 0.6113787804576959
7 0.567333223955941 0.3948574525927434 0.6199526629400502 0.3948574525927434 0.6199526629400502 0.4171862145288166 0.567333223955941 0.4171862145288166
7 0.5663765068835026 0.4449280096615137 0.6209093800124885 0.4449280096615137 0.6209093800124885 0.46319699670011905 0.5663765068835026 0.46319699670011905
7 0.5625496385937493 0.4922920501319722 0.6237795312298036 0.4922920501319722 0.6237795312298036 0.5146208120680453 0.5625496385937493 0.5146208120680453
7 0.567333223955941 0.5423626072007424 0.6209093800124885 0.5423626072007424 0.6209093800124885 0.5599549650897698 0.567333223955941 0.5599549650897698
7 0.5635063556661876 0.5897266476712008 0.6199526629400502 0.5897266476712008 0.6199526629400502 0.6120554096072742 0.5635063556661876 0.6120554096072742
8 0.6610914970548992 0.3955340817423213 0.721364672618515 0.3955340817423213 0.721364672618515 0.4151563270800827 0.6610914970548992 0.4151563270800827
8 0.6649183653446525 0.4435747513623578 0.721364672618515 0.4435747513623578 0.721364672618515 0.4625203675505411 0.6649183653446525 0.4625203675505411
8 0.6515243263305157 0.4916154209823941 0.7204079555460768 0.4916154209823941 0.7204079555460768 0.5125909246193113 0.6515243263305157 0.5125909246193113
8 0.6658750824170909 0.5437158654998984 0.7309318433428986 0.5437158654998984 0.7309318433428986 0.5653679982863936 0.6658750824170909 0.5653679982863936
8 0.6639616482722143 0.5917565351199348 0.726148257980707 0.5917565351199348 0.726148257980707 0.6113787804576959 0.6639616482722143 0.6113787804576959
11 0.7692005262404327 0.3948574525927434 0.8151229457174735 0.3948574525927434 0.8151229457174735 0.41650958537923866 0.7692005262404327 0.41650958537923866
11 0.7692005262404327 0.4442513805119358 0.8112960774277201 0.4442513805119358 0.8112960774277201 0.4631969967001191 0.7692005262404327 0.4631969967001191
11 0.7682438091679942 0.49093879183281613 0.8179930969347884 0.49093879183281613 0.8179930969347884 0.5152974412176231 0.7682438091679942 0.5152974412176231
11 0.7663303750231175 0.5410093489015865 0.8112960774277201 0.5410093489015865 0.8112960774277201 0.5626614816880817 0.7663303750231175 0.5626614816880817
11 0.7701572433128709 0.5897266476712008 0.8074692091379666 0.5897266476712008 0.8074692091379666 0.6093488930089621 0.7701572433128709 0.6093488930089621
6 0.13681054135868392 0.639797204739971 0.3654659216714493 0.639797204739971 0.3654659216714493 0.6824248411633834 0.13681054135868392 0.6824248411633834
6 0.13681054135868392 0.6891911326591634 0.3625957704541343 0.6891911326591634 0.3625957704541343 0.731142139932998 0.13681054135868392 0.731142139932998
9 0.39990773627922993 0.640473833889549 0.44487343868383245 0.640473833889549 0.44487343868383245 0.6634792249752003 0.39990773627922993 0.6634792249752003
9 0.4008644533516683 0.6891911326591634 0.443916721611394 0.6891911326591634 0.443916721611394 0.7101666362960807 0.4008644533516683 0.7101666362960807
10 0.46305106306016086 0.640473833889549 0.5051466142474482 0.640473833889549 0.5051466142474482 0.6621259666760443 0.46305106306016086 0.6621259666760443
10 0.4611376289152842 0.6898677618087414 0.5051466142474483 0.6898677618087414 0.5051466142474483 0.7101666362960807 0.4611376289152842 0.7101666362960807
7 0.5663765068835026 0.639797204739971 0.6228228141573652 0.639797204739971 0.6228228141573652 0.6634792249752001 0.5663765068835026 0.6634792249752001
7 0.5606362044488725 0.6878378743600073 0.6180392287951735 0.6878378743600073 0.6180392287951735 0.7088133779969247 0.5606362044488725 0.7088133779969247
8 0.6658750824170909 0.639797204739971 0.7213646726185151 0.639797204739971 0.7213646726185151 0.6634792249752001 0.6658750824170909 0.6634792249752001
8 0.6620482141273375 0.6885145035095855 0.7204079555460768 0.6885145035095855 0.7204079555460768 0.7121965237448146 0.6620482141273375 0.7121965237448146
11 0.7711139603853092 0.641150463039127 0.8122527945001582 0.641150463039127 0.8122527945001582 0.6621259666760443 0.7711139603853092 0.6621259666760443
11 0.7672870920955559 0.6898677618087414 0.8045990579206516 0.6898677618087414 0.8045990579206516 0.7074601196977687 0.7672870920955559 0.7074601196977687
19 0.4010951126535932 0.8116610087327776 0.4431906638408806 0.8116610087327776 0.4431906638408806 0.8312832540705387 0.4010951126535932 0.8312832540705387
17 0.5493862588815375 0.8346663998184285 0.6498415514875641 0.8346663998184285 0.6498415514875641 0.8597016783528137 0.5493862588815375 0.8597016783528137
18 0.6766296295158378 0.8360196581175843 0.7579505806730974 0.8360196581175843 0.7579505806730974 0.8597016783528137 0.6766296295158378 0.8597016783528137
16 0.8239640586713435 0.8360196581175843 0.9186790488427401 0.8360196581175843 0.9186790488427401 0.8610549366519693 0.8239640586713435 0.8610549366519693
5 0.8516435151802482 0.3920188515692144 0.9202792590023405 0.3920188515692144 0.9202792590023405 0.4148038645408481 0.8516435151802482 0.4148038645408481
5 0.8488420562487342 0.4405608357261731 0.9188785295365834 0.4405608357261731 0.9188785295365834 0.4673084596493952 0.8488420562487342 0.4673084596493952
5 0.8432391383857063 0.4881121671452347 0.9146763411393125 0.4881121671452347 0.9146763411393125 0.5198130547579424 0.8432391383857063 0.5198130547579424
5 0.8474413267829771 0.5386354567779876 0.9160770706050696 0.5386354567779876 0.9160770706050696 0.5663737334391069 0.8474413267829771 0.5663737334391069
5 0.8502427857144913 0.5861867881970492 0.9188785295365837 0.5861867881970492 0.9188785295365837 0.6159063703339628 0.8502427857144913 0.6159063703339628
5 0.8488420562487342 0.6379803632057431 0.9202792590023405 0.6379803632057431 0.9202792590023405 0.6637373343910682 0.8488420562487342 0.6637373343910682
5 0.8446398678514634 0.6845410418869077 0.9188785295365834 0.6845410418869077 0.9188785295365834 0.7162419294996153 0.8446398678514634 0.7162419294996153
